0.0001	0.01	9.80706	7.10632	0.385409	0.0891831
0.0001	0.02	9.80706	7.10631	0.385409	0.0891831
0.0001	0.03	9.80705	7.1063	0.385409	0.0891833
0.0001	0.04	9.80705	7.10628	0.385409	0.0891833
0.0001	0.05	9.80704	7.10626	0.385409	0.0891835
0.0001	0.06	9.80702	7.10623	0.385409	0.0891835
0.0001	0.07	9.80701	7.1062	0.385409	0.0891835
0.0001	0.08	9.80699	7.10616	0.385409	0.0891835
0.0001	0.09	9.80697	7.10612	0.385409	0.0891835
0.0001	0.1	9.80695	7.10607	0.385409	0.0891836
0.0001	0.2	9.8066	7.10532	0.385409	0.0891837
0.0001	0.3	9.80602	7.10408	0.385409	0.0891842
0.0001	0.4	9.80522	7.10234	0.385409	0.0891856
0.0001	0.5	9.80419	7.10013	0.385411	0.0891865
0.0001	0.6	9.80293	7.09744	0.385415	0.0891879
0.0001	0.7	9.80145	7.09428	0.385415	0.0891893
0.0001	0.8	9.79976	7.09067	0.385416	0.089193
0.0001	0.9	9.79784	7.08662	0.385422	0.0891947
0.0001	1	9.79572	7.08214	0.385423	0.0891976
0.0001	2	9.76418	7.01808	0.385452	0.0892317
0.0001	3	9.71883	6.93399	0.385499	0.0892701
0.0001	4	9.66767	6.85	0.385547	0.0893024
0.0001	5	9.61785	6.77892	0.385589	0.0893272
0.0001	6	9.57423	6.72527	0.385624	0.0893357
0.0001	7	9.53905	6.68801	0.38565	0.0893388
0.0001	8	9.51252	6.6637	0.385673	0.0893381
0.0001	9	9.49357	6.64858	0.385683	0.0893353
0.0001	10	9.48063	6.63951	0.385698	0.0893327
0.0001	20	9.45854	6.6274	0.385719	0.0893201
0.0001	30	9.45841	6.62734	0.385718	0.0893198
0.0001	40	9.45841	6.62734	0.385718	0.0893198
0.0001	50	9.45841	6.62734	0.385718	0.0893198
0.0001	60	9.45841	6.62734	0.385718	0.0893198
0.0001	70	9.45841	6.62734	0.385718	0.0893198
0.0001	80	9.45841	6.62734	0.385718	0.0893198
0.0001	90	9.45841	6.62734	0.385718	0.0893198
			
0.0002	0.01	9.80706	7.10632	0.385158	0.0892794
0.0002	0.02	9.80706	7.1063	0.385158	0.0892794
0.0002	0.03	9.80704	7.10627	0.385158	0.0892796
0.0002	0.04	9.80703	7.10624	0.385158	0.0892796
0.0002	0.05	9.80701	7.10619	0.385158	0.0892796
0.0002	0.06	9.80698	7.10614	0.385158	0.0892796
0.0002	0.07	9.80695	7.10607	0.385158	0.0892796
0.0002	0.08	9.80692	7.106	0.385158	0.0892799
0.0002	0.09	9.80688	7.10591	0.385158	0.0892799
0.0002	0.1	9.80683	7.10582	0.385158	0.0892799
0.0002	0.2	9.80614	7.10432	0.385161	0.0892798
0.0002	0.3	9.80498	7.10183	0.385161	0.0892827
0.0002	0.4	9.80337	7.09837	0.385161	0.0892836
0.0002	0.5	9.80131	7.09394	0.385161	0.0892879
0.0002	0.6	9.7988	7.08856	0.385163	0.0892895
0.0002	0.7	9.79584	7.08225	0.385165	0.0892923
0.0002	0.8	9.79245	7.07504	0.385176	0.0892966
0.0002	0.9	9.78863	7.06696	0.385176	0.0893011
0.0002	1	9.78439	7.05802	0.385179	0.0893067
0.0002	2	9.72145	6.93067	0.385242	0.0893719
0.0002	3	9.63132	6.76491	0.385327	0.08945
0.0002	4	9.53018	6.60115	0.385423	0.0895198
0.0002	5	9.4323	6.46423	0.385512	0.0895636
0.0002	6	9.34715	6.36215	0.385584	0.089589
0.0002	7	9.27896	6.29212	0.385643	0.0895929
0.0002	8	9.22786	6.24696	0.385677	0.0895918
0.0002	9	9.19158	6.2192	0.385706	0.0895824
0.0002	10	9.16697	6.20276	0.385724	0.0895742
0.0002	20	9.12538	6.1815	0.385767	0.0895553
0.0002	30	9.12514	6.18141	0.385767	0.0895551
0.0002	40	9.12514	6.1814	0.385767	0.0895551
0.0002	50	9.12514	6.1814	0.385767	0.0895551
0.0002	60	9.12514	6.1814	0.385767	0.0895551
0.0002	70	9.12514	6.1814	0.385767	0.0895551
0.0002	80	9.12514	6.1814	0.385767	0.0895551
0.0002	90	9.12514	6.1814	0.385767	0.0895551
			
0.0003	0.01	9.80706	7.10631	0.384905	0.0893787
0.0003	0.02	9.80705	7.10629	0.384905	0.0893787
0.0003	0.03	9.80703	7.10625	0.384905	0.0893788
0.0003	0.04	9.80701	7.1062	0.384905	0.0893788
0.0003	0.05	9.80698	7.10613	0.384905	0.0893788
0.0003	0.06	9.80694	7.10605	0.384905	0.0893788
0.0003	0.07	9.80689	7.10595	0.384905	0.0893788
0.0003	0.08	9.80684	7.10584	0.384905	0.0893788
0.0003	0.09	9.80678	7.10571	0.384905	0.0893788
0.0003	0.1	9.80672	7.10557	0.384905	0.0893788
0.0003	0.2	9.80568	7.10332	0.384905	0.0893799
0.0003	0.3	9.80394	7.09959	0.384909	0.0893815
0.0003	0.4	9.80153	7.09439	0.384914	0.0893844
0.0003	0.5	9.79843	7.08775	0.384914	0.089387
0.0003	0.6	9.79466	7.07969	0.384914	0.0893918
0.0003	0.7	9.79023	7.07024	0.384922	0.0893972
0.0003	0.8	9.78515	7.05944	0.384931	0.0894013
0.0003	0.9	9.77943	7.04733	0.384932	0.0894075
0.0003	1	9.77308	7.03397	0.384942	0.089415
0.0003	2	9.6789	6.84407	0.385031	0.0895138
0.0003	3	9.54456	6.59908	0.385163	0.0896333
0.0003	4	9.3946	6.3598	0.385305	0.0897362
0.0003	5	9.25041	6.16231	0.385437	0.0898034
0.0003	6	9.12585	6.01703	0.385545	0.0898342
0.0003	7	9.02681	5.9187	0.385624	0.0898463
0.0003	8	8.95311	5.85616	0.385686	0.0898412
0.0003	9	8.90115	5.81827	0.385729	0.0898321
0.0003	10	8.8661	5.79617	0.385757	0.0898202
0.0003	20	8.80763	5.76869	0.38582	0.0897866
0.0003	30	8.8073	5.76858	0.38582	0.0897866
0.0003	40	8.8073	5.76858	0.38582	0.0897866
0.0003	50	8.8073	5.76858	0.38582	0.0897866
0.0003	60	8.8073	5.76858	0.38582	0.0897866
0.0003	70	8.8073	5.76858	0.38582	0.0897866
0.0003	80	8.8073	5.76858	0.38582	0.0897866
0.0003	90	8.8073	5.76858	0.38582	0.0897866
			
0.0004	0.01	9.80706	7.10631	0.384648	0.0894748
0.0004	0.02	9.80705	7.10628	0.384648	0.0894748
0.0004	0.03	9.80702	7.10623	0.384648	0.0894748
0.0004	0.04	9.80699	7.10616	0.384648	0.0894747
0.0004	0.05	9.80695	7.10607	0.384648	0.0894747
0.0004	0.06	9.8069	7.10596	0.384648	0.0894747
0.0004	0.07	9.80684	7.10583	0.384651	0.0894751
0.0004	0.08	9.80677	7.10568	0.384651	0.0894751
0.0004	0.09	9.80669	7.10551	0.384651	0.0894761
0.0004	0.1	9.8066	7.10532	0.384651	0.0894764
0.0004	0.2	9.80521	7.10232	0.384654	0.0894777
0.0004	0.3	9.8029	7.09735	0.384652	0.0894801
0.0004	0.4	9.79968	7.09042	0.384662	0.0894836
0.0004	0.5	9.79555	7.08157	0.384663	0.0894878
0.0004	0.6	9.79053	7.07083	0.38467	0.0894933
0.0004	0.7	9.78463	7.05824	0.384676	0.0894999
0.0004	0.8	9.77786	7.04386	0.384681	0.0895083
0.0004	0.9	9.77023	7.02775	0.384693	0.0895182
0.0004	1	9.76178	7.00997	0.384696	0.089526
0.0004	2	9.63651	6.75829	0.384824	0.0896599
0.0004	3	9.45853	6.43651	0.385	0.0898168
0.0004	4	9.26094	6.12597	0.385187	0.0899543
0.0004	5	9.07219	5.87318	0.385356	0.0900414
0.0004	6	8.91034	5.68996	0.385503	0.0900877
0.0004	7	8.78262	5.56782	0.385612	0.090103
0.0004	8	8.6883	5.49138	0.385691	0.0900971
0.0004	9	8.62229	5.44584	0.385747	0.090082
0.0004	10	8.57807	5.41979	0.385785	0.0900668
0.0004	20	8.5053	5.38902	0.385869	0.0900258
0.0004	30	8.50491	5.38891	0.385871	0.0900254
0.0004	40	8.50491	5.38891	0.385871	0.0900254
0.0004	50	8.50491	5.38891	0.385871	0.0900254
0.0004	60	8.50491	5.38891	0.385871	0.0900254
0.0004	70	8.50491	5.38891	0.385871	0.0900254
0.0004	80	8.50491	5.38891	0.385871	0.0900254
0.0004	90	8.50491	5.38891	0.385871	0.0900254
			
0.0005	0.01	9.80706	7.10631	0.3844	0.0895701
0.0005	0.02	9.80704	7.10627	0.3844	0.0895701
0.0005	0.03	9.80701	7.10621	0.3844	0.0895701
0.0005	0.04	9.80697	7.10612	0.3844	0.0895701
0.0005	0.05	9.80692	7.106	0.3844	0.0895701
0.0005	0.06	9.80686	7.10587	0.3844	0.0895701
0.0005	0.07	9.80678	7.10571	0.3844	0.0895701
0.0005	0.08	9.80669	7.10552	0.3844	0.0895705
0.0005	0.09	9.80659	7.1053	0.3844	0.0895705
0.0005	0.1	9.80648	7.10507	0.3844	0.0895706
0.0005	0.2	9.80475	7.10133	0.384399	0.089572
0.0005	0.3	9.80186	7.0951	0.384405	0.0895777
0.0005	0.4	9.79784	7.08645	0.38441	0.0895838
0.0005	0.5	9.79268	7.07539	0.384412	0.0895902
0.0005	0.6	9.78641	7.06197	0.384419	0.0895949
0.0005	0.7	9.77903	7.04626	0.384433	0.0896047
0.0005	0.8	9.77057	7.02831	0.384437	0.0896159
0.0005	0.9	9.76105	7.0082	0.384447	0.0896251
0.0005	1	9.75047	6.98603	0.384458	0.0896386
0.0005	2	9.59429	6.67335	0.384615	0.0898033
0.0005	3	9.37324	6.2772	0.384826	0.0899991
0.0005	4	9.12919	5.89967	0.385068	0.0901695
0.0005	5	8.89765	5.59688	0.385287	0.0902834
0.0005	6	8.70063	5.38096	0.385463	0.0903387
0.0005	7	8.54641	5.23952	0.385601	0.0903576
0.0005	8	8.43345	5.15263	0.3857	0.0903504
0.0005	9	8.35503	5.10195	0.385765	0.0903338
0.0005	10	8.3029	5.07363	0.385809	0.0903132
0.0005	20	8.21843	5.0425	0.385923	0.090259
0.0005	30	8.21799	5.04239	0.385924	0.0902588
0.0005	40	8.21799	5.04239	0.385924	0.0902588
0.0005	50	8.21799	5.04239	0.385924	0.0902588
0.0005	60	8.21799	5.04239	0.385924	0.0902588
0.0005	70	8.21799	5.04239	0.385924	0.0902588
0.0005	80	8.21799	5.04239	0.385924	0.0902588
0.0005	90	8.21799	5.04239	0.385924	0.0902588
			
0.0006	0.01	9.80706	7.10631	0.384147	0.0896746
0.0006	0.02	9.80704	7.10626	0.384147	0.0896746
0.0006	0.03	9.807	7.10618	0.384147	0.0896746
0.0006	0.04	9.80695	7.10608	0.384147	0.0896746
0.0006	0.05	9.80689	7.10594	0.384147	0.0896746
0.0006	0.06	9.80681	7.10578	0.384147	0.0896746
0.0006	0.07	9.80672	7.10558	0.384147	0.0896747
0.0006	0.08	9.80662	7.10536	0.384147	0.0896748
0.0006	0.09	9.8065	7.1051	0.384147	0.0896746
0.0006	0.1	9.80637	7.10482	0.384147	0.0896746
0.0006	0.2	9.80429	7.10033	0.384149	0.0896768
0.0006	0.3	9.80082	7.09286	0.384154	0.0896791
0.0006	0.4	9.79599	7.08248	0.38416	0.089684
0.0006	0.5	9.7898	7.06921	0.384167	0.0896923
0.0006	0.6	9.78228	7.05313	0.384171	0.0897007
0.0006	0.7	9.77343	7.03429	0.384182	0.08971
0.0006	0.8	9.76329	7.01278	0.384197	0.0897227
0.0006	0.9	9.75186	6.9887	0.384205	0.0897342
0.0006	1	9.73919	6.96215	0.384216	0.0897489
0.0006	2	9.55225	6.58922	0.384408	0.0899459
0.0006	3	9.2887	6.12117	0.384662	0.0901818
0.0006	4	8.99937	5.68092	0.38495	0.0903862
0.0006	5	8.7268	5.33342	0.385205	0.0905228
0.0006	6	8.49672	5.09007	0.385425	0.0905928
0.0006	7	8.3182	4.93381	0.385586	0.0906137
0.0006	8	8.18859	4.83994	0.385707	0.0906049
0.0006	9	8.09938	4.78658	0.385789	0.0905845
0.0006	10	8.0406	4.75769	0.385845	0.0905631
0.0006	20	7.94703	4.72907	0.385976	0.0905002
0.0006	30	7.94656	4.72899	0.385979	0.0904996
0.0006	40	7.94655	4.72899	0.385979	0.0904996
0.0006	50	7.94655	4.72899	0.385979	0.0904996
0.0006	60	7.94655	4.72899	0.385979	0.0904996
0.0006	70	7.94655	4.72899	0.385979	0.0904996
0.0006	80	7.94655	4.72899	0.385979	0.0904996
0.0006	90	7.94655	4.72899	0.385979	0.0904996
			
0.0007	0.01	9.80706	7.1063	0.383898	0.089771
0.0007	0.02	9.80703	7.10625	0.383898	0.089771
0.0007	0.03	9.80699	7.10616	0.383898	0.089771
0.0007	0.04	9.80693	7.10604	0.383898	0.0897714
0.0007	0.05	9.80686	7.10588	0.383898	0.0897715
0.0007	0.06	9.80677	7.10569	0.383898	0.0897714
0.0007	0.07	9.80667	7.10546	0.383898	0.0897717
0.0007	0.08	9.80654	7.1052	0.383898	0.0897717
0.0007	0.09	9.80641	7.1049	0.383898	0.0897717
0.0007	0.1	9.80625	7.10457	0.383898	0.0897726
0.0007	0.2	9.80382	7.09933	0.383901	0.0897769
0.0007	0.3	9.79978	7.09062	0.383904	0.0897811
0.0007	0.4	9.79414	7.07851	0.383913	0.0897872
0.0007	0.5	9.78693	7.06304	0.383922	0.0897964
0.0007	0.6	9.77816	7.04429	0.383926	0.0898041
0.0007	0.7	9.76784	7.02233	0.383939	0.0898182
0.0007	0.8	9.756	6.99727	0.383948	0.0898314
0.0007	0.9	9.74268	6.96923	0.383959	0.0898429
0.0007	1	9.72791	6.93833	0.383977	0.0898612
0.0007	2	9.51037	6.50592	0.384196	0.0900908
0.0007	3	9.20489	5.96841	0.384498	0.0903663
0.0007	4	8.87147	5.46973	0.384828	0.0906053
0.0007	5	8.55965	5.08283	0.385131	0.0907628
0.0007	6	8.29865	4.81729	0.385384	0.0908462
0.0007	7	8.09799	4.65069	0.385574	0.0908723
0.0007	8	7.95371	4.55329	0.385716	0.0908633
0.0007	9	7.85537	4.49971	0.385811	0.0908387
0.0007	10	7.79119	4.47193	0.385876	0.0908136
0.0007	20	7.6911	4.44868	0.386023	0.0907389
0.0007	30	7.69062	4.44864	0.386027	0.090738
0.0007	40	7.69062	4.44864	0.386027	0.090738
0.0007	50	7.69062	4.44864	0.386027	0.090738
0.0007	60	7.69062	4.44864	0.386027	0.090738
0.0007	70	7.69062	4.44864	0.386027	0.090738
0.0007	80	7.69062	4.44864	0.386027	0.090738
0.0007	90	7.69062	4.44864	0.386027	0.090738
			
0.0008	0.01	9.80706	7.1063	0.383651	0.0898725
0.0008	0.02	9.80703	7.10624	0.383651	0.0898725
0.0008	0.03	9.80698	7.10614	0.383651	0.0898725
0.0008	0.04	9.80692	7.106	0.383651	0.0898726
0.0008	0.05	9.80683	7.10582	0.383651	0.0898729
0.0008	0.06	9.80673	7.1056	0.383651	0.089873
0.0008	0.07	9.80661	7.10534	0.383651	0.089873
0.0008	0.08	9.80647	7.10504	0.383651	0.0898734
0.0008	0.09	9.80631	7.1047	0.383651	0.0898734
0.0008	0.1	9.80614	7.10432	0.383651	0.0898736
0.0008	0.2	9.80336	7.09833	0.383654	0.0898762
0.0008	0.3	9.79874	7.08838	0.38366	0.0898816
0.0008	0.4	9.7923	7.07454	0.383661	0.0898871
0.0008	0.5	9.78406	7.05687	0.383672	0.0898989
0.0008	0.6	9.77403	7.03546	0.383685	0.0899113
0.0008	0.7	9.76225	7.01039	0.383699	0.0899239
0.0008	0.8	9.74872	6.98179	0.383708	0.0899404
0.0008	0.9	9.73351	6.9498	0.383723	0.0899563
0.0008	1	9.71665	6.91457	0.383741	0.0899755
0.0008	2	9.46866	6.42345	0.383987	0.090237
0.0008	3	9.12183	5.81894	0.384335	0.0905501
0.0008	4	8.7455	5.26612	0.38471	0.0908213
0.0008	5	8.39619	4.84512	0.385058	0.0910071
0.0008	6	8.10641	4.56263	0.385345	0.0910976
0.0008	7	7.8858	4.39014	0.385561	0.0911289
0.0008	8	7.72885	4.29262	0.385723	0.091119
0.0008	9	7.62301	4.24129	0.385832	0.0910915
0.0008	10	7.55467	4.21626	0.385904	0.0910628
0.0008	20	7.45064	4.20122	0.386071	0.0909787
0.0008	30	7.45017	4.20124	0.38608	0.0909778
0.0008	40	7.45017	4.20124	0.38608	0.0909778
0.0008	50	7.45017	4.20124	0.38608	0.0909778
0.0008	60	7.45017	4.20124	0.38608	0.0909778
0.0008	70	7.45017	4.20124	0.38608	0.0909778
0.0008	80	7.45017	4.20124	0.38608	0.0909778
0.0008	90	7.45017	4.20124	0.38608	0.0909778
			
0.0009	0.01	9.80705	7.1063	0.383398	0.0899734
0.0009	0.02	9.80702	7.10623	0.383398	0.0899734
0.0009	0.03	9.80697	7.10611	0.383398	0.0899738
0.0009	0.04	9.8069	7.10596	0.383398	0.0899738
0.0009	0.05	9.8068	7.10575	0.383399	0.0899738
0.0009	0.06	9.80669	7.10551	0.383399	0.0899742
0.0009	0.07	9.80655	7.10521	0.383399	0.0899742
0.0009	0.08	9.8064	7.10488	0.383402	0.0899742
0.0009	0.09	9.80622	7.10449	0.383402	0.0899743
0.0009	0.1	9.80602	7.10407	0.383402	0.0899751
0.0009	0.2	9.8029	7.09733	0.383407	0.0899798
0.0009	0.3	9.7977	7.08614	0.383412	0.0899855
0.0009	0.4	9.79046	7.07058	0.38342	0.0899929
0.0009	0.5	9.78118	7.05071	0.383428	0.0900032
0.0009	0.6	9.7699	7.02663	0.383443	0.0900162
0.0009	0.7	9.75665	6.99846	0.38345	0.0900313
0.0009	0.8	9.74145	6.96634	0.383466	0.0900488
0.0009	0.9	9.72435	6.93042	0.383482	0.090069
0.0009	1	9.7054	6.89087	0.383504	0.0900878
0.0009	2	9.42711	6.34181	0.38378	0.0903819
0.0009	3	9.03951	5.67275	0.384173	0.0907339
0.0009	4	8.62146	5.07008	0.38459	0.0910399
0.0009	5	8.23644	4.62027	0.384981	0.0912471
0.0009	6	7.92	4.32606	0.385304	0.0913547
0.0009	7	7.68165	4.15212	0.38555	0.0913878
0.0009	8	7.51399	4.05788	0.385729	0.0913754
0.0009	9	7.40229	4.01121	0.385854	0.0913478
0.0009	10	7.33105	3.99059	0.38594	0.0913163
0.0009	20	7.22565	3.98654	0.386126	0.0912194
0.0009	30	7.22521	3.98663	0.386129	0.0912194
0.0009	40	7.2252	3.98663	0.386129	0.0912194
0.0009	50	7.2252	3.98663	0.386129	0.0912194
0.0009	60	7.2252	3.98663	0.386129	0.0912194
0.0009	70	7.2252	3.98663	0.386129	0.0912194
0.0009	80	7.2252	3.98663	0.386129	0.0912194
0.0009	90	7.2252	3.98663	0.386129	0.0912194
			
0.001	0.01	9.80705	7.1063	0.383151	0.090076
0.001	0.02	9.80702	7.10622	0.383151	0.090076
0.001	0.03	9.80696	7.10609	0.383151	0.0900759
0.001	0.04	9.80688	7.10592	0.383152	0.0900759
0.001	0.05	9.80677	7.10569	0.383152	0.0900759
0.001	0.06	9.80665	7.10542	0.383152	0.090076
0.001	0.07	9.8065	7.10509	0.383152	0.0900763
0.001	0.08	9.80632	7.10472	0.383152	0.0900765
0.001	0.09	9.80612	7.10429	0.383153	0.0900766
0.001	0.1	9.8059	7.10382	0.383153	0.0900766
0.001	0.2	9.80243	7.09633	0.383156	0.0900811
0.001	0.3	9.79666	7.0839	0.383165	0.0900889
0.001	0.4	9.78861	7.06661	0.383171	0.0900959
0.001	0.5	9.77831	7.04455	0.383185	0.0901103
0.001	0.6	9.76579	7.01782	0.383195	0.0901232
0.001	0.7	9.75106	6.98655	0.383207	0.0901402
0.001	0.8	9.73418	6.95091	0.383225	0.0901597
0.001	0.9	9.71519	6.91107	0.383244	0.0901809
0.001	1	9.69416	6.86722	0.383265	0.0902037
0.001	2	9.38574	6.26099	0.383575	0.090526
0.001	3	8.95793	5.52985	0.384004	0.0909201
0.001	4	8.49935	4.88163	0.384477	0.0912583
0.001	5	8.0804	4.4083	0.38491	0.0914887
0.001	6	7.73946	4.10756	0.385266	0.0916087
0.001	7	7.48554	3.93657	0.385538	0.0916463
0.001	8	7.30915	3.84899	0.385736	0.091636
0.001	9	7.19323	3.80937	0.385873	0.0916062
0.001	10	7.12034	3.79478	0.385966	0.0915688
0.001	20	7.01611	3.80447	0.386179	0.0914638
0.001	30	7.01572	3.80465	0.386182	0.0914629
0.001	40	7.01571	3.80465	0.386183	0.091463
0.001	50	7.01571	3.80465	0.386183	0.091463
0.001	60	7.01571	3.80465	0.386183	0.091463
0.001	70	7.01571	3.80465	0.386183	0.091463
0.001	80	7.01571	3.80465	0.386183	0.091463
0.001	90	7.01571	3.80465	0.386183	0.091463
			
0.002	0.01	9.80704	7.10628	0.380719	0.0911427
0.002	0.02	9.80697	7.10612	0.380719	0.0911427
0.002	0.03	9.80686	7.10586	0.380719	0.0911427
0.002	0.04	9.80669	7.10552	0.380719	0.0911428
0.002	0.05	9.80648	7.10506	0.380719	0.0911429
0.002	0.06	9.80623	7.10452	0.380719	0.0911436
0.002	0.07	9.80593	7.10386	0.380719	0.0911442
0.002	0.08	9.80558	7.10311	0.38072	0.0911445
0.002	0.09	9.80518	7.10226	0.38072	0.0911452
0.002	0.1	9.80474	7.10131	0.380722	0.0911446
0.002	0.2	9.7978	7.08635	0.380725	0.0911512
0.002	0.3	9.78626	7.06152	0.380741	0.091163
0.002	0.4	9.77018	7.02705	0.380753	0.0911812
0.002	0.5	9.74961	6.98314	0.380777	0.091203
0.002	0.6	9.72463	6.93009	0.380798	0.0912306
0.002	0.7	9.6953	6.86823	0.380828	0.0912617
0.002	0.8	9.66174	6.79795	0.38086	0.0913002
0.002	0.9	9.62405	6.71974	0.380901	0.0913387
0.002	1	9.58237	6.63408	0.380942	0.0913846
0.002	2	8.98134	5.49858	0.381551	0.0920108
0.002	3	8.18326	4.28234	0.382402	0.0927823
0.002	4	7.38512	3.41376	0.38332	0.0934648
0.002	5	6.72508	2.99107	0.384174	0.0939403
0.002	6	6.25661	2.90232	0.384887	0.0941975
0.002	7	5.96684	2.99255	0.385429	0.0942887
0.002	8	5.81124	3.14666	0.385821	0.094279
0.002	9	5.74141	3.30134	0.386092	0.0942255
0.002	10	5.71911	3.43025	0.38628	0.0941578
0.002	20	5.76285	3.71723	0.386702	0.0939551
0.002	30	5.76396	3.71899	0.386714	0.0939556
0.002	40	5.76397	3.719	0.386714	0.0939555
0.002	50	5.76397	3.719	0.386714	0.0939555
0.002	60	5.76397	3.719	0.386714	0.0939555
0.002	70	5.76397	3.719	0.386714	0.0939555
0.002	80	5.76397	3.719	0.386714	0.0939555
0.002	90	5.76397	3.719	0.386714	0.0939555
			
0.003	0.01	9.80703	7.10625	0.378363	0.0922823
0.003	0.02	9.80693	7.10601	0.378363	0.0922824
0.003	0.03	9.80675	7.10563	0.378363	0.0922823
0.003	0.04	9.80651	7.10512	0.378363	0.0922827
0.003	0.05	9.80619	7.10442	0.378363	0.0922836
0.003	0.06	9.80581	7.10361	0.378363	0.0922838
0.003	0.07	9.80536	7.10263	0.378363	0.0922852
0.003	0.08	9.80484	7.10151	0.378362	0.0922856
0.003	0.09	9.80424	7.10022	0.378362	0.0922863
0.003	0.1	9.80358	7.0988	0.378365	0.0922874
0.003	0.2	9.79317	7.07637	0.378378	0.0922982
0.003	0.3	9.77587	7.03918	0.378397	0.0923155
0.003	0.4	9.75177	6.98763	0.378417	0.0923416
0.003	0.5	9.72098	6.9221	0.378445	0.0923725
0.003	0.6	9.68361	6.84314	0.378483	0.092411
0.003	0.7	9.63981	6.75134	0.378529	0.0924564
0.003	0.8	9.58975	6.64747	0.378576	0.0925098
0.003	0.9	9.53364	6.53237	0.378631	0.0925692
0.003	1	9.47169	6.40693	0.378691	0.0926316
0.003	2	8.59398	4.81975	0.379589	0.093542
0.003	3	7.48378	3.36482	0.380843	0.0946763
0.003	4	6.46628	2.69349	0.382204	0.0957093
0.003	5	5.74371	2.81254	0.38347	0.0964408
0.003	6	5.35926	3.39505	0.384524	0.0968516
0.003	7	5.24628	4.11791	0.385336	0.0970131
0.003	8	5.30034	4.78736	0.385914	0.0970185
0.003	9	5.42929	5.3265	0.386331	0.0969481
0.003	10	5.57228	5.72652	0.386607	0.0968562
0.003	20	5.99276	6.50653	0.387237	0.0965616
0.003	30	5.997	6.51096	0.387253	0.0965602
0.003	40	5.99706	6.51099	0.387253	0.0965601
0.003	50	5.99706	6.51099	0.387253	0.0965601
0.003	60	5.99706	6.51099	0.387253	0.0965601
0.003	70	5.99706	6.51099	0.387253	0.0965601
0.003	80	5.99706	6.51099	0.387253	0.0965601
0.003	90	5.99706	6.51099	0.387253	0.0965601
			
0.004	0.01	9.80702	7.10623	0.376084	0.0935043
0.004	0.02	9.80688	7.10591	0.376084	0.0935043
0.004	0.03	9.80665	7.1054	0.376084	0.093505
0.004	0.04	9.80632	7.10472	0.376084	0.0935055
0.004	0.05	9.8059	7.10379	0.376085	0.0935046
0.004	0.06	9.80539	7.10271	0.376086	0.0935045
0.004	0.07	9.80479	7.1014	0.376086	0.0935053
0.004	0.08	9.80409	7.09991	0.376087	0.0935049
0.004	0.09	9.8033	7.09819	0.376087	0.0935055
0.004	0.1	9.80242	7.0963	0.376088	0.0935078
0.004	0.2	9.78854	7.0664	0.376102	0.0935232
0.004	0.3	9.76549	7.01688	0.376124	0.0935437
0.004	0.4	9.73338	6.94836	0.376152	0.0935763
0.004	0.5	9.6924	6.86143	0.376198	0.0936191
0.004	0.6	9.64273	6.75695	0.37624	0.0936677
0.004	0.7	9.58458	6.63591	0.376301	0.0937246
0.004	0.8	9.51822	6.49947	0.376359	0.0937918
0.004	0.9	9.44396	6.34896	0.376431	0.0938668
0.004	1	9.36214	6.1858	0.376512	0.093948
0.004	2	8.22375	4.22486	0.377686	0.0951191
0.004	3	6.86001	2.77393	0.37933	0.0966107
0.004	4	5.74361	2.6916	0.381119	0.097987
0.004	5	5.1345	3.78156	0.3828	0.0989936
0.004	6	5.03771	5.40724	0.384188	0.0995761
0.004	7	5.30045	7.05122	0.385256	0.0998196
0.004	8	5.73577	8.44437	0.386031	0.0998493
0.004	9	6.19858	9.51026	0.386573	0.0997737
0.004	10	6.60616	10.2738	0.386944	0.0996609
0.004	20	7.59537	11.6998	0.387778	0.0992869
0.004	30	7.60407	11.7077	0.387797	0.0992847
0.004	40	7.60419	11.7077	0.387798	0.0992851
0.004	50	7.60419	11.7077	0.387798	0.0992851
0.004	60	7.60419	11.7077	0.387798	0.0992851
0.004	70	7.60419	11.7077	0.387798	0.0992851
0.004	80	7.60419	11.7077	0.387798	0.0992851
0.004	90	7.60419	11.7077	0.387798	0.0992851
			
0.005	0.01	9.80701	7.10621	0.373887	0.0948009
0.005	0.02	9.80684	7.10581	0.373887	0.0948012
0.005	0.03	9.80654	7.10517	0.373887	0.0948017
0.005	0.04	9.80614	7.10432	0.373891	0.0948018
0.005	0.05	9.80561	7.10316	0.373893	0.0948018
0.005	0.06	9.80497	7.10181	0.373893	0.0948029
0.005	0.07	9.80422	7.10017	0.373893	0.0948022
0.005	0.08	9.80335	7.0983	0.373893	0.0948041
0.005	0.09	9.80236	7.09616	0.373893	0.0948051
0.005	0.1	9.80126	7.09379	0.373893	0.094806
0.005	0.2	9.78391	7.05643	0.373905	0.0948253
0.005	0.3	9.7551	6.99462	0.373936	0.0948521
0.005	0.4	9.71501	6.90923	0.373971	0.0948892
0.005	0.5	9.66389	6.80112	0.374017	0.0949383
0.005	0.6	9.60198	6.67155	0.374079	0.0949963
0.005	0.7	9.5296	6.52193	0.374146	0.0950649
0.005	0.8	9.44714	6.35395	0.374223	0.095147
0.005	0.9	9.35501	6.16953	0.374311	0.0952329
0.005	1	9.25372	5.97071	0.37441	0.0953325
0.005	2	7.87076	3.71397	0.37585	0.0967379
0.005	3	6.31233	2.50243	0.377875	0.0985693
0.005	4	5.21658	3.36303	0.380081	0.100301
0.005	5	4.89148	5.77505	0.382145	0.101594
0.005	6	5.27263	8.73172	0.383867	0.102364
0.005	7	6.08911	11.491	0.385193	0.10271
0.005	8	7.05272	13.7265	0.38616	0.102774
0.005	9	7.96064	15.3906	0.386832	0.102699
0.005	10	8.7119	16.5618	0.387293	0.10257
0.005	20	10.3144	18.7042	0.388326	0.102126
0.005	30	10.3283	18.7159	0.38835	0.102127
0.005	40	10.3285	18.716	0.388351	0.102127
0.005	50	10.3285	18.716	0.388351	0.102127
0.005	60	10.3285	18.716	0.388351	0.102127
0.005	70	10.3285	18.716	0.388351	0.102127
0.005	80	10.3285	18.716	0.388351	0.102127
0.005	90	10.3285	18.716	0.388351	0.102127
			
0.006	0.01	9.807	7.10619	0.371767	0.0961779
0.006	0.02	9.80679	7.10571	0.371768	0.0961783
0.006	0.03	9.80644	7.10494	0.371768	0.0961785
0.006	0.04	9.80595	7.10393	0.37177	0.0961787
0.006	0.05	9.80532	7.10253	0.371772	0.0961807
0.006	0.06	9.80455	7.10091	0.371772	0.0961823
0.006	0.07	9.80365	7.09894	0.371772	0.096183
0.006	0.08	9.8026	7.0967	0.371772	0.0961827
0.006	0.09	9.80142	7.09412	0.371772	0.0961839
0.006	0.1	9.8001	7.09128	0.371772	0.096185
0.006	0.2	9.77928	7.04646	0.371791	0.0962057
0.006	0.3	9.74471	6.9724	0.371821	0.096234
0.006	0.4	9.69667	6.87024	0.371867	0.0962803
0.006	0.5	9.63544	6.74118	0.371925	0.0963319
0.006	0.6	9.56137	6.58693	0.371991	0.0963988
0.006	0.7	9.47489	6.40941	0.372074	0.0964767
0.006	0.8	9.37651	6.21093	0.372163	0.0965672
0.006	0.9	9.2668	5.9941	0.372263	0.0966689
0.006	1	9.14643	5.76168	0.372382	0.0967816
0.006	2	7.53509	3.28687	0.374078	0.0984089
0.006	3	5.84088	2.53964	0.376467	0.100566
0.006	4	4.88349	4.65133	0.379075	0.102651
0.006	5	5.00464	8.66518	0.381521	0.104244
0.006	6	6.03589	13.1288	0.383568	0.10522
0.006	7	7.55778	17.0937	0.385149	0.105679
0.006	8	9.16713	20.2135	0.386298	0.105791
0.006	9	10.4958	22.4935	0.387099	0.105727
0.006	10	11.6688	24.0795	0.387649	0.105589
0.006	20	14.2512	26.9461	0.388892	0.105078
0.006	30	14.2716	26.9617	0.388923	0.105078
0.006	40	14.2719	26.9618	0.388923	0.105078
0.006	50	14.2719	26.9618	0.388923	0.105078
0.006	60	14.2719	26.9618	0.388923	0.105078
0.006	70	14.2719	26.9618	0.388923	0.105078
0.006	80	14.2719	26.9618	0.388923	0.105078
0.006	90	14.2719	26.9618	0.388923	0.105078
			
0.007	0.01	9.80699	7.10616	0.369728	0.0976355
0.007	0.02	9.80674	7.1056	0.369728	0.0976361
0.007	0.03	9.80634	7.10471	0.369726	0.0976382
0.007	0.04	9.80576	7.10353	0.369728	0.0976381
0.007	0.05	9.80503	7.10189	0.369728	0.0976384
0.007	0.06	9.80413	7.1	0.36973	0.0976397
0.007	0.07	9.80308	7.09771	0.369732	0.097641
0.007	0.08	9.80186	7.09509	0.369732	0.097643
0.007	0.09	9.80048	7.09209	0.369732	0.0976434
0.007	0.1	9.79894	7.08877	0.369735	0.0976438
0.007	0.2	9.77464	7.03651	0.369753	0.0976604
0.007	0.3	9.73434	6.95023	0.369792	0.0976968
0.007	0.4	9.67835	6.8314	0.369842	0.0977414
0.007	0.5	9.60705	6.68161	0.369902	0.0978031
0.007	0.6	9.5209	6.50309	0.369979	0.097877
0.007	0.7	9.42044	6.29835	0.370071	0.0979648
0.007	0.8	9.30633	6.07042	0.370177	0.0980652
0.007	0.9	9.17933	5.82267	0.370294	0.0981751
0.007	1	9.04027	5.55873	0.37043	0.0982988
0.007	2	7.21681	2.94304	0.372367	0.100122
0.007	3	5.44566	2.87204	0.375105	0.102596
0.007	4	4.74151	6.4965	0.378105	0.105036
0.007	5	5.46033	12.3047	0.380927	0.106941
0.007	6	7.2921	18.3546	0.383292	0.108143
0.007	7	9.64095	23.5357	0.385118	0.108728
0.007	8	11.888	27.5245	0.386448	0.108903
0.007	9	13.9531	30.4012	0.387384	0.108852
0.007	10	15.5799	32.3862	0.388025	0.108712
0.007	20	19.0753	35.9497	0.389462	0.108147
0.007	30	19.1027	35.9692	0.389499	0.108144
0.007	40	19.1031	35.9693	0.3895	0.108144
0.007	50	19.1031	35.9693	0.3895	0.108144
0.007	60	19.1031	35.9693	0.3895	0.108144
0.007	70	19.1031	35.9693	0.3895	0.108144
0.007	80	19.1031	35.9693	0.3895	0.108144
0.007	90	19.1031	35.9693	0.3895	0.108144
			
0.008	0.01	9.80698	7.10614	0.367763	0.099168
0.008	0.02	9.8067	7.1055	0.367763	0.0991685
0.008	0.03	9.80623	7.10448	0.367762	0.099169
0.008	0.04	9.80558	7.10313	0.367763	0.0991691
0.008	0.05	9.80474	7.10126	0.367763	0.0991713
0.008	0.06	9.80372	7.0991	0.367766	0.0991719
0.008	0.07	9.80251	7.09647	0.367767	0.0991725
0.008	0.08	9.80112	7.09348	0.367769	0.0991736
0.008	0.09	9.79954	7.09005	0.367773	0.099174
0.008	0.1	9.79778	7.08627	0.367771	0.0991763
0.008	0.2	9.77001	7.02656	0.3678	0.0991983
0.008	0.3	9.72397	6.92809	0.367836	0.0992343
0.008	0.4	9.66005	6.7927	0.367894	0.0992853
0.008	0.5	9.57872	6.62241	0.367964	0.0993503
0.008	0.6	9.48056	6.42003	0.368053	0.0994272
0.008	0.7	9.36625	6.18876	0.368154	0.0995236
0.008	0.8	9.23661	5.93241	0.36827	0.099632
0.008	0.9	9.0926	5.65526	0.368403	0.0997521
0.008	1	8.93524	5.36189	0.368552	0.0998854
0.008	2	6.91599	2.68172	0.370722	0.101885
0.008	3	5.12644	3.48384	0.373798	0.104656
0.008	4	4.78668	8.83845	0.377179	0.107459
0.008	5	6.24172	16.5467	0.380362	0.109688
0.008	6	9.00003	24.1841	0.383035	0.111126
0.008	7	12.1684	30.54	0.385109	0.111852
0.008	8	15.3628	35.3481	0.386619	0.112101
0.008	9	18.0644	38.7789	0.387679	0.112078
0.008	10	20.157	41.1315	0.388409	0.111935
0.008	20	24.5729	45.3393	0.390051	0.111324
0.008	30	24.6076	45.3626	0.390091	0.111323
0.008	40	24.6081	45.3628	0.390091	0.111323
0.008	50	24.6081	45.3628	0.390091	0.111322
0.008	60	24.6081	45.3628	0.390091	0.111322
0.008	70	24.6081	45.3628	0.390091	0.111322
0.008	80	24.6081	45.3628	0.390091	0.111322
0.008	90	24.6081	45.3628	0.390091	0.111322
			
0.009	0.01	9.80697	7.10612	0.365881	0.100782
0.009	0.02	9.80665	7.1054	0.365881	0.100783
0.009	0.03	9.80613	7.10425	0.365881	0.100783
0.009	0.04	9.80539	7.10272	0.365883	0.100783
0.009	0.05	9.80445	7.10062	0.365883	0.100784
0.009	0.06	9.8033	7.09819	0.365887	0.100785
0.009	0.07	9.80194	7.09524	0.365887	0.100786
0.009	0.08	9.80037	7.09188	0.365887	0.100788
0.009	0.09	9.79859	7.08801	0.365887	0.100788
0.009	0.1	9.79661	7.08376	0.365891	0.100788
0.009	0.2	9.76538	7.01661	0.365917	0.100812
0.009	0.3	9.7136	6.906	0.365961	0.100851
0.009	0.4	9.64177	6.75415	0.366023	0.100905
0.009	0.5	9.55045	6.56359	0.366098	0.100975
0.009	0.6	9.44035	6.33776	0.366196	0.101057
0.009	0.7	9.31232	6.08064	0.366308	0.101155
0.009	0.8	9.16735	5.79692	0.366439	0.101269
0.009	0.9	9.0066	5.49188	0.366586	0.101396
0.009	1	8.83136	5.17116	0.366747	0.10154
0.009	2	6.63268	2.50191	0.369138	0.103693
0.009	3	4.88283	4.35766	0.372537	0.106752
0.009	4	5.01402	11.6083	0.376285	0.109912
0.009	5	7.32927	21.2526	0.379819	0.112481
0.009	6	10.9893	30.4284	0.382799	0.114175
0.009	7	15.3156	37.8811	0.385114	0.115065
0.009	8	19.3493	43.4347	0.386802	0.115391
0.009	9	22.6884	47.3623	0.387984	0.115398
0.009	10	25.2389	50.0425	0.388804	0.115263
0.009	20	30.546	54.8283	0.390639	0.114608
0.009	30	30.5879	54.8551	0.390685	0.114608
0.009	40	30.5885	54.8554	0.390685	0.114608
0.009	50	30.5885	54.8554	0.390685	0.114608
0.009	60	30.5885	54.8554	0.390685	0.114608
0.009	70	30.5885	54.8554	0.390685	0.114608
0.009	80	30.5885	54.8554	0.390685	0.114608
0.009	90	30.5885	54.8554	0.390685	0.114608
			
0.01	0.01	9.80696	7.10609	0.364082	0.102475
0.01	0.02	9.80661	7.1053	0.364082	0.102475
0.01	0.03	9.80602	7.10402	0.364083	0.102475
0.01	0.04	9.80521	7.10232	0.364083	0.102477
0.01	0.05	9.80416	7.09999	0.364083	0.102477
0.01	0.06	9.80288	7.09729	0.364083	0.102477
0.01	0.07	9.80137	7.09401	0.364088	0.102479
0.01	0.08	9.79962	7.09027	0.364088	0.102479
0.01	0.09	9.79765	7.08598	0.364089	0.10248
0.01	0.1	9.79545	7.08125	0.364091	0.10248
0.01	0.2	9.76076	7.00667	0.364115	0.102505
0.01	0.3	9.70324	6.88395	0.364167	0.102545
0.01	0.4	9.62351	6.71574	0.364235	0.1026
0.01	0.5	9.52225	6.50513	0.36432	0.102672
0.01	0.6	9.40029	6.25628	0.364426	0.102761
0.01	0.7	9.25865	5.97399	0.364542	0.102863
0.01	0.8	9.09855	5.66396	0.364681	0.102981
0.01	0.9	8.92136	5.33254	0.364848	0.103114
0.01	1	8.72861	4.98656	0.365016	0.103265
0.01	2	6.36692	2.40236	0.367627	0.105551
0.01	3	4.71426	5.47515	0.371334	0.108879
0.01	4	5.41761	14.7394	0.375429	0.112406
0.01	5	8.70114	26.3026	0.379305	0.115326
0.01	6	13.5001	36.9298	0.382591	0.117287
0.01	7	18.8685	45.3774	0.385134	0.11835
0.01	8	23.7361	51.5898	0.386997	0.118772
0.01	9	27.6922	55.9501	0.388309	0.118817
0.01	10	30.6781	58.914	0.389208	0.118693
0.01	20	36.8189	64.2066	0.391243	0.118008
0.01	30	36.868	64.2368	0.391297	0.118008
0.01	40	36.8686	64.237	0.391299	0.118008
0.01	50	36.8686	64.237	0.391299	0.118008
0.01	60	36.8686	64.237	0.391299	0.118008
0.01	70	36.8686	64.237	0.391299	0.118008
0.01	80	36.8686	64.237	0.391299	0.118008
0.01	90	36.8686	64.237	0.391299	0.118008
			
0.02	0.01	9.80685	7.10587	0.350508	0.123821
0.02	0.02	9.80615	7.10427	0.35051	0.12382
0.02	0.03	9.80497	7.1017	0.350508	0.123819
0.02	0.04	9.80334	7.09831	0.350508	0.123818
0.02	0.05	9.80123	7.09363	0.35051	0.12382
0.02	0.06	9.79867	7.08822	0.350512	0.123822
0.02	0.07	9.79564	7.08165	0.350514	0.123822
0.02	0.08	9.79215	7.07416	0.350515	0.123822
0.02	0.09	9.7882	7.06557	0.350517	0.123822
0.02	0.1	9.78379	7.05611	0.350521	0.123822
0.02	0.2	9.71438	6.90756	0.350568	0.123835
0.02	0.3	9.59988	6.66571	0.350642	0.123853
0.02	0.4	9.44215	6.33975	0.350744	0.123882
0.02	0.5	9.24361	5.94122	0.350875	0.12392
0.02	0.6	9.00721	5.4852	0.351036	0.123966
0.02	0.7	8.73658	4.98943	0.351227	0.124028
0.02	0.8	8.43597	4.47453	0.351442	0.1241
0.02	0.9	8.11022	3.96334	0.351689	0.124191
0.02	1	7.76471	3.48026	0.351959	0.124295
0.02	2	4.67727	5.42553	0.356077	0.126697
0.02	3	6.91392	26.0484	0.362099	0.132022
0.02	4	17.3342	54.6666	0.368986	0.139265
0.02	5	33.1046	79.4055	0.375727	0.146349
0.02	6	49.0208	97.0388	0.381597	0.151835
0.02	7	178.269	109.4	0.386261	0.155367
0.02	8	189.199	117.991	0.389738	0.157286
0.02	9	196.234	285.816	0.392206	0.158126
0.02	10	200.015	287.251	0.393927	0.15837
0.02	20	205.228	288.948	0.397829	0.157786
0.02	30	205.242	288.951	0.397922	0.157789
0.02	40	205.242	288.951	0.397922	0.157789
0.02	50	205.242	288.951	0.397922	0.157789
0.02	60	205.242	288.951	0.397922	0.157789
0.02	70	205.242	288.951	0.397922	0.157789
0.02	80	205.242	288.951	0.397922	0.157789
0.02	90	205.242	288.951	0.397922	0.157789
			
0.03	0.01	9.80674	7.10564	0.345202	0.153372
0.03	0.02	9.80568	7.10323	0.345202	0.153371
0.03	0.03	9.80392	7.09937	0.345202	0.153369
0.03	0.04	9.80146	7.09428	0.345206	0.15337
0.03	0.05	9.7983	7.08724	0.345204	0.153367
0.03	0.06	9.79444	7.07911	0.345203	0.153366
0.03	0.07	9.78989	7.06924	0.345205	0.153365
0.03	0.08	9.78465	7.058	0.345209	0.153363
0.03	0.09	9.77871	7.04511	0.345211	0.153364
0.03	0.1	9.77208	7.03091	0.345217	0.153362
0.03	0.2	9.66797	6.80898	0.345258	0.153319
0.03	0.3	9.49699	6.45168	0.345339	0.153256
0.03	0.4	9.26304	5.97866	0.345448	0.15317
0.03	0.5	8.97127	5.41541	0.345582	0.153068
0.03	0.6	8.62812	4.79487	0.345747	0.152942
0.03	0.7	8.24144	4.15593	0.345948	0.152812
0.03	0.8	7.82042	3.54312	0.346179	0.152676
0.03	0.9	7.37553	3.00507	0.346446	0.152531
0.03	1	6.91834	2.59259	0.346731	0.152401
0.03	2	4.71709	14.1926	0.351223	0.152675
0.03	3	14.8298	53.1585	0.358137	0.15857
0.03	4	37.9275	91.2168	0.366472	0.169594
0.03	5	184.309	301.091	0.375023	0.181901
0.03	6	209.949	315.523	0.382756	0.192271
0.03	7	256.857	323.103	0.389085	0.199504
0.03	8	263.79	327.564	0.393899	0.203866
0.03	9	267.56	329.64	0.397377	0.206178
0.03	10	269.743	330.726	0.399809	0.20723
0.03	20	272.551	331.896	0.405407	0.207452
0.03	30	272.558	331.898	0.405547	0.207464
0.03	40	272.558	331.898	0.405548	0.207464
0.03	50	272.558	331.898	0.405548	0.207464
0.03	60	272.558	331.898	0.405548	0.207464
0.03	70	272.558	331.898	0.405548	0.207464
0.03	80	272.558	331.898	0.405548	0.207464
0.03	90	272.558	331.898	0.405548	0.207464
			
0.04	0.01	9.80663	7.10541	0.348411	0.191385
0.04	0.02	9.80522	7.1022	0.348407	0.19138
0.04	0.03	9.80286	7.09704	0.348408	0.191378
0.04	0.04	9.79958	7.09022	0.348408	0.191378
0.04	0.05	9.79535	7.08083	0.348411	0.191373
0.04	0.06	9.79019	7.06996	0.348409	0.191367
0.04	0.07	9.78411	7.05678	0.348411	0.19136
0.04	0.08	9.77711	7.04178	0.348411	0.191354
0.04	0.09	9.76918	7.02458	0.348416	0.191346
0.04	0.1	9.76034	7.00565	0.348423	0.191343
0.04	0.2	9.62153	6.71097	0.348452	0.191212
0.04	0.3	9.39459	6.24195	0.348516	0.191005
0.04	0.4	9.08621	5.63276	0.348596	0.190716
0.04	0.5	8.70535	4.92845	0.348698	0.190352
0.04	0.6	8.26332	4.18683	0.348831	0.18993
0.04	0.7	7.77382	3.47581	0.348981	0.189448
0.04	0.8	7.25295	2.87203	0.349158	0.188927
0.04	0.9	6.71896	2.45715	0.349366	0.188368
0.04	1	6.19205	2.31357	0.34959	0.187789
0.04	2	6.37232	26.3295	0.353304	0.183617
0.04	3	26.736	78.3908	0.359627	0.188589
0.04	4	59.8142	309.715	0.368002	0.203327
0.04	5	222.14	338.193	0.377269	0.221741
0.04	6	272.118	342.208	0.386125	0.238168
0.04	7	281.593	344.169	0.393652	0.250184
0.04	8	287.165	345.197	0.399523	0.257841
0.04	9	290.311	345.732	0.40383	0.262209
0.04	10	292.128	346.007	0.406886	0.264466
0.04	20	294.678	346.297	0.413982	0.266143
0.04	30	294.684	346.298	0.414157	0.266163
0.04	40	294.684	346.298	0.414161	0.266163
0.04	50	294.684	346.298	0.414161	0.266163
0.04	60	294.684	346.298	0.414161	0.266162
0.04	70	294.684	346.298	0.414161	0.266162
0.04	80	294.684	346.298	0.414161	0.266162
0.04	90	294.684	346.298	0.414161	0.266162
			
0.05	0.01	9.80652	7.10518	0.36041	0.238119
0.05	0.02	9.80475	7.10115	0.36041	0.238115
0.05	0.03	9.8018	7.09469	0.360412	0.238113
0.05	0.04	9.79768	7.08615	0.360409	0.238107
0.05	0.05	9.79238	7.07438	0.360409	0.238099
0.05	0.06	9.78593	7.06078	0.360408	0.238091
0.05	0.07	9.77831	7.04428	0.360407	0.238082
0.05	0.08	9.76954	7.02551	0.360413	0.238073
0.05	0.09	9.75962	7.00399	0.360407	0.238048
0.05	0.1	9.74851	6.98032	0.360409	0.238031
0.05	0.2	9.57505	6.61352	0.360416	0.237779
0.05	0.3	9.29268	6.03659	0.360434	0.23735
0.05	0.4	8.91171	5.30234	0.360457	0.236768
0.05	0.5	8.44599	4.48106	0.360491	0.236036
0.05	0.6	7.91309	3.6623	0.360535	0.235166
0.05	0.7	7.33432	2.95043	0.360584	0.234186
0.05	0.8	6.73456	2.46082	0.360639	0.233099
0.05	0.9	6.14208	2.31255	0.360703	0.231921
0.05	1	5.58795	2.62005	0.360789	0.230688
0.05	2	9.45448	39.9311	0.362555	0.219684
0.05	3	40.3339	98.6158	0.366752	0.222154
0.05	4	211.027	339.36	0.373719	0.240419
0.05	5	275.936	345.869	0.382573	0.26565
0.05	6	290.818	349.146	0.39178	0.289147
0.05	7	299.765	350.862	0.400009	0.306892
0.05	8	305.633	351.762	0.406634	0.318581
0.05	9	308.946	352.23	0.411591	0.325535
0.05	10	310.837	352.472	0.415155	0.32935
0.05	20	313.271	352.726	0.423535	0.333063
0.05	30	313.277	352.726	0.423763	0.333095
0.05	40	313.277	352.726	0.423766	0.333096
0.05	50	313.277	352.726	0.423766	0.333096
0.05	60	313.277	352.726	0.423766	0.333096
0.05	70	313.277	352.726	0.423766	0.333096
0.05	80	313.277	352.726	0.423766	0.333096
0.05	90	313.277	352.726	0.423766	0.333096
			
0.06	0.01	9.80641	7.10495	0.381664	0.293854
0.06	0.02	9.80428	7.1001	0.381664	0.293846
0.06	0.03	9.80073	7.09232	0.381668	0.293839
0.06	0.04	9.79578	7.08206	0.381664	0.293828
0.06	0.05	9.7894	7.06791	0.381658	0.293815
0.06	0.06	9.78164	7.05155	0.381658	0.2938
0.06	0.07	9.77247	7.03172	0.381661	0.293778
0.06	0.08	9.76194	7.00917	0.381666	0.293758
0.06	0.09	9.74998	6.98334	0.381671	0.293743
0.06	0.1	9.73666	6.95493	0.381669	0.293718
0.06	0.2	9.52853	6.51665	0.381646	0.293281
0.06	0.3	9.19128	5.83569	0.381617	0.292572
0.06	0.4	8.73957	4.98768	0.381575	0.291593
0.06	0.5	8.19331	4.07389	0.381544	0.290382
0.06	0.6	7.57772	3.22226	0.381495	0.288921
0.06	0.7	6.92341	2.58018	0.38144	0.287267
0.06	0.8	6.26615	2.3065	0.381404	0.285427
0.06	0.9	5.64622	2.55863	0.381362	0.283432
0.06	1	5.10768	3.47831	0.380608	0.281329
0.06	2	13.5774	53.7127	0.379215	0.261024
0.06	3	54.1534	314.57	0.379711	0.259328
0.06	4	267.32	345.515	0.383766	0.280823
0.06	5	291.639	351.241	0.391034	0.313425
0.06	6	306.547	354.174	0.399773	0.34485
0.06	7	315.663	355.692	0.408193	0.369147
0.06	8	320.927	356.488	0.415259	0.385507
0.06	9	323.61	356.902	0.42068	0.395521
0.06	10	325.131	357.115	0.424623	0.401215
0.06	20	327.061	357.339	0.434085	0.407484
0.06	30	327.066	357.339	0.434343	0.407548
0.06	40	327.066	357.339	0.434345	0.407549
0.06	50	327.066	357.339	0.434345	0.407549
0.06	60	327.066	357.339	0.434345	0.407549
0.06	70	327.066	357.339	0.434345	0.407549
0.06	80	327.066	357.339	0.434345	0.407549
0.06	90	327.066	357.339	0.434345	0.407549
			
0.07	0.01	9.8063	7.10472	0.411963	0.358955
0.07	0.02	9.80381	7.09905	0.411964	0.358947
0.07	0.03	9.79965	7.08995	0.41196	0.358937
0.07	0.04	9.79386	7.07795	0.411955	0.358927
0.07	0.05	9.78641	7.06141	0.411951	0.358907
0.07	0.06	9.77733	7.04229	0.411947	0.358888
0.07	0.07	9.76662	7.01912	0.41195	0.358864
0.07	0.08	9.75428	6.99278	0.411933	0.358818
0.07	0.09	9.74032	6.96262	0.41193	0.358788
0.07	0.1	9.72475	6.92948	0.41192	0.358754
0.07	0.2	9.48197	6.42036	0.411839	0.358134
0.07	0.3	9.09039	5.63933	0.411685	0.35694
0.07	0.4	8.56986	4.68906	0.411486	0.355476
0.07	0.5	7.94744	3.70752	0.41124	0.353642
0.07	0.6	7.2575	2.86738	0.410924	0.351451
0.07	0.7	6.54171	2.36455	0.410589	0.348949
0.07	0.8	5.84858	2.40379	0.410205	0.346163
0.07	0.9	5.2325	3.17803	0.409786	0.343151
0.07	1	4.75237	4.8469	0.409356	0.339943
0.07	2	18.8698	66.8728	0.403553	0.307795
0.07	3	194.829	339.157	0.398685	0.300188
0.07	4	281.458	350.138	0.398282	0.32449
0.07	5	305.114	355.337	0.402756	0.364888
0.07	6	319.96	357.979	0.410188	0.40495
0.07	7	327.762	359.362	0.418263	0.436487
0.07	8	331.898	360.087	0.425436	0.45811
0.07	9	335.312	360.464	0.431118	0.4716
0.07	10	336.08	360.658	0.435313	0.479455
0.07	20	337.056	360.862	0.445603	0.488762
0.07	30	337.058	360.863	0.445909	0.488842
0.07	40	337.058	360.863	0.445912	0.488843
0.07	50	337.058	360.863	0.445912	0.488843
0.07	60	337.058	360.863	0.445912	0.488843
0.07	70	337.058	360.863	0.445912	0.488843
0.07	80	337.058	360.863	0.445912	0.488843
0.07	90	337.058	360.863	0.445912	0.488843
			
0.08	0.01	9.80619	7.10448	0.451882	0.433426
0.08	0.02	9.80333	7.09798	0.45188	0.433416
0.08	0.03	9.79857	7.08756	0.451876	0.433406
0.08	0.04	9.79194	7.07382	0.451872	0.433384
0.08	0.05	9.7834	7.05487	0.451866	0.43335
0.08	0.06	9.773	7.03298	0.451861	0.433316
0.08	0.07	9.76074	7.00646	0.451863	0.43328
0.08	0.08	9.7466	6.97633	0.451866	0.433245
0.08	0.09	9.73062	6.94184	0.451852	0.433192
0.08	0.1	9.7128	6.90396	0.451843	0.433131
0.08	0.2	9.43537	6.32467	0.451691	0.432227
0.08	0.3	8.99001	5.44758	0.451438	0.430732
0.08	0.4	8.4026	4.40675	0.451125	0.428843
0.08	0.5	7.70851	3.38249	0.45068	0.426169
0.08	0.6	6.95271	2.59808	0.450163	0.423042
0.08	0.7	6.1897	2.30215	0.449553	0.419518
0.08	0.8	5.48264	2.74534	0.449428	0.415682
0.08	0.9	4.90188	4.14965	0.448527	0.411328
0.08	1	4.5227	6.68173	0.447547	0.406789
0.08	2	24.8726	78.9645	0.435774	0.360161
0.08	3	213.36	343.833	0.423905	0.344812
0.08	4	293.307	353.82	0.417412	0.371382
0.08	5	317.256	358.571	0.417839	0.419857
0.08	6	330.263	361.008	0.423094	0.469148
0.08	7	337.084	362.285	0.430256	0.508542
0.08	8	339.279	362.954	0.437189	0.535913
0.08	9	340.502	363.302	0.442913	0.553245
0.08	10	341.163	363.482	0.44724	0.563507
0.08	20	342.002	363.671	0.458118	0.576289
0.08	30	342.005	363.671	0.458447	0.576396
0.08	40	342.005	363.671	0.458452	0.576397
0.08	50	342.005	363.671	0.458452	0.576397
0.08	60	342.005	363.671	0.458452	0.576397
0.08	70	342.005	363.671	0.458452	0.576397
0.08	80	342.005	363.671	0.458452	0.576397
0.08	90	342.005	363.671	0.458452	0.576397
			
0.09	0.01	9.80608	7.10425	0.501859	0.517853
0.09	0.02	9.80285	7.09692	0.501858	0.517846
0.09	0.03	9.79749	7.08517	0.501851	0.517829
0.09	0.04	9.79	7.06966	0.501841	0.517801
0.09	0.05	9.78037	7.0483	0.50183	0.517766
0.09	0.06	9.76865	7.02363	0.501831	0.517732
0.09	0.07	9.75481	6.99375	0.501813	0.517655
0.09	0.08	9.73889	6.95982	0.501798	0.517603
0.09	0.09	9.72087	6.92099	0.50178	0.517539
0.09	0.1	9.70079	6.87836	0.501777	0.517457
0.09	0.2	9.38872	6.22959	0.501538	0.516247
0.09	0.3	8.89017	5.26054	0.501166	0.514255
0.09	0.4	8.23785	4.14102	0.500659	0.511512
0.09	0.5	7.47665	3.09926	0.499987	0.508061
0.09	0.6	6.66365	2.41449	0.49919	0.503937
0.09	0.7	5.86789	2.39079	0.498243	0.499218
0.09	0.8	5.16905	3.32208	0.497172	0.49395
0.09	0.9	4.65507	5.44977	0.495952	0.488288
0.09	1	4.41883	8.93807	0.494619	0.482119
0.09	2	31.3467	89.4856	0.47638	0.41829
0.09	3	264.556	347.539	0.455568	0.393268
0.09	4	303.754	356.799	0.441333	0.421479
0.09	5	327.101	361.222	0.436378	0.478183
0.09	6	338.033	363.493	0.438572	0.53717
0.09	7	341.513	221.486	0.444233	0.584918
0.09	8	343.414	225.876	0.450572	0.618483
0.09	9	344.5	229.02	0.456108	0.639983
0.09	10	345.117	231.27	0.46041	0.652892
0.09	20	345.901	236.871	0.471617	0.669531
0.09	30	345.903	237.008	0.471976	0.669658
0.09	40	345.903	237.011	0.471979	0.669658
0.09	50	345.903	237.011	0.471979	0.669658
0.09	60	345.903	237.011	0.471979	0.669658
0.09	70	345.903	237.011	0.471979	0.669658
0.09	80	345.903	237.011	0.471981	0.669658
0.09	90	345.903	237.011	0.471981	0.669658
			
0.1	0.01	9.80596	7.10401	0.562047	0.61246
0.1	0.02	9.80237	7.09585	0.562048	0.612442
0.1	0.03	9.79639	7.08275	0.562039	0.612415
0.1	0.04	9.78806	7.06549	0.562027	0.612381
0.1	0.05	9.77733	7.04171	0.562016	0.612324
0.1	0.06	9.76427	7.01424	0.562011	0.61227
0.1	0.07	9.74886	6.98099	0.562015	0.612218
0.1	0.08	9.73113	6.94324	0.561997	0.612142
0.1	0.09	9.71108	6.90008	0.561974	0.612043
0.1	0.1	9.68872	6.8527	0.561952	0.611938
0.1	0.2	9.34204	6.13514	0.561637	0.610385
0.1	0.3	8.79087	5.07829	0.561099	0.607799
0.1	0.4	8.07566	3.89213	0.56037	0.604259
0.1	0.5	7.25199	2.85824	0.559429	0.59979
0.1	0.6	6.39059	2.31647	0.558286	0.594461
0.1	0.7	5.57676	2.62756	0.556951	0.588347
0.1	0.8	4.90841	4.12349	0.555411	0.581535
0.1	0.9	4.49258	7.05613	0.553702	0.574113
0.1	1	4.44042	11.5644	0.551792	0.566187
0.1	2	38.09	99.0477	0.52517	0.48236
0.1	3	275.182	350.646	0.493895	0.445655
0.1	4	313.861	359.296	0.470188	0.474739
0.1	5	336.114	363.447	0.458519	0.539711
0.1	6	341.926	216.754	0.456688	0.608755
0.1	7	345.051	225.312	0.460255	0.665291
0.1	8	346.838	229.507	0.465603	0.70542
0.1	9	347.859	232.629	0.470716	0.731373
0.1	10	348.437	234.838	0.474844	0.747122
0.1	20	349.178	236.371	0.486083	0.767973
0.1	30	349.179	236.447	0.48649	0.76813
0.1	40	349.179	236.448	0.486495	0.76813
0.1	50	349.179	236.448	0.486495	0.76813
0.1	60	349.179	236.448	0.486495	0.76813
0.1	70	349.179	236.448	0.486495	0.768128
0.1	80	349.179	236.448	0.486495	0.768128
0.1	90	349.179	236.448	0.486495	0.768128
			
0.2	0.01	9.8048	7.10157	1.8032	2.19292
0.2	0.02	9.79741	7.08478	1.80317	2.19283
0.2	0.03	9.78512	7.0579	1.80314	2.19269
0.2	0.04	9.768	7.02251	1.80309	2.19249
0.2	0.05	9.74597	6.97386	1.80306	2.19226
0.2	0.06	9.7192	6.91786	1.803	2.19198
0.2	0.07	9.68765	6.85028	1.80292	2.19161
0.2	0.08	9.65143	6.77385	1.80281	2.19121
0.2	0.09	9.6105	6.68688	1.8027	2.19075
0.2	0.1	9.565	6.59195	1.80258	2.19022
0.2	0.2	8.87271	5.22731	1.80065	2.18216
0.2	0.3	7.83009	3.53826	1.79746	2.1689
0.2	0.4	6.60553	2.38127	1.79297	2.15064
0.2	0.5	5.43191	2.81457	1.78723	2.12755
0.2	0.6	4.60007	5.85052	1.78015	2.10001
0.2	0.7	4.44131	12.1598	1.7718	2.06829
0.2	0.8	5.29452	21.7845	1.76212	2.03282
0.2	0.9	7.45935	34.1725	1.75108	1.99407
0.2	1	10.9528	48.3943	1.73877	1.95248
0.2	2	276.834	353.279	1.55128	1.49316
0.2	3	338.431	202.367	1.30104	1.20684
0.2	4	351.483	224.529	1.07214	1.17991
0.2	5	211.037	234.471	0.903166	1.3071
0.2	6	221.765	241.248	0.800478	1.47806
0.2	7	232.62	245.795	0.74388	1.63197
0.2	8	236.553	248.988	0.71494	1.74843
0.2	9	242.035	251.219	0.700643	1.82811
0.2	10	235.913	246.581	0.693484	1.87916
0.2	20	239.736	266.975	0.68649	1.95474
0.2	30	248.074	267.037	0.687017	1.95526
0.2	40	240.296	267.038	0.687017	1.95526
0.2	50	241.972	267.038	0.687017	1.95526
0.2	60	241.976	267.038	0.687017	1.95526
0.2	70	241.975	267.038	0.687017	1.95526
0.2	80	241.975	267.038	0.687017	1.95526
0.2	90	241.975	267.038	0.687017	1.95526
			
0.3	0.01	9.80356	7.09897	4.48132	5.21388
0.3	0.02	9.79214	7.07302	4.48128	5.21367
0.3	0.03	9.77314	7.03151	4.48118	5.21328
0.3	0.04	9.74668	6.97695	4.48106	5.21279
0.3	0.05	9.71268	6.90217	4.48097	5.21218
0.3	0.06	9.67141	6.8163	4.48084	5.21139
0.3	0.07	9.62286	6.71311	4.48066	5.21045
0.3	0.08	9.56721	6.59693	4.48045	5.2094
0.3	0.09	9.50446	6.46542	4.48019	5.2082
0.3	0.1	9.43484	6.32274	4.47994	5.20687
0.3	0.2	8.3984	4.39613	4.47553	5.18575
0.3	0.3	6.93679	2.57717	4.46816	5.15097
0.3	0.4	5.45151	2.78471	4.45775	5.10309
0.3	0.5	4.48922	7.00529	4.44428	5.04261
0.3	0.6	4.695	16.421	4.42754	4.97026
0.3	0.7	6.71255	30.7179	4.40731	4.88689
0.3	0.8	10.8434	48.3605	4.38359	4.79353
0.3	0.9	17.7672	67.2511	4.35614	4.69135
0.3	1	27.0955	85.2158	4.32506	4.58158
0.3	2	317.739	363.261	3.80851	3.34775
0.3	3	352.267	223.025	3.06022	2.48625
0.3	4	214.788	236.955	2.34829	2.21085
0.3	5	235.271	245.701	1.81036	2.30555
0.3	6	239.21	251.186	1.46132	2.53927
0.3	7	249.898	248.151	1.25243	2.77841
0.3	8	247.835	267.676	1.13301	2.97046
0.3	9	258.407	268.899	1.06553	3.10687
0.3	10	251.926	269.565	1.0269	3.19669
0.3	20	247.488	270.688	0.973162	3.33482
0.3	30	267.131	270.707	0.973703	3.33572
0.3	40	266.527	270.707	0.973721	3.33573
0.3	50	267.152	270.707	0.973721	3.33573
0.3	60	266.291	270.707	0.973721	3.33572
0.3	70	266.429	270.707	0.973721	3.33572
0.3	80	266.429	270.707	0.973721	3.33572
0.3	90	266.429	270.707	0.973721	3.33572
			
0.4	0.01	9.80223	7.09618	9.10555	10.2077
0.4	0.02	9.78647	7.0604	9.10551	10.2073
0.4	0.03	9.76029	7.00324	9.10538	10.2065
0.4	0.04	9.72382	6.92826	9.10515	10.2055
0.4	0.05	9.67704	6.82573	9.10502	10.2043
0.4	0.06	9.62031	6.70845	9.10477	10.2028
0.4	0.07	9.55368	6.56807	9.10457	10.2008
0.4	0.08	9.47747	6.4108	9.10429	10.1987
0.4	0.09	9.39172	6.23385	9.10397	10.1963
0.4	0.1	9.29682	6.0432	9.10358	10.1936
0.4	0.2	7.91816	3.65897	9.09725	10.1513
0.4	0.3	6.12702	2.29896	9.0867	10.0814
0.4	0.4	4.6828	5.23905	9.07159	9.9852
0.4	0.5	4.58285	15.0342	9.05148	9.86358
0.4	0.6	6.88746	31.7291	9.02561	9.71771
0.4	0.7	12.2339	52.9297	8.99348	9.5494
0.4	0.8	21.3708	75.2025	8.95457	9.3605
0.4	0.9	33.6076	95.3067	8.90815	9.15341
0.4	1	47.9232	323.903	8.8538	8.9304
0.4	2	341.26	203.578	7.82728	6.38058
0.4	3	207.822	232.496	6.18892	4.45878
0.4	4	230.852	244.831	4.57752	3.62283
0.4	5	286.454	252.175	3.35344	3.51876
0.4	6	247.862	249.338	2.54467	3.73386
0.4	7	253.373	269.622	2.0495	4.01918
0.4	8	245.942	270.621	1.75751	4.26783
0.4	9	245.864	271.157	1.58696	4.45153
0.4	10	276.246	275.033	1.48624	4.57526
0.4	20	346.895	334.093	1.33545	4.76878
0.4	30	333.637	334.137	1.33567	4.76994
0.4	40	269.66	334.14	1.33568	4.76996
0.4	50	355.739	334.14	1.33568	4.76996
0.4	60	336.131	334.14	1.33568	4.76996
0.4	70	342.014	334.14	1.33568	4.76996
0.4	80	342.014	334.14	1.33568	4.76996
0.4	90	342.02	334.14	1.33568	4.76996
			
0.5	0.01	9.80079	7.09314	16.4236	17.9231
0.5	0.02	9.78031	7.04669	16.4236	17.9223
0.5	0.03	9.7463	6.97259	16.4237	17.9211
0.5	0.04	9.69902	6.87559	16.4236	17.9193
0.5	0.05	9.63841	6.74335	16.4235	17.9171
0.5	0.06	9.56502	6.59264	16.4232	17.9145
0.5	0.07	9.47898	6.41308	16.423	17.9113
0.5	0.08	9.38075	6.21306	16.4231	17.9077
0.5	0.09	9.27052	5.98954	16.4228	17.9035
0.5	0.1	9.14887	5.75065	16.4226	17.8988
0.5	0.2	7.4306	3.03967	16.419	17.8261
0.5	0.3	5.42309	2.82843	16.4123	17.7059
0.5	0.4	4.39039	9.8377	16.4021	17.5401
0.5	0.5	5.8946	26.2114	16.3866	17.3298
0.5	0.6	11.1383	49.5879	16.3641	17.0772
0.5	0.7	21.2467	75.0878	16.333	16.7845
0.5	0.8	35.4158	97.9627	16.2911	16.455
0.5	0.9	52.1212	339.818	16.2366	16.0925
0.5	1	200.917	346.421	16.1678	15.7006
0.5	2	349.507	215.342	14.4838	11.1084
0.5	3	224.025	239.124	11.3867	7.40246
0.5	4	239.919	246.306	8.2353	5.53187
0.5	5	246.575	249.489	5.83036	4.98332
0.5	6	252.68	270.212	4.23924	5.05988
0.5	7	268.139	271.322	3.25922	5.33054
0.5	8	281.446	271.939	2.67464	5.60299
0.5	9	408.151	333.724	2.32815	5.81524
0.5	10	333.365	334.378	2.12069	5.96168
0.5	20	413.576	477.71	1.80059	6.19163
0.5	30	380.717	477.796	1.80005	6.19295
0.5	40	380.719	477.797	1.80006	6.19296
0.5	50	379.459	477.797	1.80005	6.19296
0.5	60	379.459	477.797	1.80005	6.19296
0.5	70	379.459	477.797	1.80005	6.19296
0.5	80	379.459	477.797	1.80005	6.19296
0.5	90	379.459	477.797	1.80005	6.19296
			
0.6	0.01	9.79919	7.08979	27.5039	29.4292
0.6	0.02	9.7735	7.03155	27.5041	29.4279
0.6	0.03	9.73087	6.9388	27.5043	29.426
0.6	0.04	9.67165	6.81768	27.5042	29.4235
0.6	0.05	9.59584	6.65309	27.5051	29.42
0.6	0.06	9.5042	6.46633	27.5054	29.4161
0.6	0.07	9.39696	6.24498	27.506	29.4112
0.6	0.08	9.27484	6	27.5067	29.4057
0.6	0.09	9.13817	5.72844	27.5074	29.3993
0.6	0.1	8.98783	5.44096	27.5081	29.3922
0.6	0.2	6.93354	2.57308	27.5208	29.2813
0.6	0.3	4.85799	4.32839	27.5403	29.0978
0.6	0.4	4.70155	16.6431	27.5646	28.8439
0.6	0.5	8.64554	39.8403	27.59	28.5204
0.6	0.6	18.0285	68.2716	27.6122	28.1296
0.6	0.7	33.0742	94.7958	27.6264	27.6743
0.6	0.8	51.6544	339.771	27.6279	27.1582
0.6	0.9	204.551	347.158	27.6113	26.5865
0.6	1	269.871	352.868	27.5717	25.9647
0.6	2	195.076	225.166	25.2595	18.3801
0.6	3	231.125	244.692	19.8719	11.7861
0.6	4	260.698	248.635	14.1365	8.15385
0.6	5	252.054	269.986	9.75584	6.79889
0.6	6	266.761	271.538	6.86956	6.56357
0.6	7	356.674	333.352	5.09762	6.73074
0.6	8	356.216	334.571	4.03723	6.97748
0.6	9	445.418	335.216	3.40448	7.18888
0.6	10	347.306	335.611	3.02278	7.33984
0.6	20	506.161	479.588	2.42412	7.57444
0.6	30	1404.89	479.628	2.42212	7.57564
0.6	40	2036.94	479.629	2.42211	7.57565
0.6	50	2145.41	479.629	2.42211	7.57565
0.6	60	2310.59	479.629	2.42211	7.57565
0.6	70	469.078	479.629	2.42211	7.57565
0.6	80	469.078	479.629	2.42211	7.57565
0.6	90	469.078	479.629	2.42211	7.57565
			
0.7	0.01	9.79737	7.08598	43.904	46.2808
0.7	0.02	9.76579	7.01439	43.9048	46.2791
0.7	0.03	9.71338	6.90061	43.9058	46.2766
0.7	0.04	9.64067	6.75239	43.9073	46.2733
0.7	0.05	9.54772	6.55177	43.9094	46.2687
0.7	0.06	9.43559	6.32523	43.9116	46.2634
0.7	0.07	9.30467	6.05842	43.9144	46.2569
0.7	0.08	9.15598	5.76538	43.9176	46.2497
0.7	0.09	8.99011	5.44372	43.9214	46.2411
0.7	0.1	8.80834	5.10719	43.9255	46.2318
0.7	0.2	6.42329	2.31524	43.989	46.0844
0.7	0.3	4.48521	7.04309	44.0916	45.8395
0.7	0.4	5.81183	25.7478	44.2277	45.4985
0.7	0.5	12.9672	55.3359	44.3895	45.0602
0.7	0.6	27.4488	86.3374	44.5673	44.5245
0.7	0.7	47.2371	324.103	44.75	43.8927
0.7	0.8	69.1205	346.534	44.9255	43.1675
0.7	0.9	269.972	352.998	45.0813	42.3536
0.7	1	289.835	357.99	45.2062	41.4566
0.7	2	229.822	231.313	42.8933	29.7192
0.7	3	355.746	249.235	33.9836	18.4804
0.7	4	248.9	263.62	23.8469	11.9083
0.7	5	247.908	271.333	16.0975	9.17772
0.7	6	295.586	333.396	11.0528	8.36203
0.7	7	338.789	334.921	7.97859	8.28795
0.7	8	541.906	335.671	6.1424	8.43159
0.7	9	2233.11	478.633	5.04376	8.59567
0.7	10	793.882	479.343	4.37827	8.72206
0.7	20	1037.6	504.163	3.32398	8.91031
0.7	30	1426.34	480.679	3.31938	8.91102
0.7	40	2116.66	482.437	3.31936	8.91103
0.7	50	3268.43	482.326	3.31936	8.91103
0.7	60	1112.58	482.956	3.31936	8.91103
0.7	70	1140.37	482.351	3.31936	8.91103
0.7	80	1140.37	482.645	3.31936	8.91102
0.7	90	1140.37	482.605	3.31936	8.91102
			
0.8	0.01	9.79522	7.08146	67.947	70.7884
0.8	0.02	9.75663	6.99408	67.9492	70.7867
0.8	0.03	9.69267	6.8555	67.9526	70.784
0.8	0.04	9.60404	6.67556	67.9573	70.7808
0.8	0.05	9.49094	6.43311	67.9636	70.7762
0.8	0.06	9.3548	6.16101	67.9712	70.771
0.8	0.07	9.19628	5.84299	67.9797	70.7644
0.8	0.08	9.01686	5.49707	67.9902	70.7572
0.8	0.09	8.81749	5.12208	68.0017	70.7486
0.8	0.1	8.60002	4.73578	68.0149	70.7392
0.8	0.2	5.89252	2.3706	68.2167	70.5906
0.8	0.3	4.40524	11.4164	68.5458	70.3405
0.8	0.4	8.07123	37.4751	68.991	69.9858
0.8	0.5	19.82	72.3342	69.5357	69.5176
0.8	0.6	39.6549	103.703	70.1588	68.9279
0.8	0.7	63.5219	344.69	70.8358	68.2094
0.8	0.8	266.208	352.264	71.5405	67.3579
0.8	0.9	289.323	357.946	72.2448	66.3716
0.8	1	308.469	362.37	72.9205	65.2515
0.8	2	214.346	236.26	73.212	48.2766
0.8	3	243.075	247.904	58.978	29.3786
0.8	4	256.52	270.418	40.8901	17.7359
0.8	5	335.073	272.324	27.0323	12.6107
0.8	6	353.858	335.013	18.1689	10.7368
0.8	7	565.359	477.83	12.8337	10.1768
0.8	8	1014.78	479.308	9.66492	10.0802
0.8	9	527.561	480.024	7.76936	10.1148
0.8	10	931.666	482.792	6.61868	10.1654
0.8	20	487.895	783.617	4.78391	10.2181
0.8	30	481.188	515.468	4.77469	10.2177
0.8	40	786.5	783.641	4.77463	10.2177
0.8	50	606.74	491.795	4.77463	10.2177
0.8	60	556.916	596.95	4.77463	10.2177
0.8	70	786.374	505.333	4.77463	10.2177
0.8	80	786.374	505.333	4.77463	10.2177
0.8	90	786.374	505.333	4.77463	10.2177
			
0.9	0.01	9.79241	7.07558	103.19	106.474
0.9	0.02	9.74471	6.96768	103.196	106.473
0.9	0.03	9.66574	6.79704	103.206	106.473
0.9	0.04	9.55649	6.57643	103.219	106.474
0.9	0.05	9.4174	6.28099	103.236	106.474
0.9	0.06	9.25047	5.95212	103.258	106.474
0.9	0.07	9.05682	5.57179	103.283	106.475
0.9	0.08	8.8386	5.16368	103.312	106.476
0.9	0.09	8.59743	4.72916	103.346	106.476
0.9	0.1	8.33602	4.2917	103.383	106.476
0.9	0.2	5.32204	2.99759	103.961	106.483
0.9	0.3	4.86764	18.4942	104.913	106.481
0.9	0.4	12.1357	52.9235	106.216	106.452
0.9	0.5	30.2436	90.8092	107.839	106.366
0.9	0.6	55.6702	341.796	109.74	106.189
0.9	0.7	221	350.958	111.871	105.886
0.9	0.8	287.55	357.584	114.173	105.427
0.9	0.9	309.137	362.577	116.585	104.784
0.9	1	328.876	191.751	119.039	103.935
0.9	2	230.549	241.398	132.452	82.6206
0.9	3	249.131	249.695	110.763	50.04
0.9	4	266.544	271.655	76.0118	28.5093
0.9	5	322.752	334.58	49.1742	18.6046
0.9	6	584.972	477.873	32.4267	14.5629
0.9	7	400.728	479.645	22.5075	12.9513
0.9	8	3651.1	341.476	16.6832	12.3
0.9	9	535.336	1003.27	13.2087	12.0186
0.9	10	658.785	550.42	11.0978	11.8778
0.9	20	6250.37	1448.24	7.71927	11.5972
0.9	30	1603.33	1448.31	7.70069	11.5941
0.9	40	803.559	1448.31	7.70055	11.5941
0.9	50	812.376	1448.31	7.70054	11.5941
0.9	60	1013.77	1448.31	7.70054	11.5941
0.9	70	1031.68	1448.31	7.70054	11.5941
0.9	80	1031.68	1448.31	7.70054	11.5941
0.9	90	1031.68	1448.31	7.70054	11.5941
			
