-3 -1 40.144704 
-3 -0.95 40.143492 
-3 -0.9 40.141966 
-3 -0.85 40.140046 
-3 -0.8 40.137630 
-3 -0.75 40.134589 
-3 -0.7 40.130765 
-3 -0.65 40.125955 
-3 -0.6 40.119907 
-3 -0.55 40.112303 
-3 -0.5 40.102749 
-3 -0.45 40.090748 
-3 -0.4 40.075685 
-3 -0.35 40.056790 
-3 -0.3 40.033113 
-3 -0.25 40.003477 
-3 -0.2 39.966438 
-3 -0.15 39.920230 
-3 -0.1 39.862716 
-3 -0.05 39.791334 
-3 3.19189e-16 39.703050 
-3 0.05 39.594339 
-3 0.1 39.461187 
-3 0.15 39.299170 
-3 0.2 39.103599 
-3 0.25 38.869806 
-3 0.3 38.593574 
-3 0.35 38.271757 
-3 0.4 37.903096 
-3 0.45 37.489188 
-3 0.5 37.035521 
-3 0.55 36.552372 
-3 0.6 36.055224 
-3 0.65 35.564281 
-3 0.7 35.102611 
-3 0.75 34.692737 
-3 0.8 34.352113 
-3 0.85 34.088890 
-3 0.9 33.900043 
-3 0.95 33.773385 
-3 1 33.692791 
-3 1.05 33.643584 
-3 1.1 33.615048 
-3 1.15 33.599884 
-3 1.2 33.592842 
-3 1.25 33.590112 
-3 1.3 33.589268 
-3 1.35 33.589069 
-3 1.4 33.589036 
-3 1.45 33.589033 
-3 1.5 33.589032 
-3 1.55 33.589032 
-3 1.6 33.589032 
-3 1.65 33.589032 
-3 1.7 33.589032 
-3 1.75 33.589032 
-3 1.8 33.589032 
-3 1.85 33.589032 
-3 1.9 33.589032 
-3 1.95 33.589032 
-2.95 -1 40.144132 
-2.95 -0.95 40.142772 
-2.95 -0.9 40.141060 
-2.95 -0.85 40.138906 
-2.95 -0.8 40.136195 
-2.95 -0.75 40.132784 
-2.95 -0.7 40.128494 
-2.95 -0.65 40.123098 
-2.95 -0.6 40.116312 
-2.95 -0.55 40.107783 
-2.95 -0.5 40.097066 
-2.95 -0.45 40.083606 
-2.95 -0.4 40.066712 
-2.95 -0.35 40.045524 
-2.95 -0.3 40.018976 
-2.95 -0.25 39.985753 
-2.95 -0.2 39.944240 
-2.95 -0.15 39.892464 
-2.95 -0.1 39.828041 
-2.95 -0.05 39.748115 
-2.95 3.19189e-16 39.649313 
-2.95 0.05 39.527718 
-2.95 0.1 39.378889 
-2.95 0.15 39.197937 
-2.95 0.2 38.979706 
-2.95 0.25 38.719084 
-2.95 0.3 38.411489 
-2.95 0.35 38.053543 
-2.95 0.4 37.643972 
-2.95 0.45 37.184662 
-2.95 0.5 36.681780 
-2.95 0.55 36.146741 
-2.95 0.6 35.596656 
-2.95 0.65 35.053772 
-2.95 0.7 34.543440 
-2.95 0.75 34.090377 
-2.95 0.8 33.713738 
-2.95 0.85 33.422492 
-2.95 0.9 33.213358 
-2.95 0.95 33.072967 
-2.95 1 32.983574 
-2.95 1.05 32.928977 
-2.95 1.1 32.897314 
-2.95 1.15 32.880490 
-2.95 1.2 32.872678 
-2.95 1.25 32.869650 
-2.95 1.3 32.868713 
-2.95 1.35 32.868493 
-2.95 1.4 32.868456 
-2.95 1.45 32.868452 
-2.95 1.5 32.868452 
-2.95 1.55 32.868452 
-2.95 1.6 32.868452 
-2.95 1.65 32.868452 
-2.95 1.7 32.868452 
-2.95 1.75 32.868452 
-2.95 1.8 32.868452 
-2.95 1.85 32.868452 
-2.95 1.9 32.868452 
-2.95 1.95 32.868452 
-2.9 -1 40.143491 
-2.9 -0.95 40.141965 
-2.9 -0.9 40.140044 
-2.9 -0.85 40.137627 
-2.9 -0.8 40.134586 
-2.9 -0.75 40.130759 
-2.9 -0.7 40.125946 
-2.9 -0.65 40.119892 
-2.9 -0.6 40.112281 
-2.9 -0.55 40.102713 
-2.9 -0.5 40.090692 
-2.9 -0.45 40.075596 
-2.9 -0.4 40.056650 
-2.9 -0.35 40.032891 
-2.9 -0.3 40.003128 
-2.9 -0.25 39.965887 
-2.9 -0.2 39.919365 
-2.9 -0.15 39.861360 
-2.9 -0.1 39.789212 
-2.9 -0.05 39.699742 
-2.9 3.19189e-16 39.589201 
-2.9 0.05 39.453245 
-2.9 0.1 39.286964 
-2.9 0.15 39.084967 
-2.9 0.2 38.841597 
-2.9 0.25 38.551272 
-2.9 0.3 38.209025 
-2.9 0.35 37.811255 
-2.9 0.4 37.356699 
-2.9 0.45 36.847592 
-2.9 0.5 36.290876 
-2.9 0.55 35.699244 
-2.9 0.6 35.091599 
-2.9 0.65 34.492417 
-2.9 0.7 33.929494 
-2.9 0.75 33.429868 
-2.9 0.8 33.014460 
-2.9 0.85 32.693064 
-2.9 0.9 32.462091 
-2.9 0.95 32.306904 
-2.9 1 32.208022 
-2.9 1.05 32.147610 
-2.9 1.1 32.112574 
-2.9 1.15 32.093961 
-2.9 1.2 32.085319 
-2.9 1.25 32.081969 
-2.9 1.3 32.080932 
-2.9 1.35 32.080689 
-2.9 1.4 32.080648 
-2.9 1.45 32.080644 
-2.9 1.5 32.080644 
-2.9 1.55 32.080644 
-2.9 1.6 32.080644 
-2.9 1.65 32.080644 
-2.9 1.7 32.080644 
-2.9 1.75 32.080644 
-2.9 1.8 32.080644 
-2.9 1.85 32.080644 
-2.9 1.9 32.080644 
-2.9 1.95 32.080644 
-2.85 -1 40.142772 
-2.85 -0.95 40.141059 
-2.85 -0.9 40.138904 
-2.85 -0.85 40.136193 
-2.85 -0.8 40.132780 
-2.85 -0.75 40.128488 
-2.85 -0.7 40.123088 
-2.85 -0.65 40.116297 
-2.85 -0.6 40.107758 
-2.85 -0.55 40.097026 
-2.85 -0.5 40.083543 
-2.85 -0.45 40.066612 
-2.85 -0.4 40.045367 
-2.85 -0.35 40.018728 
-2.85 -0.3 39.985362 
-2.85 -0.25 39.943623 
-2.85 -0.2 39.891496 
-2.85 -0.15 39.826523 
-2.85 -0.1 39.745742 
-2.85 -0.05 39.645616 
-2.85 3.19189e-16 39.521981 
-2.85 0.05 39.370030 
-2.85 0.1 39.184337 
-2.85 0.15 38.958977 
-2.85 0.2 38.687750 
-2.85 0.25 38.364582 
-2.85 0.3 37.984112 
-2.85 0.35 37.542523 
-2.85 0.4 37.038607 
-2.85 0.45 36.475018 
-2.85 0.5 35.859597 
-2.85 0.55 35.206474 
-2.85 0.6 34.536536 
-2.85 0.65 33.876682 
-2.85 0.7 33.257311 
-2.85 0.75 32.707878 
-2.85 0.8 32.251100 
-2.85 0.85 31.897563 
-2.85 0.9 31.643306 
-2.85 0.95 31.472327 
-2.85 1 31.363306 
-2.85 1.05 31.296678 
-2.85 1.1 31.258037 
-2.85 1.15 31.237512 
-2.85 1.2 31.227983 
-2.85 1.25 31.224289 
-2.85 1.3 31.223146 
-2.85 1.35 31.222878 
-2.85 1.4 31.222833 
-2.85 1.45 31.222828 
-2.85 1.5 31.222828 
-2.85 1.55 31.222828 
-2.85 1.6 31.222828 
-2.85 1.65 31.222828 
-2.85 1.7 31.222828 
-2.85 1.75 31.222828 
-2.85 1.8 31.222828 
-2.85 1.85 31.222828 
-2.85 1.9 31.222828 
-2.85 1.95 31.222828 
-2.8 -1 40.141964 
-2.8 -0.95 40.140043 
-2.8 -0.9 40.137625 
-2.8 -0.85 40.134583 
-2.8 -0.8 40.130755 
-2.8 -0.75 40.125939 
-2.8 -0.7 40.119881 
-2.8 -0.65 40.112263 
-2.8 -0.6 40.102685 
-2.8 -0.55 40.090647 
-2.8 -0.5 40.075525 
-2.8 -0.45 40.056538 
-2.8 -0.4 40.032715 
-2.8 -0.35 40.002849 
-2.8 -0.3 39.965449 
-2.8 -0.25 39.918675 
-2.8 -0.2 39.860276 
-2.8 -0.15 39.787514 
-2.8 -0.1 39.697089 
-2.8 -0.05 39.585070 
-2.8 3.19189e-16 39.446842 
-2.8 0.05 39.277088 
-2.8 0.1 39.069828 
-2.8 0.15 38.818556 
-2.8 0.2 38.516503 
-2.8 0.25 38.157075 
-2.8 0.3 37.734515 
-2.8 0.35 37.244810 
-2.8 0.4 36.686858 
-2.8 0.45 36.063837 
-2.8 0.5 35.384628 
-2.8 0.55 34.664995 
-2.8 0.6 33.928029 
-2.8 0.65 33.203251 
-2.8 0.7 32.523809 
-2.8 0.75 31.921628 
-2.8 0.8 31.421186 
-2.8 0.85 31.033784 
-2.8 0.9 30.754991 
-2.8 0.95 30.567352 
-2.8 1 30.447621 
-2.8 1.05 30.374421 
-2.8 1.1 30.331969 
-2.8 1.15 30.309423 
-2.8 1.2 30.298957 
-2.8 1.25 30.294900 
-2.8 1.3 30.293645 
-2.8 1.35 30.293351 
-2.8 1.4 30.293302 
-2.8 1.45 30.293296 
-2.8 1.5 30.293296 
-2.8 1.55 30.293296 
-2.8 1.6 30.293296 
-2.8 1.65 30.293296 
-2.8 1.7 30.293296 
-2.8 1.75 30.293296 
-2.8 1.8 30.293296 
-2.8 1.85 30.293296 
-2.8 1.9 30.293296 
-2.8 1.95 30.293296 
-2.75 -1 40.141058 
-2.75 -0.95 40.138903 
-2.75 -0.9 40.136191 
-2.75 -0.85 40.132777 
-2.75 -0.8 40.128483 
-2.75 -0.75 40.123080 
-2.75 -0.7 40.116284 
-2.75 -0.65 40.107738 
-2.75 -0.6 40.096994 
-2.75 -0.55 40.083493 
-2.75 -0.5 40.066533 
-2.75 -0.45 40.045241 
-2.75 -0.4 40.018530 
-2.75 -0.35 39.985050 
-2.75 -0.3 39.943132 
-2.75 -0.25 39.890722 
-2.75 -0.2 39.825310 
-2.75 -0.15 39.743843 
-2.75 -0.1 39.642650 
-2.75 -0.05 39.517369 
-2.75 3.19189e-16 39.362888 
-2.75 0.05 39.173336 
-2.75 0.1 38.942137 
-2.75 0.15 38.662165 
-2.75 0.2 38.326046 
-2.75 0.25 37.926653 
-2.75 0.3 37.457832 
-2.75 0.35 36.915409 
-2.75 0.4 36.298465 
-2.75 0.45 35.610826 
-2.75 0.5 34.862605 
-2.75 0.55 34.071433 
-2.75 0.6 33.262854 
-2.75 0.65 32.469223 
-2.75 0.7 31.726546 
-2.75 0.75 31.069200 
-2.75 0.8 30.523311 
-2.75 0.85 30.100746 
-2.75 0.9 29.796479 
-2.75 0.95 29.591517 
-2.75 1 29.460630 
-2.75 1.05 29.380577 
-2.75 1.1 29.334149 
-2.75 1.15 29.309495 
-2.75 1.2 29.298052 
-2.75 1.25 29.293617 
-2.75 1.3 29.292245 
-2.75 1.35 29.291923 
-2.75 1.4 29.291870 
-2.75 1.45 29.291864 
-2.75 1.5 29.291863 
-2.75 1.55 29.291863 
-2.75 1.6 29.291863 
-2.75 1.65 29.291863 
-2.75 1.7 29.291863 
-2.75 1.75 29.291863 
-2.75 1.8 29.291863 
-2.75 1.85 29.291863 
-2.75 1.9 29.291863 
-2.75 1.95 29.291863 
-2.7 -1 40.140042 
-2.7 -0.95 40.137624 
-2.7 -0.9 40.134581 
-2.7 -0.85 40.130751 
-2.7 -0.8 40.125933 
-2.7 -0.75 40.119872 
-2.7 -0.7 40.112249 
-2.7 -0.65 40.102662 
-2.7 -0.6 40.090612 
-2.7 -0.55 40.075469 
-2.7 -0.5 40.056449 
-2.7 -0.45 40.032574 
-2.7 -0.4 40.002627 
-2.7 -0.35 39.965099 
-2.7 -0.3 39.918124 
-2.7 -0.25 39.859410 
-2.7 -0.2 39.786156 
-2.7 -0.15 39.694965 
-2.7 -0.1 39.581758 
-2.7 -0.05 39.441695 
-2.7 3.19189e-16 39.269127 
-2.7 0.05 39.057583 
-2.7 0.1 38.799843 
-2.7 0.15 38.488123 
-2.7 0.2 38.114418 
-2.7 0.25 37.671052 
-2.7 0.3 37.151493 
-2.7 0.35 36.551456 
-2.7 0.4 35.870309 
-2.7 0.45 35.112697 
-2.7 0.5 34.290200 
-2.7 0.55 33.422606 
-2.7 0.6 32.538198 
-2.7 0.65 31.672369 
-2.7 0.7 30.864040 
-2.7 0.75 30.149926 
-2.7 0.8 29.557574 
-2.7 0.85 29.099177 
-2.7 0.9 28.768956 
-2.7 0.95 28.546307 
-2.7 1 28.403997 
-2.7 1.05 28.316914 
-2.7 1.1 28.266406 
-2.7 1.15 28.239589 
-2.7 1.2 28.227145 
-2.7 1.25 28.222322 
-2.7 1.3 28.220830 
-2.7 1.35 28.220480 
-2.7 1.4 28.220421 
-2.7 1.45 28.220415 
-2.7 1.5 28.220414 
-2.7 1.55 28.220414 
-2.7 1.6 28.220414 
-2.7 1.65 28.220414 
-2.7 1.7 28.220414 
-2.7 1.75 28.220414 
-2.7 1.8 28.220414 
-2.7 1.85 28.220414 
-2.7 1.9 28.220414 
-2.7 1.95 28.220414 
-2.65 -1 40.138902 
-2.65 -0.95 40.136189 
-2.65 -0.9 40.132775 
-2.65 -0.85 40.128479 
-2.65 -0.8 40.123073 
-2.65 -0.75 40.116274 
-2.65 -0.7 40.107722 
-2.65 -0.65 40.096969 
-2.65 -0.6 40.083453 
-2.65 -0.55 40.066470 
-2.65 -0.5 40.045141 
-2.65 -0.45 40.018372 
-2.65 -0.4 39.984801 
-2.65 -0.35 39.942740 
-2.65 -0.3 39.890106 
-2.65 -0.25 39.824341 
-2.65 -0.2 39.742325 
-2.65 -0.15 39.640277 
-2.65 -0.1 39.513671 
-2.65 -0.05 39.357148 
-2.65 3.19189e-16 39.164469 
-2.65 0.05 38.928519 
-2.65 0.1 38.641391 
-2.65 0.15 38.294604 
-2.65 0.2 37.879496 
-2.65 0.25 37.387844 
-2.65 0.3 36.812767 
-2.65 0.35 36.149946 
-2.65 0.4 35.399179 
-2.65 0.45 34.566157 
-2.65 0.5 33.664233 
-2.65 0.55 32.715702 
-2.65 0.6 31.751907 
-2.65 0.65 30.811469 
-2.65 0.7 29.936192 
-2.65 0.75 29.164877 
-2.65 0.8 28.526116 
-2.65 0.85 28.032085 
-2.65 0.9 27.676050 
-2.65 0.95 27.435754 
-2.65 1 27.281999 
-2.65 1.05 27.187851 
-2.65 1.1 27.133237 
-2.65 1.15 27.104244 
-2.65 1.2 27.090792 
-2.65 1.25 27.085579 
-2.65 1.3 27.083966 
-2.65 1.35 27.083588 
-2.65 1.4 27.083525 
-2.65 1.45 27.083518 
-2.65 1.5 27.083517 
-2.65 1.55 27.083517 
-2.65 1.6 27.083517 
-2.65 1.65 27.083517 
-2.65 1.7 27.083517 
-2.65 1.75 27.083517 
-2.65 1.8 27.083517 
-2.65 1.85 27.083517 
-2.65 1.9 27.083517 
-2.65 1.95 27.083517 
-2.6 -1 40.137623 
-2.6 -0.95 40.134579 
-2.6 -0.9 40.130749 
-2.6 -0.85 40.125929 
-2.6 -0.8 40.119865 
-2.6 -0.75 40.112237 
-2.6 -0.7 40.102644 
-2.6 -0.65 40.090583 
-2.6 -0.6 40.075424 
-2.6 -0.55 40.056378 
-2.6 -0.5 40.032462 
-2.6 -0.45 40.002451 
-2.6 -0.4 39.964820 
-2.6 -0.35 39.917685 
-2.6 -0.3 39.858720 
-2.6 -0.25 39.785073 
-2.6 -0.2 39.693268 
-2.6 -0.15 39.579107 
-2.6 -0.1 39.437569 
-2.6 -0.05 39.262730 
-2.6 3.19189e-16 39.047715 
-2.6 0.05 38.784713 
-2.6 0.1 38.465086 
-2.6 0.15 38.079626 
-2.6 0.2 37.618998 
-2.6 0.25 37.074439 
-2.6 0.3 36.438771 
-2.6 0.35 35.707759 
-2.6 0.4 34.881829 
-2.6 0.45 33.968014 
-2.6 0.5 32.981834 
-2.6 0.55 31.948516 
-2.6 0.6 30.902820 
-2.6 0.65 29.886732 
-2.6 0.7 28.944781 
-2.6 0.75 28.117420 
-2.6 0.8 27.433725 
-2.6 0.85 26.905387 
-2.6 0.9 26.524480 
-2.6 0.95 26.267089 
-2.6 1 26.102178 
-2.6 1.05 26.001109 
-2.6 1.1 25.942464 
-2.6 1.15 25.911334 
-2.6 1.2 25.896892 
-2.6 1.25 25.891296 
-2.6 1.3 25.889565 
-2.6 1.35 25.889159 
-2.6 1.4 25.889091 
-2.6 1.45 25.889084 
-2.6 1.5 25.889083 
-2.6 1.55 25.889083 
-2.6 1.6 25.889083 
-2.6 1.65 25.889083 
-2.6 1.7 25.889083 
-2.6 1.75 25.889083 
-2.6 1.8 25.889083 
-2.6 1.85 25.889083 
-2.6 1.9 25.889083 
-2.6 1.95 25.889083 
-2.55 -1 40.136188 
-2.55 -0.95 40.132773 
-2.55 -0.9 40.128475 
-2.55 -0.85 40.123068 
-2.55 -0.8 40.116266 
-2.55 -0.75 40.107709 
-2.55 -0.7 40.096949 
-2.55 -0.65 40.083421 
-2.55 -0.6 40.066420 
-2.55 -0.55 40.045062 
-2.55 -0.5 40.018247 
-2.55 -0.45 39.984603 
-2.55 -0.4 39.942428 
-2.55 -0.35 39.889615 
-2.55 -0.3 39.823569 
-2.55 -0.25 39.741113 
-2.55 -0.2 39.638380 
-2.55 -0.15 39.510711 
-2.55 -0.1 39.352545 
-2.55 -0.05 39.157345 
-2.55 3.19189e-16 38.917547 
-2.55 0.05 38.624598 
-2.55 0.1 38.269089 
-2.55 0.15 37.841053 
-2.55 0.2 37.330476 
-2.55 0.25 36.728087 
-2.55 0.3 36.026493 
-2.55 0.35 35.221706 
-2.55 0.4 34.315052 
-2.55 0.45 33.315309 
-2.55 0.5 32.240655 
-2.55 0.55 31.119763 
-2.55 0.6 29.991172 
-2.55 0.65 28.900296 
-2.55 0.7 27.894045 
-2.55 0.75 27.013845 
-2.55 0.8 26.288483 
-2.55 0.85 25.728561 
-2.55 0.9 25.324701 
-2.55 0.95 25.051395 
-2.55 1 24.875985 
-2.55 1.05 24.768352 
-2.55 1.1 24.705870 
-2.55 1.15 24.672703 
-2.55 1.2 24.657319 
-2.55 1.25 24.651358 
-2.55 1.3 24.649514 
-2.55 1.35 24.649081 
-2.55 1.4 24.649009 
-2.55 1.45 24.649001 
-2.55 1.5 24.649001 
-2.55 1.55 24.649001 
-2.55 1.6 24.649001 
-2.55 1.65 24.649001 
-2.55 1.7 24.649001 
-2.55 1.75 24.649001 
-2.55 1.8 24.649001 
-2.55 1.85 24.649001 
-2.55 1.9 24.649001 
-2.55 1.95 24.649001 
-2.5 -1 40.134578 
-2.5 -0.95 40.130746 
-2.5 -0.9 40.125925 
-2.5 -0.85 40.119859 
-2.5 -0.8 40.112228 
-2.5 -0.75 40.102630 
-2.5 -0.7 40.090561 
-2.5 -0.65 40.075388 
-2.5 -0.6 40.056322 
-2.5 -0.55 40.032373 
-2.5 -0.5 40.002310 
-2.5 -0.45 39.964599 
-2.5 -0.4 39.917336 
-2.5 -0.35 39.858170 
-2.5 -0.3 39.784209 
-2.5 -0.25 39.691913 
-2.5 -0.2 39.576988 
-2.5 -0.15 39.434266 
-2.5 -0.1 39.257601 
-2.5 -0.05 39.039786 
-2.5 3.19189e-16 38.772524 
-2.5 0.05 38.446469 
-2.5 0.1 38.051403 
-2.5 0.15 37.576582 
-2.5 0.2 37.011321 
-2.5 0.25 36.345894 
-2.5 0.3 35.572819 
-2.5 0.35 34.688588 
-2.5 0.4 33.695804 
-2.5 0.45 32.605506 
-2.5 0.5 31.439157 
-2.5 0.55 30.229463 
-2.5 0.6 29.019096 
-2.5 0.65 27.856812 
-2.5 0.7 26.791301 
-2.5 0.75 25.864000 
-2.5 0.8 25.102386 
-2.5 0.85 24.515242 
-2.5 0.9 24.091480 
-2.5 0.95 23.804150 
-2.5 1 23.619323 
-2.5 1.05 23.505724 
-2.5 1.1 23.439731 
-2.5 1.15 23.404697 
-2.5 1.2 23.388448 
-2.5 1.25 23.382153 
-2.5 1.3 23.380205 
-2.5 1.35 23.379748 
-2.5 1.4 23.379672 
-2.5 1.45 23.379663 
-2.5 1.5 23.379663 
-2.5 1.55 23.379663 
-2.5 1.6 23.379663 
-2.5 1.65 23.379663 
-2.5 1.7 23.379663 
-2.5 1.75 23.379663 
-2.5 1.8 23.379663 
-2.5 1.85 23.379663 
-2.5 1.9 23.379663 
-2.5 1.95 23.379663 
-2.45 -1 40.132771 
-2.45 -0.95 40.128473 
-2.45 -0.9 40.123064 
-2.45 -0.85 40.116259 
-2.45 -0.8 40.107699 
-2.45 -0.75 40.096933 
-2.45 -0.7 40.083396 
-2.45 -0.65 40.066380 
-2.45 -0.6 40.044999 
-2.45 -0.55 40.018147 
-2.45 -0.5 39.984446 
-2.45 -0.45 39.942180 
-2.45 -0.4 39.889224 
-2.45 -0.35 39.822954 
-2.45 -0.3 39.740146 
-2.45 -0.25 39.636866 
-2.45 -0.2 39.508345 
-2.45 -0.15 39.348862 
-2.45 -0.1 39.151633 
-2.45 -0.05 38.908732 
-2.45 3.19189e-16 38.611072 
-2.45 0.05 38.248474 
-2.45 0.1 37.809878 
-2.45 0.15 37.283754 
-2.45 0.2 36.658772 
-2.45 0.25 35.924844 
-2.45 0.3 35.074585 
-2.45 0.35 34.105295 
-2.45 0.4 33.021354 
-2.45 0.45 31.836740 
-2.45 0.5 30.576962 
-2.45 0.55 29.279415 
-2.45 0.6 27.991186 
-2.45 0.65 26.764056 
-2.45 0.7 25.647571 
-2.45 0.75 24.681866 
-2.45 0.8 23.891852 
-2.45 0.85 23.283664 
-2.45 0.9 22.844280 
-2.45 0.95 22.545583 
-2.45 1 22.352868 
-2.45 1.05 22.234152 
-2.45 1.1 22.165114 
-2.45 1.15 22.128455 
-2.45 1.2 22.111453 
-2.45 1.25 22.104866 
-2.45 1.3 22.102829 
-2.45 1.35 22.102350 
-2.45 1.4 22.102271 
-2.45 1.45 22.102262 
-2.45 1.5 22.102261 
-2.45 1.55 22.102261 
-2.45 1.6 22.102261 
-2.45 1.65 22.102261 
-2.45 1.7 22.102261 
-2.45 1.75 22.102261 
-2.45 1.8 22.102261 
-2.45 1.85 22.102261 
-2.45 1.9 22.102261 
-2.45 1.95 22.102261 
-2.4 -1 40.130744 
-2.4 -0.95 40.125922 
-2.4 -0.9 40.119855 
-2.4 -0.85 40.112221 
-2.4 -0.8 40.102619 
-2.4 -0.75 40.090543 
-2.4 -0.7 40.075360 
-2.4 -0.65 40.056277 
-2.4 -0.6 40.032303 
-2.4 -0.55 40.002199 
-2.4 -0.5 39.964422 
-2.4 -0.45 39.917058 
-2.4 -0.4 39.857733 
-2.4 -0.35 39.783520 
-2.4 -0.3 39.690833 
-2.4 -0.25 39.575297 
-2.4 -0.2 39.431627 
-2.4 -0.15 39.253496 
-2.4 -0.1 39.033431 
-2.4 -0.05 38.762733 
-2.4 3.19189e-16 38.431477 
-2.4 0.05 38.028607 
-2.4 0.1 37.542201 
-2.4 0.15 36.959945 
-2.4 0.2 36.269928 
-2.4 0.25 35.461833 
-2.4 0.3 34.528646 
-2.4 0.35 33.468926 
-2.4 0.4 32.289498 
-2.4 0.45 31.008136 
-2.4 0.5 29.655299 
-2.4 0.55 28.273747 
-2.4 0.6 26.915106 
-2.4 0.65 25.633541 
-2.4 0.7 24.478102 
-2.4 0.75 23.485963 
-2.4 0.8 22.677992 
-2.4 0.85 22.056810 
-2.4 0.9 21.607323 
-2.4 0.95 21.300677 
-2.4 1 21.102042 
-2.4 1.05 20.979310 
-2.4 1.1 20.907827 
-2.4 1.15 20.869854 
-2.4 1.2 20.852242 
-2.4 1.25 20.845420 
-2.4 1.3 20.843309 
-2.4 1.35 20.842813 
-2.4 1.4 20.842731 
-2.4 1.45 20.842722 
-2.4 1.5 20.842721 
-2.4 1.55 20.842721 
-2.4 1.6 20.842721 
-2.4 1.65 20.842721 
-2.4 1.7 20.842721 
-2.4 1.75 20.842721 
-2.4 1.8 20.842721 
-2.4 1.85 20.842721 
-2.4 1.9 20.842721 
-2.4 1.95 20.842721 
-2.35 -1 40.128471 
-2.35 -0.95 40.123061 
-2.35 -0.9 40.116254 
-2.35 -0.85 40.107691 
-2.35 -0.8 40.096920 
-2.35 -0.75 40.083376 
-2.35 -0.7 40.066348 
-2.35 -0.65 40.044949 
-2.35 -0.6 40.018068 
-2.35 -0.55 39.984321 
-2.35 -0.5 39.941982 
-2.35 -0.45 39.888912 
-2.35 -0.4 39.822464 
-2.35 -0.35 39.739377 
-2.35 -0.3 39.635659 
-2.35 -0.25 39.506458 
-2.35 -0.2 39.345919 
-2.35 -0.15 39.147062 
-2.35 -0.1 38.901667 
-2.35 -0.05 38.600209 
-2.35 3.19189e-16 38.231877 
-2.35 0.05 37.784706 
-2.35 0.1 37.245897 
-2.35 0.15 36.602386 
-2.35 0.2 35.841772 
-2.35 0.25 34.953724 
-2.35 0.3 33.931980 
-2.35 0.35 32.776969 
-2.35 0.4 31.498837 
-2.35 0.45 30.120211 
-2.35 0.5 28.677521 
-2.35 0.55 27.219512 
-2.35 0.6 25.802191 
-2.35 0.65 24.481008 
-2.35 0.7 23.302699 
-2.35 0.75 22.299463 
-2.35 0.8 21.486517 
-2.35 0.85 20.862148 
-2.35 0.9 20.409207 
-2.35 0.95 20.098709 
-2.35 1 19.896514 
-2.35 1.05 19.771079 
-2.35 1.1 19.697871 
-2.35 1.15 19.658956 
-2.35 1.2 19.640905 
-2.35 1.25 19.633912 
-2.35 1.3 19.631748 
-2.35 1.35 19.631241 
-2.35 1.4 19.631156 
-2.35 1.45 19.631146 
-2.35 1.5 19.631146 
-2.35 1.55 19.631146 
-2.35 1.6 19.631146 
-2.35 1.65 19.631146 
-2.35 1.7 19.631146 
-2.35 1.75 19.631146 
-2.35 1.8 19.631146 
-2.35 1.85 19.631146 
-2.35 1.9 19.631146 
-2.35 1.95 19.631146 
-2.3 -1 40.125920 
-2.3 -0.95 40.119851 
-2.3 -0.9 40.112215 
-2.3 -0.85 40.102610 
-2.3 -0.8 40.090529 
-2.3 -0.75 40.075338 
-2.3 -0.7 40.056242 
-2.3 -0.65 40.032246 
-2.3 -0.6 40.002110 
-2.3 -0.55 39.964282 
-2.3 -0.5 39.916837 
-2.3 -0.45 39.857384 
-2.3 -0.4 39.782972 
-2.3 -0.35 39.689972 
-2.3 -0.3 39.573949 
-2.3 -0.25 39.429520 
-2.3 -0.2 39.250217 
-2.3 -0.15 39.028346 
-2.3 -0.1 38.754886 
-2.3 -0.05 38.419437 
-2.3 3.19189e-16 38.010257 
-2.3 0.05 37.514448 
-2.3 0.1 36.918337 
-2.3 0.15 36.208170 
-2.3 0.2 35.371213 
-2.3 0.25 34.397424 
-2.3 0.3 33.281824 
-2.3 0.35 32.027534 
-2.3 0.4 30.649131 
-2.3 0.45 29.175353 
-2.3 0.5 27.649681 
-2.3 0.55 26.127281 
-2.3 0.6 24.667938 
-2.3 0.65 23.326716 
-2.3 0.7 22.145712 
-2.3 0.75 21.149866 
-2.3 0.8 20.347139 
-2.3 0.85 19.730828 
-2.3 0.9 19.281962 
-2.3 0.95 18.972221 
-2.3 1 18.769114 
-2.3 1.05 18.642453 
-2.3 1.1 18.568325 
-2.3 1.15 18.528882 
-2.3 1.2 18.510583 
-2.3 1.25 18.503493 
-2.3 1.3 18.501299 
-2.3 1.35 18.500784 
-2.3 1.4 18.500698 
-2.3 1.45 18.500689 
-2.3 1.5 18.500688 
-2.3 1.55 18.500688 
-2.3 1.6 18.500688 
-2.3 1.65 18.500688 
-2.3 1.7 18.500688 
-2.3 1.75 18.500688 
-2.3 1.8 18.500688 
-2.3 1.85 18.500688 
-2.3 1.9 18.500688 
-2.3 1.95 18.500688 
-2.25 -1 40.123059 
-2.25 -0.95 40.116250 
-2.25 -0.9 40.107685 
-2.25 -0.85 40.096910 
-2.25 -0.8 40.083360 
-2.25 -0.75 40.066323 
-2.25 -0.7 40.044909 
-2.25 -0.65 40.018005 
-2.25 -0.6 39.984221 
-2.25 -0.55 39.941825 
-2.25 -0.5 39.888665 
-2.25 -0.45 39.822074 
-2.25 -0.4 39.738764 
-2.25 -0.35 39.634697 
-2.25 -0.3 39.504952 
-2.25 -0.25 39.343570 
-2.25 -0.2 39.143411 
-2.25 -0.15 38.896014 
-2.25 -0.1 38.591503 
-2.25 -0.05 38.218550 
-2.25 3.19189e-16 37.764448 
-2.25 0.05 37.215349 
-2.25 0.1 36.556742 
-2.25 0.15 35.774284 
-2.25 0.2 34.855140 
-2.25 0.25 33.789992 
-2.25 0.3 32.575868 
-2.25 0.35 31.219654 
-2.25 0.4 29.741727 
-2.25 0.45 28.178369 
-2.25 0.5 26.581132 
-2.25 0.55 25.011663 
-2.25 0.6 23.532302 
-2.25 0.65 22.195377 
-2.25 0.7 21.035561 
-2.25 0.75 20.068148 
-2.25 0.8 19.292404 
-2.25 0.85 18.696285 
-2.25 0.9 18.259505 
-2.25 0.95 17.955394 
-2.25 1 17.754166 
-2.25 1.05 17.627831 
-2.25 1.1 17.553627 
-2.25 1.15 17.514093 
-2.25 1.2 17.495745 
-2.25 1.25 17.488636 
-2.25 1.3 17.486436 
-2.25 1.35 17.485919 
-2.25 1.4 17.485833 
-2.25 1.45 17.485824 
-2.25 1.5 17.485823 
-2.25 1.55 17.485823 
-2.25 1.6 17.485823 
-2.25 1.65 17.485823 
-2.25 1.7 17.485823 
-2.25 1.75 17.485823 
-2.25 1.8 17.485823 
-2.25 1.85 17.485823 
-2.25 1.9 17.485823 
-2.25 1.95 17.485823 
-2.2 -1 40.119848 
-2.2 -0.95 40.112211 
-2.2 -0.9 40.102603 
-2.2 -0.85 40.090517 
-2.2 -0.8 40.075320 
-2.2 -0.75 40.056213 
-2.2 -0.7 40.032202 
-2.2 -0.65 40.002039 
-2.2 -0.6 39.964171 
-2.2 -0.55 39.916661 
-2.2 -0.5 39.857107 
-2.2 -0.45 39.782536 
-2.2 -0.4 39.689287 
-2.2 -0.35 39.572874 
-2.2 -0.3 39.427841 
-2.2 -0.25 39.247600 
-2.2 -0.2 39.024283 
-2.2 -0.15 38.748609 
-2.2 -0.1 38.409791 
-2.2 -0.05 37.995527 
-2.2 3.19189e-16 37.492119 
-2.2 0.05 36.884774 
-2.2 0.1 36.158204 
-2.2 0.15 35.297648 
-2.2 0.2 34.290505 
-2.2 0.25 33.128791 
-2.2 0.3 31.812505 
-2.2 0.35 30.353665 
-2.2 0.4 28.780076 
-2.2 0.45 27.137076 
-2.2 0.5 25.485068 
-2.2 0.55 23.891638 
-2.2 0.6 22.419636 
-2.2 0.65 21.115612 
-2.2 0.7 20.003708 
-2.2 0.75 19.087299 
-2.2 0.8 18.355917 
-2.2 0.85 17.792260 
-2.2 0.9 17.375538 
-2.2 0.95 17.081867 
-2.2 1 16.885268 
-2.2 1.05 16.760788 
-2.2 1.1 16.687343 
-2.2 1.15 16.648145 
-2.2 1.2 16.629945 
-2.2 1.25 16.622892 
-2.2 1.3 16.620709 
-2.2 1.35 16.620196 
-2.2 1.4 16.620111 
-2.2 1.45 16.620101 
-2.2 1.5 16.620101 
-2.2 1.55 16.620101 
-2.2 1.6 16.620101 
-2.2 1.65 16.620101 
-2.2 1.7 16.620101 
-2.2 1.75 16.620101 
-2.2 1.8 16.620101 
-2.2 1.85 16.620101 
-2.2 1.9 16.620101 
-2.2 1.95 16.620101 
-2.15 -1 40.116247 
-2.15 -0.95 40.107680 
-2.15 -0.9 40.096902 
-2.15 -0.85 40.083347 
-2.15 -0.8 40.066303 
-2.15 -0.75 40.044877 
-2.15 -0.7 40.017955 
-2.15 -0.65 39.984142 
-2.15 -0.6 39.941700 
-2.15 -0.55 39.888468 
-2.15 -0.5 39.821763 
-2.15 -0.45 39.738276 
-2.15 -0.4 39.633932 
-2.15 -0.35 39.503753 
-2.15 -0.3 39.341698 
-2.15 -0.25 39.140497 
-2.15 -0.2 38.891498 
-2.15 -0.15 38.584540 
-2.15 -0.1 38.207874 
-2.15 -0.05 37.748189 
-2.15 3.19189e-16 37.190779 
-2.15 0.05 36.519938 
-2.15 0.1 35.719714 
-2.15 0.15 34.775175 
-2.15 0.2 33.674442 
-2.15 0.25 32.411690 
-2.15 0.3 30.991155 
-2.15 0.35 29.431664 
-2.15 0.4 27.770294 
-2.15 0.45 26.062870 
-2.15 0.5 24.378926 
-2.15 0.55 22.790570 
-2.15 0.6 21.358178 
-2.15 0.65 20.118847 
-2.15 0.7 19.083024 
-2.15 0.75 18.240305 
-2.15 0.8 17.570069 
-2.15 0.85 17.050372 
-2.15 0.9 16.661042 
-2.15 0.95 16.382199 
-2.15 1 16.192732 
-2.15 1.05 16.071500 
-2.15 1.1 15.999573 
-2.15 1.15 15.961104 
-2.15 1.2 15.943230 
-2.15 1.25 15.936302 
-2.15 1.3 15.934157 
-2.15 1.35 15.933653 
-2.15 1.4 15.933569 
-2.15 1.45 15.933559 
-2.15 1.5 15.933559 
-2.15 1.55 15.933559 
-2.15 1.6 15.933559 
-2.15 1.65 15.933559 
-2.15 1.7 15.933559 
-2.15 1.75 15.933559 
-2.15 1.8 15.933559 
-2.15 1.85 15.933559 
-2.15 1.9 15.933559 
-2.15 1.95 15.933559 
-2.1 -1 40.112207 
-2.1 -0.95 40.102597 
-2.1 -0.9 40.090509 
-2.1 -0.85 40.075306 
-2.1 -0.8 40.056191 
-2.1 -0.75 40.032166 
-2.1 -0.7 40.001983 
-2.1 -0.65 39.964082 
-2.1 -0.6 39.916521 
-2.1 -0.55 39.856886 
-2.1 -0.5 39.782189 
-2.1 -0.45 39.688742 
-2.1 -0.4 39.572019 
-2.1 -0.35 39.426503 
-2.1 -0.3 39.245513 
-2.1 -0.25 39.021041 
-2.1 -0.2 38.743595 
-2.1 -0.15 38.402075 
-2.1 -0.1 37.983727 
-2.1 -0.05 37.474201 
-2.1 3.19189e-16 36.857786 
-2.1 0.05 36.117933 
-2.1 0.1 35.238200 
-2.1 0.15 34.203859 
-2.1 0.2 33.004423 
-2.1 0.25 31.637330 
-2.1 0.3 30.112661 
-2.1 0.35 28.458038 
-2.1 0.4 26.721745 
-2.1 0.45 24.971200 
-2.1 0.5 23.284519 
-2.1 0.55 21.735792 
-2.1 0.6 20.378965 
-2.1 0.65 19.237620 
-2.1 0.7 18.305628 
-2.1 0.75 17.557697 
-2.1 0.8 16.963442 
-2.1 0.85 16.497471 
-2.1 0.9 16.141611 
-2.1 0.95 15.881195 
-2.1 1 15.700918 
-2.1 1.05 15.584086 
-2.1 1.1 15.514306 
-2.1 1.15 15.476889 
-2.1 1.2 15.459490 
-2.1 1.25 15.452743 
-2.1 1.3 15.450654 
-2.1 1.35 15.450163 
-2.1 1.4 15.450081 
-2.1 1.45 15.450072 
-2.1 1.5 15.450072 
-2.1 1.55 15.450072 
-2.1 1.6 15.450072 
-2.1 1.65 15.450072 
-2.1 1.7 15.450072 
-2.1 1.75 15.450072 
-2.1 1.8 15.450072 
-2.1 1.85 15.450072 
-2.1 1.9 15.450072 
-2.1 1.95 15.450072 
-2.05 -1 40.107676 
-2.05 -0.95 40.096896 
-2.05 -0.9 40.083337 
-2.05 -0.85 40.066287 
-2.05 -0.8 40.044852 
-2.05 -0.75 40.017915 
-2.05 -0.7 39.984079 
-2.05 -0.65 39.941601 
-2.05 -0.6 39.888311 
-2.05 -0.55 39.821517 
-2.05 -0.5 39.737887 
-2.05 -0.45 39.633322 
-2.05 -0.4 39.502798 
-2.05 -0.35 39.340206 
-2.05 -0.3 39.138174 
-2.05 -0.25 38.887895 
-2.05 -0.2 38.578978 
-2.05 -0.15 38.199336 
-2.05 -0.1 37.735168 
-2.05 -0.05 37.171067 
-2.05 3.19189e-16 36.490354 
-2.05 0.05 35.675751 
-2.05 0.1 34.710598 
-2.05 0.15 33.580895 
-2.05 0.2 32.278470 
-2.05 0.25 30.805467 
-2.05 0.3 29.179774 
-2.05 0.35 27.440043 
-2.05 0.4 25.647577 
-2.05 0.45 23.881828 
-2.05 0.5 22.227768 
-2.05 0.55 20.757638 
-2.05 0.6 19.514173 
-2.05 0.65 18.503369 
-2.05 0.7 17.700366 
-2.05 0.75 17.064919 
-2.05 0.8 16.558190 
-2.05 0.85 16.153085 
-2.05 0.9 15.834965 
-2.05 0.95 15.595477 
-2.05 1 15.425830 
-2.05 1.05 15.314216 
-2.05 1.1 15.247035 
-2.05 1.15 15.210903 
-2.05 1.2 15.194086 
-2.05 1.25 15.187562 
-2.05 1.3 15.185541 
-2.05 1.35 15.185066 
-2.05 1.4 15.184987 
-2.05 1.45 15.184978 
-2.05 1.5 15.184978 
-2.05 1.55 15.184978 
-2.05 1.6 15.184978 
-2.05 1.65 15.184978 
-2.05 1.7 15.184978 
-2.05 1.75 15.184978 
-2.05 1.8 15.184978 
-2.05 1.85 15.184978 
-2.05 1.9 15.184978 
-2.05 1.95 15.184978 
-2 -1 40.102593 
-2 -0.95 40.090501 
-2 -0.9 40.075294 
-2 -0.85 40.056173 
-2 -0.8 40.032138 
-2 -0.75 40.001938 
-2 -0.7 39.964011 
-2 -0.65 39.916410 
-2 -0.6 39.856711 
-2 -0.55 39.781913 
-2 -0.5 39.688308 
-2 -0.45 39.571338 
-2 -0.4 39.425437 
-2 -0.35 39.243851 
-2 -0.3 39.018457 
-2 -0.25 38.739594 
-2 -0.2 38.395912 
-2 -0.15 37.974292 
-2 -0.1 37.459853 
-2 -0.05 36.836140 
-2 3.19189e-16 36.085573 
-2 0.05 35.190332 
-2 0.1 34.133937 
-2 0.15 32.903849 
-2 0.2 31.495442 
-2 0.25 29.917383 
-2 0.3 28.197692 
-2 0.35 26.388364 
-2 0.4 24.565109 
-2 0.45 22.818760 
-2 0.5 21.237928 
-2 0.55 19.887899 
-2 0.6 18.794940 
-2 0.65 17.943897 
-2 0.7 17.290199 
-2 0.75 16.779835 
-2 0.8 16.367746 
-2 0.85 16.027322 
-2 0.9 15.749009 
-2 0.95 15.531629 
-2 1 15.373320 
-2 1.05 15.267349 
-2 1.1 15.203010 
-2 1.15 15.168290 
-2 1.2 15.152112 
-2 1.25 15.145834 
-2 1.3 15.143888 
-2 1.35 15.143431 
-2 1.4 15.143355 
-2 1.45 15.143346 
-2 1.5 15.143346 
-2 1.55 15.143346 
-2 1.6 15.143346 
-2 1.65 15.143346 
-2 1.7 15.143346 
-2 1.75 15.143346 
-2 1.8 15.143346 
-2 1.85 15.143346 
-2 1.9 15.143346 
-2 1.95 15.143346 
-1.95 -1 40.096891 
-1.95 -0.95 40.083329 
-1.95 -0.9 40.066274 
-1.95 -0.85 40.044832 
-1.95 -0.8 40.017883 
-1.95 -0.75 39.984029 
-1.95 -0.7 39.941522 
-1.95 -0.65 39.888186 
-1.95 -0.6 39.821321 
-1.95 -0.55 39.737579 
-1.95 -0.5 39.632837 
-1.95 -0.45 39.502038 
-1.95 -0.4 39.339018 
-1.95 -0.35 39.136323 
-1.95 -0.3 38.885023 
-1.95 -0.25 38.574540 
-1.95 -0.2 38.192517 
-1.95 -0.15 37.724756 
-1.95 -0.1 37.155285 
-1.95 -0.05 36.466632 
-1.95 3.19189e-16 35.640438 
-1.95 0.05 34.658629 
-1.95 0.1 33.505467 
-1.95 0.15 32.170879 
-1.95 0.2 30.655378 
-1.95 0.25 28.976387 
-1.95 0.3 27.174633 
-1.95 0.35 25.317611 
-1.95 0.4 23.495951 
-1.95 0.45 21.809701 
-1.95 0.5 20.346238 
-1.95 0.55 19.157743 
-1.95 0.6 18.248844 
-1.95 0.65 17.580789 
-1.95 0.7 17.089838 
-1.95 0.75 16.710736 
-1.95 0.8 16.395225 
-1.95 0.85 16.119590 
-1.95 0.9 15.880755 
-1.95 0.95 15.685265 
-1.95 1 15.538231 
-1.95 1.05 15.437915 
-1.95 1.1 15.376441 
-1.95 1.15 15.343148 
-1.95 1.2 15.327617 
-1.95 1.25 15.321587 
-1.95 1.3 15.319717 
-1.95 1.35 15.319278 
-1.95 1.4 15.319204 
-1.95 1.45 15.319196 
-1.95 1.5 15.319196 
-1.95 1.55 15.319196 
-1.95 1.6 15.319196 
-1.95 1.65 15.319196 
-1.95 1.7 15.319196 
-1.95 1.75 15.319196 
-1.95 1.8 15.319196 
-1.95 1.85 15.319196 
-1.95 1.9 15.319196 
-1.95 1.95 15.319196 
-1.9 -1 40.090496 
-1.9 -0.95 40.075285 
-1.9 -0.9 40.056159 
-1.9 -0.85 40.032116 
-1.9 -0.8 40.001903 
-1.9 -0.75 39.963955 
-1.9 -0.7 39.916321 
-1.9 -0.65 39.856572 
-1.9 -0.6 39.781693 
-1.9 -0.55 39.687963 
-1.9 -0.5 39.570797 
-1.9 -0.45 39.424590 
-1.9 -0.4 39.242527 
-1.9 -0.35 39.016398 
-1.9 -0.3 38.736404 
-1.9 -0.25 38.390996 
-1.9 -0.2 37.966757 
-1.9 -0.15 37.448383 
-1.9 -0.1 36.818813 
-1.9 -0.05 36.059632 
-1.9 3.19189e-16 35.151897 
-1.9 0.05 34.077700 
-1.9 0.1 32.822832 
-1.9 0.15 31.381020 
-1.9 0.2 29.759934 
-1.9 0.25 27.988360 
-1.9 0.3 26.122392 
-1.9 0.35 24.246615 
-1.9 0.4 22.465738 
-1.9 0.45 20.884982 
-1.9 0.5 19.584018 
-1.9 0.55 18.595260 
-1.9 0.6 17.897342 
-1.9 0.65 17.427132 
-1.9 0.7 17.104011 
-1.9 0.75 16.855216 
-1.9 0.8 16.632816 
-1.9 0.85 16.418383 
-1.9 0.9 16.216397 
-1.9 0.95 16.041240 
-1.9 1 15.904692 
-1.9 1.05 15.809656 
-1.9 1.1 15.750867 
-1.9 1.15 15.718913 
-1.9 1.2 15.703989 
-1.9 1.25 15.698191 
-1.9 1.3 15.696394 
-1.9 1.35 15.695971 
-1.9 1.4 15.695900 
-1.9 1.45 15.695892 
-1.9 1.5 15.695892 
-1.9 1.55 15.695892 
-1.9 1.6 15.695892 
-1.9 1.65 15.695892 
-1.9 1.7 15.695892 
-1.9 1.75 15.695892 
-1.9 1.8 15.695892 
-1.9 1.85 15.695892 
-1.9 1.9 15.695892 
-1.9 1.95 15.695892 
-1.85 -1 40.083323 
-1.85 -0.95 40.066264 
-1.85 -0.9 40.044816 
-1.85 -0.85 40.017858 
-1.85 -0.8 39.983989 
-1.85 -0.75 39.941459 
-1.85 -0.7 39.888088 
-1.85 -0.65 39.821165 
-1.85 -0.6 39.737333 
-1.85 -0.55 39.632452 
-1.85 -0.5 39.501434 
-1.85 -0.45 39.338073 
-1.85 -0.4 39.134849 
-1.85 -0.35 38.882734 
-1.85 -0.3 38.571003 
-1.85 -0.25 38.187078 
-1.85 -0.2 37.716443 
-1.85 -0.15 37.142671 
-1.85 -0.1 36.447647 
-1.85 -0.05 35.612138 
-1.85 3.19189e-16 34.616919 
-1.85 0.05 33.444842 
-1.85 0.1 32.084299 
-1.85 0.15 30.534554 
-1.85 0.2 28.812885 
-1.85 0.25 26.962329 
-1.85 0.3 25.056773 
-1.85 0.35 23.198424 
-1.85 0.4 21.503354 
-1.85 0.45 20.075894 
-1.85 0.5 18.980322 
-1.85 0.55 18.222892 
-1.85 0.6 17.753484 
-1.85 0.65 17.485904 
-1.85 0.7 17.326668 
-1.85 0.75 17.200130 
-1.85 0.8 17.062362 
-1.85 0.85 16.902284 
-1.85 0.9 16.732546 
-1.85 0.95 16.575055 
-1.85 1 16.447602 
-1.85 1.05 16.357153 
-1.85 1.1 16.300699 
-1.85 1.15 16.269910 
-1.85 1.2 16.255514 
-1.85 1.25 16.249919 
-1.85 1.3 16.248184 
-1.85 1.35 16.247776 
-1.85 1.4 16.247707 
-1.85 1.45 16.247700 
-1.85 1.5 16.247699 
-1.85 1.55 16.247699 
-1.85 1.6 16.247699 
-1.85 1.65 16.247699 
-1.85 1.7 16.247699 
-1.85 1.75 16.247699 
-1.85 1.8 16.247699 
-1.85 1.85 16.247699 
-1.85 1.9 16.247699 
-1.85 1.95 16.247699 
-1.8 -1 40.075278 
-1.8 -0.95 40.056148 
-1.8 -0.9 40.032098 
-1.8 -0.85 40.001875 
-1.8 -0.8 39.963911 
-1.8 -0.75 39.916251 
-1.8 -0.7 39.856461 
-1.8 -0.65 39.781519 
-1.8 -0.6 39.687688 
-1.8 -0.55 39.570366 
-1.8 -0.5 39.423915 
-1.8 -0.45 39.241474 
-1.8 -0.4 39.014759 
-1.8 -0.35 38.733864 
-1.8 -0.3 38.387077 
-1.8 -0.25 37.960747 
-1.8 -0.2 37.439225 
-1.8 -0.15 36.804966 
-1.8 -0.1 36.038875 
-1.8 -0.05 35.121106 
-1.8 3.19189e-16 34.032588 
-1.8 0.05 32.757764 
-1.8 0.1 31.289058 
-1.8 0.15 29.633447 
-1.8 0.2 27.820683 
-1.8 0.25 25.910997 
-1.8 0.3 23.997815 
-1.8 0.35 22.199851 
-1.8 0.4 20.639593 
-1.8 0.45 19.412532 
-1.8 0.5 18.559390 
-1.8 0.55 18.055093 
-1.8 0.6 17.820301 
-1.8 0.65 17.749357 
-1.8 0.7 17.741346 
-1.8 0.75 17.722784 
-1.8 0.8 17.657100 
-1.8 0.85 17.542060 
-1.8 0.9 17.398552 
-1.8 0.95 17.255281 
-1.8 1 17.135117 
-1.8 1.05 17.048341 
-1.8 1.1 16.993759 
-1.8 1.15 16.963903 
-1.8 1.2 16.949930 
-1.8 1.25 16.944497 
-1.8 1.3 16.942811 
-1.8 1.35 16.942415 
-1.8 1.4 16.942348 
-1.8 1.45 16.942341 
-1.8 1.5 16.942341 
-1.8 1.55 16.942340 
-1.8 1.6 16.942340 
-1.8 1.65 16.942340 
-1.8 1.7 16.942340 
-1.8 1.75 16.942340 
-1.8 1.8 16.942340 
-1.8 1.85 16.942340 
-1.8 1.9 16.942340 
-1.8 1.95 16.942340 
-1.75 -1 40.066256 
-1.75 -0.95 40.044804 
-1.75 -0.9 40.017838 
-1.75 -0.85 39.983958 
-1.75 -0.8 39.941409 
-1.75 -0.75 39.888009 
-1.75 -0.7 39.821041 
-1.75 -0.65 39.737138 
-1.75 -0.6 39.632145 
-1.75 -0.55 39.500953 
-1.75 -0.5 39.337321 
-1.75 -0.45 39.133677 
-1.75 -0.4 38.880913 
-1.75 -0.35 38.568185 
-1.75 -0.3 38.182742 
-1.75 -0.25 37.709812 
-1.75 -0.2 37.132600 
-1.75 -0.15 36.432477 
-1.75 -0.1 35.589500 
-1.75 -0.05 34.583516 
-1.75 3.19189e-16 33.396236 
-1.75 0.05 32.014825 
-1.75 0.1 30.437587 
-1.75 0.15 28.681862 
-1.75 0.2 26.793020 
-1.75 0.25 24.851137 
-1.75 0.3 22.969663 
-1.75 0.35 21.280510 
-1.75 0.4 19.905265 
-1.75 0.45 18.921314 
-1.75 0.5 18.338206 
-1.75 0.55 18.096573 
-1.75 0.6 18.090158 
-1.75 0.65 18.199543 
-1.75 0.7 18.322713 
-1.75 0.75 18.393162 
-1.75 0.8 18.384327 
-1.75 0.85 18.303566 
-1.75 0.9 18.179522 
-1.75 0.95 18.046638 
-1.75 1 17.931758 
-1.75 1.05 17.847635 
-1.75 1.1 17.794401 
-1.75 1.15 17.765218 
-1.75 1.2 17.751550 
-1.75 1.25 17.746234 
-1.75 1.3 17.744584 
-1.75 1.35 17.744195 
-1.75 1.4 17.744130 
-1.75 1.45 17.744123 
-1.75 1.5 17.744123 
-1.75 1.55 17.744123 
-1.75 1.6 17.744123 
-1.75 1.65 17.744123 
-1.75 1.7 17.744123 
-1.75 1.75 17.744123 
-1.75 1.8 17.744123 
-1.75 1.85 17.744123 
-1.75 1.9 17.744123 
-1.75 1.95 17.744123 
-1.7 -1 40.056139 
-1.7 -0.95 40.032084 
-1.7 -0.9 40.001852 
-1.7 -0.85 39.963876 
-1.7 -0.8 39.916195 
-1.7 -0.75 39.856373 
-1.7 -0.7 39.781380 
-1.7 -0.65 39.687470 
-1.7 -0.6 39.570024 
-1.7 -0.55 39.423379 
-1.7 -0.5 39.240636 
-1.7 -0.45 39.013454 
-1.7 -0.4 38.731841 
-1.7 -0.35 38.383956 
-1.7 -0.3 37.955957 
-1.7 -0.25 37.431922 
-1.7 -0.2 36.793913 
-1.7 -0.15 36.022293 
-1.7 -0.1 35.096481 
-1.7 -0.05 33.996474 
-1.7 3.19189e-16 32.705627 
-1.7 0.05 31.215338 
-1.7 0.1 29.532109 
-1.7 0.15 27.686720 
-1.7 0.2 25.743341 
-1.7 0.25 23.803740 
-1.7 0.3 21.999972 
-1.7 0.35 20.471263 
-1.7 0.4 19.328877 
-1.7 0.45 18.622464 
-1.7 0.5 18.324527 
-1.7 0.55 18.341475 
-1.7 0.6 18.545279 
-1.7 0.65 18.810057 
-1.7 0.7 19.039095 
-1.7 0.75 19.176906 
-1.7 0.8 19.208560 
-1.7 0.85 19.150956 
-1.7 0.9 19.039532 
-1.7 0.95 18.913203 
-1.7 1 18.801603 
-1.7 1.05 18.719114 
-1.7 1.1 18.666709 
-1.7 1.15 18.637937 
-1.7 1.2 18.624455 
-1.7 1.25 18.619210 
-1.7 1.3 18.617582 
-1.7 1.35 18.617199 
-1.7 1.4 18.617135 
-1.7 1.45 18.617128 
-1.7 1.5 18.617127 
-1.7 1.55 18.617127 
-1.7 1.6 18.617127 
-1.7 1.65 18.617127 
-1.7 1.7 18.617127 
-1.7 1.75 18.617127 
-1.7 1.8 18.617127 
-1.7 1.85 18.617127 
-1.7 1.9 18.617127 
-1.7 1.95 18.617127 
-1.65 -1 40.044793 
-1.65 -0.95 40.017822 
-1.65 -0.9 39.983933 
-1.65 -0.85 39.941370 
-1.65 -0.8 39.887946 
-1.65 -0.75 39.820942 
-1.65 -0.7 39.736983 
-1.65 -0.65 39.631901 
-1.65 -0.6 39.500571 
-1.65 -0.55 39.336723 
-1.65 -0.5 39.132744 
-1.65 -0.45 38.879463 
-1.65 -0.4 38.565942 
-1.65 -0.35 38.179289 
-1.65 -0.3 37.704528 
-1.65 -0.25 37.124570 
-1.65 -0.2 36.420370 
-1.65 -0.15 35.571417 
-1.65 -0.1 34.556811 
-1.65 -0.05 33.357342 
-1.65 3.19189e-16 31.959197 
-1.65 0.05 30.359947 
-1.65 0.1 28.577107 
-1.65 0.15 26.658257 
-1.65 0.2 24.689196 
-1.65 0.25 22.793785 
-1.65 0.3 21.118773 
-1.65 0.35 19.802160 
-1.65 0.4 18.934103 
-1.65 0.45 18.527795 
-1.65 0.5 18.515740 
-1.65 0.55 18.773674 
-1.65 0.6 19.159437 
-1.65 0.65 19.548637 
-1.65 0.7 19.855565 
-1.65 0.75 20.038508 
-1.65 0.8 20.094657 
-1.65 0.85 20.049681 
-1.65 0.9 19.944527 
-1.65 0.95 19.821230 
-1.65 1 19.711080 
-1.65 1.05 19.629295 
-1.65 1.1 19.577241 
-1.65 1.15 19.548643 
-1.65 1.2 19.535239 
-1.65 1.25 19.530024 
-1.65 1.3 19.528405 
-1.65 1.35 19.528024 
-1.65 1.4 19.527961 
-1.65 1.45 19.527954 
-1.65 1.5 19.527953 
-1.65 1.55 19.527953 
-1.65 1.6 19.527953 
-1.65 1.65 19.527953 
-1.65 1.7 19.527953 
-1.65 1.75 19.527953 
-1.65 1.8 19.527953 
-1.65 1.85 19.527953 
-1.65 1.9 19.527953 
-1.65 1.95 19.527953 
-1.6 -1 40.032072 
-1.6 -0.95 40.001835 
-1.6 -0.9 39.963848 
-1.6 -0.85 39.916151 
-1.6 -0.8 39.856303 
-1.6 -0.75 39.781270 
-1.6 -0.7 39.687297 
-1.6 -0.65 39.569751 
-1.6 -0.6 39.422952 
-1.6 -0.55 39.239970 
-1.6 -0.5 39.012417 
-1.6 -0.45 38.730232 
-1.6 -0.4 38.381471 
-1.6 -0.35 37.952142 
-1.6 -0.3 37.426102 
-1.6 -0.25 36.785099 
-1.6 -0.2 36.009061 
-1.6 -0.15 35.076816 
-1.6 -0.1 33.967610 
-1.6 -0.05 32.663929 
-1.6 3.19189e-16 31.156360 
-1.6 0.05 29.451084 
-1.6 0.1 27.579884 
-1.6 0.15 25.610518 
-1.6 0.2 23.652322 
-1.6 0.25 21.849521 
-1.6 0.3 20.356766 
-1.6 0.35 19.300022 
-1.6 0.4 18.737372 
-1.6 0.45 18.639177 
-1.6 0.5 18.898805 
-1.6 0.55 19.368297 
-1.6 0.6 19.900563 
-1.6 0.65 20.380313 
-1.6 0.7 20.737094 
-1.6 0.75 20.944210 
-1.6 0.8 21.010415 
-1.6 0.85 20.968837 
-1.6 0.9 20.864488 
-1.6 0.95 20.741226 
-1.6 1 20.630977 
-1.6 1.05 20.549110 
-1.6 1.1 20.497005 
-1.6 1.15 20.468380 
-1.6 1.2 20.454963 
-1.6 1.25 20.449743 
-1.6 1.3 20.448123 
-1.6 1.35 20.447742 
-1.6 1.4 20.447678 
-1.6 1.45 20.447671 
-1.6 1.5 20.447671 
-1.6 1.55 20.447671 
-1.6 1.6 20.447671 
-1.6 1.65 20.447671 
-1.6 1.7 20.447671 
-1.6 1.75 20.447671 
-1.6 1.8 20.447671 
-1.6 1.85 20.447671 
-1.6 1.9 20.447671 
-1.6 1.95 20.447671 
-1.55 -1 40.017810 
-1.55 -0.95 39.983913 
-1.55 -0.9 39.941338 
-1.55 -0.85 39.887897 
-1.55 -0.8 39.820864 
-1.55 -0.75 39.736860 
-1.55 -0.7 39.631708 
-1.55 -0.65 39.500267 
-1.55 -0.6 39.336247 
-1.55 -0.55 39.132002 
-1.55 -0.5 38.878310 
-1.55 -0.45 38.564157 
-1.55 -0.4 38.176540 
-1.55 -0.35 37.700320 
-1.55 -0.3 37.118171 
-1.55 -0.25 36.410717 
-1.55 -0.2 35.556990 
-1.55 -0.15 34.535489 
-1.55 -0.1 33.326268 
-1.55 -0.05 31.914733 
-1.55 3.19189e-16 30.297893 
-1.55 0.05 28.493492 
-1.55 0.1 26.551118 
-1.55 0.15 24.561673 
-1.55 0.2 22.658332 
-1.55 0.25 21.001193 
-1.55 0.3 19.743135 
-1.55 0.35 18.985921 
-1.55 0.4 18.745929 
-1.55 0.45 18.947985 
-1.55 0.5 19.451379 
-1.55 0.55 20.094167 
-1.55 0.6 20.733864 
-1.55 0.65 21.270489 
-1.55 0.7 21.651233 
-1.55 0.75 21.864204 
-1.55 0.8 21.928345 
-1.55 0.85 21.882633 
-1.55 0.9 21.774712 
-1.55 0.95 21.649113 
-1.55 1 21.537545 
-1.55 1.05 21.454980 
-1.55 1.1 21.402511 
-1.55 1.15 21.373702 
-1.55 1.2 21.360201 
-1.55 1.25 21.354949 
-1.55 1.3 21.353319 
-1.55 1.35 21.352935 
-1.55 1.4 21.352871 
-1.55 1.45 21.352864 
-1.55 1.5 21.352864 
-1.55 1.55 21.352864 
-1.55 1.6 21.352864 
-1.55 1.65 21.352864 
-1.55 1.7 21.352864 
-1.55 1.75 21.352864 
-1.55 1.8 21.352864 
-1.55 1.85 21.352864 
-1.55 1.9 21.352864 
-1.55 1.95 21.352864 
-1.5 -1 40.001820 
-1.5 -0.95 39.963825 
-1.5 -0.9 39.916116 
-1.5 -0.85 39.856247 
-1.5 -0.8 39.781182 
-1.5 -0.75 39.687159 
-1.5 -0.7 39.569535 
-1.5 -0.65 39.422613 
-1.5 -0.6 39.239440 
-1.5 -0.55 39.011592 
-1.5 -0.5 38.728951 
-1.5 -0.45 38.379494 
-1.5 -0.4 37.949105 
-1.5 -0.35 37.421467 
-1.5 -0.3 36.778077 
-1.5 -0.25 35.998512 
-1.5 -0.2 35.061129 
-1.5 -0.15 33.944570 
-1.5 -0.1 32.630628 
-1.5 -0.05 31.109248 
-1.5 3.19189e-16 29.386399 
-1.5 0.05 27.494785 
-1.5 0.1 25.505336 
-1.5 0.15 23.534044 
-1.5 0.2 21.735888 
-1.5 0.25 20.279220 
-1.5 0.3 19.303080 
-1.5 0.35 18.872913 
-1.5 0.4 18.956725 
-1.5 0.45 19.435693 
-1.5 0.5 20.144026 
-1.5 0.55 20.916877 
-1.5 0.6 21.624908 
-1.5 0.65 22.187521 
-1.5 0.7 22.570018 
-1.5 0.75 22.773930 
-1.5 0.8 22.826525 
-1.5 0.85 22.770963 
-1.5 0.9 22.656217 
-1.5 0.95 22.526538 
-1.5 1 22.412765 
-1.5 1.05 22.329056 
-1.5 1.1 22.275996 
-1.5 1.15 22.246890 
-1.5 1.2 22.233254 
-1.5 1.25 22.227950 
-1.5 1.3 22.226304 
-1.5 1.35 22.225917 
-1.5 1.4 22.225852 
-1.5 1.45 22.225845 
-1.5 1.5 22.225844 
-1.5 1.55 22.225844 
-1.5 1.6 22.225844 
-1.5 1.65 22.225844 
-1.5 1.7 22.225844 
-1.5 1.75 22.225844 
-1.5 1.8 22.225844 
-1.5 1.85 22.225844 
-1.5 1.9 22.225844 
-1.5 1.95 22.225844 
-1.45 -1 39.983897 
-1.45 -0.95 39.941313 
-1.45 -0.9 39.887857 
-1.45 -0.85 39.820802 
-1.45 -0.8 39.736762 
-1.45 -0.75 39.631554 
-1.45 -0.7 39.500025 
-1.45 -0.65 39.335869 
-1.45 -0.6 39.131412 
-1.45 -0.55 38.877393 
-1.45 -0.5 38.562737 
-1.45 -0.45 38.174353 
-1.45 -0.4 37.696970 
-1.45 -0.35 37.113075 
-1.45 -0.3 36.403026 
-1.45 -0.25 35.545490 
-1.45 -0.2 34.518483 
-1.45 -0.15 33.301471 
-1.45 -0.1 31.879238 
-1.45 -0.05 30.248363 
-1.45 3.19189e-16 28.426832 
-1.45 0.05 26.465998 
-1.45 0.1 24.461200 
-1.45 0.15 22.553722 
-1.45 0.2 20.915328 
-1.45 0.25 19.711924 
-1.45 0.3 19.055345 
-1.45 0.35 18.964373 
-1.45 0.4 19.356391 
-1.45 0.45 20.075678 
-1.45 0.5 20.943119 
-1.45 0.55 21.801899 
-1.45 0.6 22.542189 
-1.45 0.65 23.104456 
-1.45 0.7 23.470954 
-1.45 0.75 23.654508 
-1.45 0.8 23.688686 
-1.45 0.85 23.619268 
-1.45 0.9 23.495475 
-1.45 0.95 23.360549 
-1.45 1 23.243982 
-1.45 1.05 23.158837 
-1.45 1.1 23.105037 
-1.45 1.15 23.075560 
-1.45 1.2 23.061755 
-1.45 1.25 23.056387 
-1.45 1.3 23.054721 
-1.45 1.35 23.054329 
-1.45 1.4 23.054263 
-1.45 1.45 23.054256 
-1.45 1.5 23.054255 
-1.45 1.55 23.054255 
-1.45 1.6 23.054255 
-1.45 1.65 23.054255 
-1.45 1.7 23.054255 
-1.45 1.75 23.054255 
-1.45 1.8 23.054255 
-1.45 1.85 23.054255 
-1.45 1.9 23.054255 
-1.45 1.95 23.054255 
-1.4 -1 39.963808 
-1.4 -0.95 39.916088 
-1.4 -0.9 39.856203 
-1.4 -0.85 39.781113 
-1.4 -0.8 39.687049 
-1.4 -0.75 39.569363 
-1.4 -0.7 39.422344 
-1.4 -0.65 39.239019 
-1.4 -0.6 39.010936 
-1.4 -0.55 38.727933 
-1.4 -0.5 38.377922 
-1.4 -0.45 37.946689 
-1.4 -0.4 37.417778 
-1.4 -0.35 36.772486 
-1.4 -0.3 35.990108 
-1.4 -0.25 35.048626 
-1.4 -0.2 33.926199 
-1.4 -0.15 32.604063 
-1.4 -0.1 31.071661 
-1.4 -0.05 29.334818 
-1.4 3.19189e-16 27.427058 
-1.4 0.05 25.422043 
-1.4 0.1 23.441493 
-1.4 0.15 21.649662 
-1.4 0.2 20.226742 
-1.4 0.25 19.323035 
-1.4 0.3 19.010093 
-1.4 0.35 19.253272 
-1.4 0.4 19.922394 
-1.4 0.45 20.835828 
-1.4 0.5 21.813999 
-1.4 0.55 22.717262 
-1.4 0.6 23.458879 
-1.4 0.65 23.999879 
-1.4 0.7 24.337192 
-1.4 0.75 24.492495 
-1.4 0.8 24.503713 
-1.4 0.85 24.417919 
-1.4 0.9 24.283732 
-1.4 0.95 24.142871 
-1.4 1 24.023172 
-1.4 1.05 23.936423 
-1.4 1.1 23.881800 
-1.4 1.15 23.851910 
-1.4 1.2 23.837918 
-1.4 1.25 23.832478 
-1.4 1.3 23.830790 
-1.4 1.35 23.830392 
-1.4 1.4 23.830326 
-1.4 1.45 23.830319 
-1.4 1.5 23.830318 
-1.4 1.55 23.830318 
-1.4 1.6 23.830318 
-1.4 1.65 23.830318 
-1.4 1.7 23.830318 
-1.4 1.75 23.830318 
-1.4 1.8 23.830318 
-1.4 1.85 23.830318 
-1.4 1.9 23.830318 
-1.4 1.95 23.830318 
-1.35 -1 39.941293 
-1.35 -0.95 39.887826 
-1.35 -0.9 39.820752 
-1.35 -0.85 39.736684 
-1.35 -0.8 39.631431 
-1.35 -0.75 39.499833 
-1.35 -0.7 39.335569 
-1.35 -0.65 39.130943 
-1.35 -0.6 38.876664 
-1.35 -0.55 38.561608 
-1.35 -0.5 38.172613 
-1.35 -0.45 37.694305 
-1.35 -0.4 37.109020 
-1.35 -0.35 36.396903 
-1.35 -0.3 35.536330 
-1.35 -0.25 34.504931 
-1.35 -0.2 33.281702 
-1.35 -0.15 31.850934 
-1.35 -0.1 30.208871 
-1.35 -0.05 28.373736 
-1.35 3.19189e-16 26.398396 
-1.35 0.05 24.381975 
-1.35 0.1 22.472669 
-1.35 0.15 20.852216 
-1.35 0.2 19.697652 
-1.35 0.25 19.129283 
-1.35 0.3 19.167509 
-1.35 0.35 19.722594 
-1.35 0.4 20.625255 
-1.35 0.45 21.681672 
-1.35 0.5 22.723817 
-1.35 0.55 23.635436 
-1.35 0.6 24.353671 
-1.35 0.65 24.857970 
-1.35 0.7 25.157109 
-1.35 0.75 25.279207 
-1.35 0.8 25.264855 
-1.35 0.85 25.161360 
-1.35 0.9 25.016128 
-1.35 0.95 24.869021 
-1.35 1 24.746044 
-1.35 1.05 24.657623 
-1.35 1.1 24.602143 
-1.35 1.15 24.571824 
-1.35 1.2 24.557638 
-1.35 1.25 24.552123 
-1.35 1.3 24.550412 
-1.35 1.35 24.550009 
-1.35 1.4 24.549942 
-1.35 1.45 24.549935 
-1.35 1.5 24.549934 
-1.35 1.55 24.549934 
-1.35 1.6 24.549934 
-1.35 1.65 24.549934 
-1.35 1.7 24.549934 
-1.35 1.75 24.549934 
-1.35 1.8 24.549934 
-1.35 1.85 24.549934 
-1.35 1.9 24.549934 
-1.35 1.95 24.549934 
-1.3 -1 39.916065 
-1.3 -0.95 39.856168 
-1.3 -0.9 39.781058 
-1.3 -0.85 39.686962 
-1.3 -0.8 39.569226 
-1.3 -0.75 39.422130 
-1.3 -0.7 39.238684 
-1.3 -0.65 39.010414 
-1.3 -0.6 38.727124 
-1.3 -0.55 38.376671 
-1.3 -0.5 37.944767 
-1.3 -0.45 37.414843 
-1.3 -0.4 36.768035 
-1.3 -0.35 35.983418 
-1.3 -0.3 35.038668 
-1.3 -0.25 33.911561 
-1.3 -0.2 32.582890 
-1.3 -0.15 31.041701 
-1.3 -0.1 29.293721 
-1.3 -0.05 27.373186 
-1.3 3.19189e-16 25.356070 
-1.3 0.05 23.368935 
-1.3 0.1 21.583886 
-1.3 0.15 20.191150 
-1.3 0.2 19.350507 
-1.3 0.25 19.138417 
-1.3 0.3 19.517403 
-1.3 0.35 20.346915 
-1.3 0.4 21.431465 
-1.3 0.45 22.579400 
-1.3 0.5 23.643680 
-1.3 0.55 24.534323 
-1.3 0.6 25.210835 
-1.3 0.65 25.668006 
-1.3 0.7 25.923539 
-1.3 0.75 26.009850 
-1.3 0.8 25.968825 
-1.3 0.85 25.847212 
-1.3 0.9 25.690803 
-1.3 0.95 25.537419 
-1.3 1 25.411161 
-1.3 1.05 25.321072 
-1.3 1.1 25.264738 
-1.3 1.15 25.233992 
-1.3 1.2 25.219612 
-1.3 1.25 25.214022 
-1.3 1.3 25.212289 
-1.3 1.35 25.211881 
-1.3 1.4 25.211813 
-1.3 1.45 25.211805 
-1.3 1.5 25.211805 
-1.3 1.55 25.211805 
-1.3 1.6 25.211805 
-1.3 1.65 25.211805 
-1.3 1.7 25.211805 
-1.3 1.75 25.211805 
-1.3 1.8 25.211805 
-1.3 1.85 25.211805 
-1.3 1.9 25.211805 
-1.3 1.95 25.211805 
-1.25 -1 39.887801 
-1.25 -0.95 39.820713 
-1.25 -0.9 39.736622 
-1.25 -0.85 39.631334 
-1.25 -0.8 39.499681 
-1.25 -0.75 39.335330 
-1.25 -0.7 39.130571 
-1.25 -0.65 38.876084 
-1.25 -0.6 38.560710 
-1.25 -0.55 38.171230 
-1.25 -0.5 37.692185 
-1.25 -0.45 37.105793 
-1.25 -0.4 36.392030 
-1.25 -0.35 35.529038 
-1.25 -0.3 34.494139 
-1.25 -0.25 33.265954 
-1.25 -0.2 31.828381 
-1.25 -0.15 30.177409 
-1.25 -0.1 28.331472 
-1.25 -0.05 26.344718 
-1.25 3.19189e-16 24.319445 
-1.25 0.05 22.409656 
-1.25 0.1 20.805475 
-1.25 0.15 19.693271 
-1.25 0.2 19.200335 
-1.25 0.25 19.348032 
-1.25 0.3 20.039996 
-1.25 0.35 21.094935 
-1.25 0.4 22.306616 
-1.25 0.45 23.498345 
-1.25 0.5 24.549909 
-1.25 0.55 25.397423 
-1.25 0.6 26.019729 
-1.25 0.65 26.423563 
-1.25 0.7 26.632883 
-1.25 0.75 26.682626 
-1.25 0.8 26.614930 
-1.25 0.85 26.475438 
-1.25 0.9 26.308088 
-1.25 0.95 26.148590 
-1.25 1 26.019147 
-1.25 1.05 25.927441 
-1.25 1.1 25.870282 
-1.25 1.15 25.839123 
-1.25 1.2 25.824556 
-1.25 1.25 25.818895 
-1.25 1.3 25.817139 
-1.25 1.35 25.816726 
-1.25 1.4 25.816657 
-1.25 1.45 25.816649 
-1.25 1.5 25.816649 
-1.25 1.55 25.816649 
-1.25 1.6 25.816649 
-1.25 1.65 25.816649 
-1.25 1.7 25.816649 
-1.25 1.75 25.816649 
-1.25 1.8 25.816649 
-1.25 1.85 25.816649 
-1.25 1.9 25.816649 
-1.25 1.95 25.816649 
-1.2 -1 39.856140 
-1.2 -0.95 39.781014 
-1.2 -0.9 39.686893 
-1.2 -0.85 39.569118 
-1.2 -0.8 39.421959 
-1.2 -0.75 39.238418 
-1.2 -0.7 39.010000 
-1.2 -0.65 38.726480 
-1.2 -0.6 38.375677 
-1.2 -0.55 37.943239 
-1.2 -0.5 37.412509 
-1.2 -0.45 36.764495 
-1.2 -0.4 35.978094 
-1.2 -0.35 35.030741 
-1.2 -0.3 33.899905 
-1.2 -0.25 32.566027 
-1.2 -0.2 31.017837 
-1.2 -0.15 29.261001 
-1.2 -0.1 27.330352 
-1.2 -0.05 25.303800 
-1.2 3.19189e-16 23.311942 
-1.2 0.05 21.533441 
-1.2 0.1 20.166894 
-1.2 0.15 19.379939 
-1.2 0.2 19.252901 
-1.2 0.25 19.745458 
-1.2 0.3 20.707797 
-1.2 0.35 21.932528 
-1.2 0.4 23.218217 
-1.2 0.45 24.412620 
-1.2 0.5 25.424432 
-1.2 0.55 26.213413 
-1.2 0.6 26.773997 
-1.2 0.65 27.121618 
-1.2 0.7 27.284230 
-1.2 0.75 27.297921 
-1.2 0.8 27.204325 
-1.2 0.85 27.047637 
-1.2 0.9 26.869824 
-1.2 0.95 26.704503 
-1.2 1 26.572036 
-1.2 1.05 26.478798 
-1.2 1.1 26.420857 
-1.2 1.15 26.389308 
-1.2 1.2 26.374564 
-1.2 1.25 26.368835 
-1.2 1.3 26.367058 
-1.2 1.35 26.366640 
-1.2 1.4 26.366570 
-1.2 1.45 26.366562 
-1.2 1.5 26.366562 
-1.2 1.55 26.366562 
-1.2 1.6 26.366562 
-1.2 1.65 26.366562 
-1.2 1.7 26.366562 
-1.2 1.75 26.366562 
-1.2 1.8 26.366562 
-1.2 1.85 26.366562 
-1.2 1.9 26.366562 
-1.2 1.95 26.366562 
-1.15 -1 39.820682 
-1.15 -0.95 39.736573 
-1.15 -0.9 39.631257 
-1.15 -0.85 39.499560 
-1.15 -0.8 39.335140 
-1.15 -0.75 39.130275 
-1.15 -0.7 38.875623 
-1.15 -0.65 38.559997 
-1.15 -0.6 38.170130 
-1.15 -0.55 37.690499 
-1.15 -0.5 37.103227 
-1.15 -0.45 36.388154 
-1.15 -0.4 35.523235 
-1.15 -0.35 34.485549 
-1.15 -0.3 33.253416 
-1.15 -0.25 31.810424 
-1.15 -0.2 30.152360 
-1.15 -0.15 28.297846 
-1.15 -0.1 26.302097 
-1.15 -0.05 24.270045 
-1.15 3.19189e-16 22.360510 
-1.15 0.05 20.770575 
-1.15 0.1 19.694339 
-1.15 0.15 19.264770 
-1.15 0.2 19.503723 
-1.15 0.25 20.308826 
-1.15 0.3 21.488375 
-1.15 0.35 22.825805 
-1.15 0.4 24.137792 
-1.15 0.45 25.301862 
-1.15 0.5 26.254521 
-1.15 0.55 26.975386 
-1.15 0.6 27.470673 
-1.15 0.65 27.761687 
-1.15 0.7 27.878597 
-1.15 0.75 27.857625 
-1.15 0.8 27.739404 
-1.15 0.85 27.566478 
-1.15 0.9 27.378832 
-1.15 0.95 27.208055 
-1.15 1 27.072760 
-1.15 1.05 26.978093 
-1.15 1.1 26.919423 
-1.15 1.15 26.887510 
-1.15 1.2 26.872602 
-1.15 1.25 26.866809 
-1.15 1.3 26.865013 
-1.15 1.35 26.864591 
-1.15 1.4 26.864520 
-1.15 1.45 26.864512 
-1.15 1.5 26.864512 
-1.15 1.55 26.864512 
-1.15 1.6 26.864512 
-1.15 1.65 26.864512 
-1.15 1.7 26.864512 
-1.15 1.75 26.864512 
-1.15 1.8 26.864512 
-1.15 1.85 26.864512 
-1.15 1.9 26.864512 
-1.15 1.95 26.864512 
-1.1 -1 39.780979 
-1.1 -0.95 39.686838 
-1.1 -0.9 39.569032 
-1.1 -0.85 39.421824 
-1.1 -0.8 39.238207 
-1.1 -0.75 39.009670 
-1.1 -0.7 38.725969 
-1.1 -0.65 38.374886 
-1.1 -0.6 37.942024 
-1.1 -0.55 37.410652 
-1.1 -0.5 36.761680 
-1.1 -0.45 35.973858 
-1.1 -0.4 35.024434 
-1.1 -0.35 33.890629 
-1.1 -0.3 32.552603 
-1.1 -0.25 30.998841 
-1.1 -0.2 29.234962 
-1.1 -0.15 27.296304 
-1.1 -0.1 25.262372 
-1.1 -0.05 23.267096 
-1.1 3.19189e-16 21.494552 
-1.1 0.05 20.150248 
-1.1 0.1 19.408256 
-1.1 0.15 19.351915 
-1.1 0.2 19.938193 
-1.1 0.25 21.009178 
-1.1 0.3 22.347437 
-1.1 0.35 23.743691 
-1.1 0.4 25.042096 
-1.1 0.45 26.151221 
-1.1 0.5 27.032101 
-1.1 0.55 27.679954 
-1.1 0.6 28.109319 
-1.1 0.65 28.345085 
-1.1 0.7 28.418293 
-1.1 0.75 28.364601 
-1.1 0.8 28.223323 
-1.1 0.85 28.035275 
-1.1 0.9 27.838504 
-1.1 0.95 27.662676 
-1.1 1 27.524769 
-1.1 1.05 27.428784 
-1.1 1.1 27.369444 
-1.1 1.15 27.337196 
-1.1 1.2 27.322136 
-1.1 1.25 27.316285 
-1.1 1.3 27.314471 
-1.1 1.35 27.314044 
-1.1 1.4 27.313973 
-1.1 1.45 27.313965 
-1.1 1.5 27.313965 
-1.1 1.55 27.313965 
-1.1 1.6 27.313965 
-1.1 1.65 27.313965 
-1.1 1.7 27.313965 
-1.1 1.75 27.313965 
-1.1 1.8 27.313965 
-1.1 1.85 27.313965 
-1.1 1.9 27.313965 
-1.1 1.95 27.313965 
-1.05 -1 39.736534 
-1.05 -0.95 39.631195 
-1.05 -0.9 39.499463 
-1.05 -0.85 39.334990 
-1.05 -0.8 39.130039 
-1.05 -0.75 38.875257 
-1.05 -0.7 38.559430 
-1.05 -0.65 38.169256 
-1.05 -0.6 37.689159 
-1.05 -0.55 37.101187 
-1.05 -0.5 36.385071 
-1.05 -0.45 35.518619 
-1.05 -0.4 34.478715 
-1.05 -0.35 33.243439 
-1.05 -0.3 31.796132 
-1.05 -0.25 30.132426 
-1.05 -0.2 28.271102 
-1.05 -0.15 26.268257 
-1.05 -0.1 24.230985 
-1.05 -0.05 22.322065 
-1.05 3.19189e-16 20.744305 
-1.05 0.05 19.698136 
-1.05 0.1 19.321105 
-1.05 0.15 19.635236 
-1.05 0.2 20.532849 
-1.05 0.25 21.813395 
-1.05 0.3 23.251794 
-1.05 0.35 24.659692 
-1.05 0.4 25.913473 
-1.05 0.45 26.950814 
-1.05 0.5 27.752877 
-1.05 0.55 28.326379 
-1.05 0.6 28.691287 
-1.05 0.65 28.874321 
-1.05 0.7 28.906438 
-1.05 0.75 28.822273 
-1.05 0.8 28.659657 
-1.05 0.85 28.457671 
-1.05 0.9 28.252513 
-1.05 0.95 28.072051 
-1.05 1 27.931754 
-1.05 1.05 27.834564 
-1.05 1.1 27.774611 
-1.05 1.15 27.742058 
-1.05 1.2 27.726859 
-1.05 1.25 27.720955 
-1.05 1.3 27.719125 
-1.05 1.35 27.718694 
-1.05 1.4 27.718622 
-1.05 1.45 27.718614 
-1.05 1.5 27.718614 
-1.05 1.55 27.718614 
-1.05 1.6 27.718614 
-1.05 1.65 27.718614 
-1.05 1.7 27.718614 
-1.05 1.75 27.718614 
-1.05 1.8 27.718614 
-1.05 1.85 27.718614 
-1.05 1.9 27.718614 
-1.05 1.95 27.718614 
-1 -1 39.686795 
-1 -0.95 39.568963 
-1 -0.9 39.421717 
-1 -0.85 39.238039 
-1 -0.8 39.009408 
-1 -0.75 38.725563 
-1 -0.7 38.374258 
-1 -0.65 37.941059 
-1 -0.6 37.409177 
-1 -0.55 36.759441 
-1 -0.5 35.970490 
-1 -0.45 35.019418 
-1 -0.4 33.883249 
-1 -0.35 32.541923 
-1 -0.3 30.983726 
-1 -0.25 29.214249 
-1 -0.2 27.269245 
-1 -0.15 25.229527 
-1 -0.1 23.231752 
-1 -0.05 21.464430 
-1 3.19189e-16 20.138723 
-1 0.05 19.433933 
-1 0.1 19.435732 
-1 0.15 20.098607 
-1 0.2 21.257720 
-1 0.25 22.687259 
-1 0.3 24.171708 
-1 0.35 25.552769 
-1 0.4 26.739566 
-1 0.45 27.694910 
-1 0.5 28.415447 
-1 0.55 28.915809 
-1 0.6 29.219116 
-1 0.65 29.352635 
-1 0.7 29.346597 
-1 0.75 29.234343 
-1 0.8 29.052149 
-1 0.85 28.837416 
-1 0.9 28.624604 
-1 0.95 28.439923 
-1 1 28.297451 
-1 1.05 28.199167 
-1 1.1 28.138658 
-1 1.15 28.105828 
-1 1.2 28.090503 
-1 1.25 28.084552 
-1 1.3 28.082706 
-1 1.35 28.082273 
-1 1.4 28.082200 
-1 1.45 28.082192 
-1 1.5 28.082191 
-1 1.55 28.082191 
-1 1.6 28.082191 
-1 1.65 28.082191 
-1 1.7 28.082191 
-1 1.75 28.082191 
-1 1.8 28.082191 
-1 1.85 28.082191 
-1 1.9 28.082191 
-1 1.95 28.082191 
-0.95 -1 39.631147 
-0.95 -0.95 39.499387 
-0.95 -0.9 39.334870 
-0.95 -0.85 39.129852 
-0.95 -0.8 38.874966 
-0.95 -0.75 38.558979 
-0.95 -0.7 38.168561 
-0.95 -0.65 37.688094 
-0.95 -0.6 37.099565 
-0.95 -0.55 36.382620 
-0.95 -0.5 35.514949 
-0.95 -0.45 34.473279 
-0.95 -0.4 33.235503 
-0.95 -0.35 31.784762 
-0.95 -0.3 30.116569 
-0.95 -0.25 28.249839 
-0.95 -0.2 26.241388 
-0.95 -0.15 24.200075 
-0.95 -0.1 22.291913 
-0.95 -0.05 20.724376 
-0.95 3.19189e-16 19.703054 
-0.95 0.05 19.369157 
-0.95 0.1 19.744684 
-0.95 0.15 20.717378 
-0.95 0.2 22.079254 
-0.95 0.25 23.598309 
-0.95 0.3 25.082384 
-0.95 0.35 26.407414 
-0.95 0.4 27.512611 
-0.95 0.45 28.381032 
-0.95 0.5 29.020504 
-0.95 0.55 29.450659 
-0.95 0.6 29.696066 
-0.95 0.65 29.783655 
-0.95 0.7 29.742525 
-0.95 0.75 29.604576 
-0.95 0.8 29.404540 
-0.95 0.85 29.178218 
-0.95 0.9 28.958461 
-0.95 0.95 28.769956 
-0.95 1 28.625517 
-0.95 1.05 28.526245 
-0.95 1.1 28.465234 
-0.95 1.15 28.432154 
-0.95 1.2 28.416716 
-0.95 1.25 28.410721 
-0.95 1.3 28.408862 
-0.95 1.35 28.408425 
-0.95 1.4 28.408352 
-0.95 1.45 28.408344 
-0.95 1.5 28.408344 
-0.95 1.55 28.408344 
-0.95 1.6 28.408344 
-0.95 1.65 28.408344 
-0.95 1.7 28.408344 
-0.95 1.75 28.408344 
-0.95 1.8 28.408344 
-0.95 1.85 28.408344 
-0.95 1.9 28.408344 
-0.95 1.95 28.408344 
-0.9 -1 39.568909 
-0.9 -0.95 39.421631 
-0.9 -0.9 39.237905 
-0.9 -0.85 39.009200 
-0.9 -0.8 38.725240 
-0.9 -0.75 38.373759 
-0.9 -0.7 37.940291 
-0.9 -0.65 37.408004 
-0.9 -0.6 36.757661 
-0.9 -0.55 35.967813 
-0.9 -0.5 35.015429 
-0.9 -0.45 33.877380 
-0.9 -0.4 32.533428 
-0.9 -0.35 30.971703 
-0.9 -0.3 29.197777 
-0.9 -0.25 27.247743 
-0.9 -0.2 25.203477 
-0.9 -0.15 23.203857 
-0.9 -0.1 21.440999 
-0.9 -0.05 20.130662 
-0.9 3.19189e-16 19.456372 
-0.9 0.05 19.505605 
-0.9 0.1 20.230650 
-0.9 0.15 21.460831 
-0.9 0.2 22.963428 
-0.9 0.25 24.517993 
-0.9 0.3 25.964569 
-0.9 0.35 27.213176 
-0.9 0.4 28.228566 
-0.9 0.45 29.009111 
-0.9 0.5 29.570166 
-0.9 0.55 29.934135 
-0.9 0.6 30.125794 
-0.9 0.65 30.171174 
-0.9 0.7 30.097982 
-0.9 0.75 29.936669 
-0.9 0.8 29.720455 
-0.9 0.85 29.483646 
-0.9 0.9 29.257613 
-0.9 0.95 29.065658 
-0.9 1 28.919446 
-0.9 1.05 28.819284 
-0.9 1.1 28.757822 
-0.9 1.15 28.724517 
-0.9 1.2 28.708977 
-0.9 1.25 28.702943 
-0.9 1.3 28.701072 
-0.9 1.35 28.700633 
-0.9 1.4 28.700559 
-0.9 1.45 28.700551 
-0.9 1.5 28.700550 
-0.9 1.55 28.700550 
-0.9 1.6 28.700550 
-0.9 1.65 28.700550 
-0.9 1.7 28.700550 
-0.9 1.75 28.700550 
-0.9 1.8 28.700550 
-0.9 1.85 28.700550 
-0.9 1.9 28.700550 
-0.9 1.95 28.700550 
-0.85 -1 39.499326 
-0.85 -0.95 39.334775 
-0.85 -0.9 39.129704 
-0.85 -0.85 38.874735 
-0.85 -0.8 38.558621 
-0.85 -0.75 38.168009 
-0.85 -0.7 37.687248 
-0.85 -0.65 37.098275 
-0.85 -0.6 36.380671 
-0.85 -0.55 35.512031 
-0.85 -0.5 34.468957 
-0.85 -0.45 33.229191 
-0.85 -0.4 31.775720 
-0.85 -0.35 30.103958 
-0.85 -0.3 28.232936 
-0.85 -0.25 26.220052 
-0.85 -0.2 24.175599 
-0.85 -0.15 22.268211 
-0.85 -0.1 20.709151 
-0.85 -0.05 19.708178 
-0.85 3.19189e-16 19.409435 
-0.85 0.05 19.834781 
-0.85 0.1 20.868078 
-0.85 0.15 22.295172 
-0.85 0.2 23.878467 
-0.85 0.25 25.422921 
-0.85 0.3 26.804440 
-0.85 0.35 27.963866 
-0.85 0.4 28.886224 
-0.85 0.45 29.580778 
-0.85 0.5 30.067463 
-0.85 0.55 30.369814 
-0.85 0.6 30.512054 
-0.85 0.65 30.518908 
-0.85 0.7 30.416633 
-0.85 0.75 30.234176 
-0.85 0.8 30.003335 
-0.85 0.85 29.757070 
-0.85 0.9 29.525384 
-0.85 0.95 29.330325 
-0.85 1 29.182520 
-0.85 1.05 29.081559 
-0.85 1.1 29.019692 
-0.85 1.15 28.986186 
-0.85 1.2 28.970555 
-0.85 1.25 28.964486 
-0.85 1.3 28.962605 
-0.85 1.35 28.962162 
-0.85 1.4 28.962088 
-0.85 1.45 28.962080 
-0.85 1.5 28.962080 
-0.85 1.55 28.962080 
-0.85 1.6 28.962080 
-0.85 1.65 28.962080 
-0.85 1.7 28.962080 
-0.85 1.75 28.962080 
-0.85 1.8 28.962080 
-0.85 1.85 28.962080 
-0.85 1.9 28.962080 
-0.85 1.95 28.962080 
-0.8 -1 39.421564 
-0.8 -0.95 39.237799 
-0.8 -0.9 39.009035 
-0.8 -0.85 38.724983 
-0.8 -0.8 38.373363 
-0.8 -0.75 37.939681 
-0.8 -0.7 37.407072 
-0.8 -0.65 36.756247 
-0.8 -0.6 35.965684 
-0.8 -0.55 35.012257 
-0.8 -0.5 33.872714 
-0.8 -0.45 32.526672 
-0.8 -0.4 30.962143 
-0.8 -0.35 29.184682 
-0.8 -0.3 27.230659 
-0.8 -0.25 25.182813 
-0.8 -0.2 23.181816 
-0.8 -0.15 21.422707 
-0.8 -0.1 20.124960 
-0.8 -0.05 19.475501 
-0.8 3.19189e-16 19.563202 
-0.8 0.05 20.338450 
-0.8 0.1 21.625707 
-0.8 0.15 23.186612 
-0.8 0.2 24.796825 
-0.8 0.25 26.295274 
-0.8 0.3 27.593001 
-0.8 0.35 28.656664 
-0.8 0.4 29.486432 
-0.8 0.45 30.098707 
-0.8 0.5 30.515915 
-0.8 0.55 30.761524 
-0.8 0.6 30.858643 
-0.8 0.65 30.830516 
-0.8 0.7 30.701919 
-0.8 0.75 30.500382 
-0.8 0.8 30.256397 
-0.8 0.85 30.001627 
-0.8 0.9 29.764864 
-0.8 0.95 29.567019 
-0.8 1 29.417786 
-0.8 1.05 29.316110 
-0.8 1.1 29.253881 
-0.8 1.15 29.220195 
-0.8 1.2 29.204482 
-0.8 1.25 29.198382 
-0.8 1.3 29.196491 
-0.8 1.35 29.196046 
-0.8 1.4 29.195972 
-0.8 1.45 29.195964 
-0.8 1.5 29.195963 
-0.8 1.55 29.195963 
-0.8 1.6 29.195963 
-0.8 1.65 29.195963 
-0.8 1.7 29.195963 
-0.8 1.75 29.195963 
-0.8 1.8 29.195963 
-0.8 1.85 29.195963 
-0.8 1.9 29.195963 
-0.8 1.95 29.195963 
-0.75 -1 39.334699 
-0.75 -0.95 39.129586 
-0.75 -0.9 38.874552 
-0.75 -0.85 38.558337 
-0.75 -0.8 38.167570 
-0.75 -0.75 37.686575 
-0.75 -0.7 37.097251 
-0.75 -0.65 36.379123 
-0.75 -0.6 35.509711 
-0.75 -0.55 34.465521 
-0.75 -0.5 33.224173 
-0.75 -0.45 31.768530 
-0.75 -0.4 30.093933 
-0.75 -0.35 28.219502 
-0.75 -0.3 26.203110 
-0.75 -0.25 24.156207 
-0.75 -0.2 22.249544 
-0.75 -0.15 20.697443 
-0.75 -0.1 19.713028 
-0.75 -0.05 19.442772 
-0.75 3.19189e-16 19.908347 
-0.75 0.05 20.990368 
-0.75 0.1 22.469611 
-0.75 0.15 24.103984 
-0.75 0.2 25.696260 
-0.75 0.25 27.122540 
-0.75 0.3 28.325235 
-0.75 0.35 29.291259 
-0.75 0.4 30.031375 
-0.75 0.45 30.566314 
-0.75 0.5 30.919316 
-0.75 0.55 31.113042 
-0.75 0.6 31.169183 
-0.75 0.65 31.109449 
-0.75 0.7 30.957119 
-0.75 0.75 30.738419 
-0.75 0.8 30.482621 
-0.75 0.85 30.220215 
-0.75 0.9 29.978898 
-0.75 0.95 29.778558 
-0.75 1 29.628046 
-0.75 1.05 29.525731 
-0.75 1.1 29.463178 
-0.75 1.15 29.429331 
-0.75 1.2 29.413546 
-0.75 1.25 29.407417 
-0.75 1.3 29.405518 
-0.75 1.35 29.405071 
-0.75 1.4 29.404996 
-0.75 1.45 29.404988 
-0.75 1.5 29.404988 
-0.75 1.55 29.404988 
-0.75 1.6 29.404988 
-0.75 1.65 29.404988 
-0.75 1.7 29.404988 
-0.75 1.75 29.404988 
-0.75 1.8 29.404988 
-0.75 1.85 29.404988 
-0.75 1.9 29.404988 
-0.75 1.95 29.404988 
-0.7 -1 39.237715 
-0.7 -0.95 39.008904 
-0.7 -0.9 38.724779 
-0.7 -0.85 38.373048 
-0.7 -0.8 37.939197 
-0.7 -0.75 37.406331 
-0.7 -0.7 36.755123 
-0.7 -0.65 35.963992 
-0.7 -0.6 35.009737 
-0.7 -0.55 33.869004 
-0.7 -0.5 32.521302 
-0.7 -0.45 30.954543 
-0.7 -0.4 29.174272 
-0.7 -0.35 27.217085 
-0.7 -0.3 25.166415 
-0.7 -0.25 23.164383 
-0.7 -0.2 21.408380 
-0.7 -0.15 20.120878 
-0.7 -0.1 19.491527 
-0.7 -0.05 19.610282 
-0.7 3.19189e-16 20.425915 
-0.7 0.05 21.758880 
-0.7 0.1 23.366238 
-0.7 0.15 25.020580 
-0.7 0.2 26.560092 
-0.7 0.25 27.896833 
-0.7 0.3 28.999216 
-0.7 0.35 29.869112 
-0.7 0.4 30.524182 
-0.7 0.45 30.987313 
-0.7 0.5 31.281439 
-0.7 0.55 31.428003 
-0.7 0.6 31.447112 
-0.7 0.65 31.358884 
-0.7 0.7 31.185234 
-0.7 0.75 30.951121 
-0.7 0.8 30.684724 
-0.7 0.85 30.415496 
-0.7 0.9 30.170087 
-0.7 0.95 29.967515 
-0.7 1 29.815860 
-0.7 1.05 29.712974 
-0.7 1.1 29.650133 
-0.7 1.15 29.616142 
-0.7 1.2 29.600292 
-0.7 1.25 29.594138 
-0.7 1.3 29.592231 
-0.7 1.35 29.591783 
-0.7 1.4 29.591708 
-0.7 1.45 29.591699 
-0.7 1.5 29.591699 
-0.7 1.55 29.591699 
-0.7 1.6 29.591699 
-0.7 1.65 29.591699 
-0.7 1.7 29.591699 
-0.7 1.75 29.591699 
-0.7 1.8 29.591699 
-0.7 1.85 29.591699 
-0.7 1.9 29.591699 
-0.7 1.95 29.591699 
-0.65 -1 39.129492 
-0.65 -0.95 38.874406 
-0.65 -0.9 38.558110 
-0.65 -0.85 38.167221 
-0.65 -0.8 37.686040 
-0.65 -0.75 37.096437 
-0.65 -0.7 36.377892 
-0.65 -0.65 35.507868 
-0.65 -0.6 34.462790 
-0.65 -0.55 33.220185 
-0.65 -0.5 31.762815 
-0.65 -0.45 30.085964 
-0.65 -0.4 28.208826 
-0.65 -0.35 26.189656 
-0.65 -0.3 24.140835 
-0.65 -0.25 22.234818 
-0.65 -0.2 20.688391 
-0.65 -0.15 19.717377 
-0.65 -0.1 19.470106 
-0.65 -0.05 19.968047 
-0.65 3.19189e-16 21.089128 
-0.65 0.05 22.609990 
-0.65 0.1 24.284939 
-0.65 0.15 25.915085 
-0.65 0.2 27.376831 
-0.65 0.25 28.614018 
-0.65 0.3 29.615283 
-0.65 0.35 30.392846 
-0.65 0.4 30.968432 
-0.65 0.45 31.365471 
-0.65 0.5 31.606020 
-0.65 0.55 31.709907 
-0.65 0.6 31.695608 
-0.65 0.65 31.581777 
-0.65 0.7 31.389007 
-0.65 0.75 31.141087 
-0.65 0.8 30.865199 
-0.65 0.85 30.589851 
-0.65 0.9 30.340797 
-0.65 0.95 30.136230 
-0.65 1 29.983555 
-0.65 1.05 29.880160 
-0.65 1.1 29.817061 
-0.65 1.15 29.782942 
-0.65 1.2 29.767034 
-0.65 1.25 29.760858 
-0.65 1.3 29.758944 
-0.65 1.35 29.758494 
-0.65 1.4 29.758419 
-0.65 1.45 29.758410 
-0.65 1.5 29.758410 
-0.65 1.55 29.758410 
-0.65 1.6 29.758410 
-0.65 1.65 29.758410 
-0.65 1.7 29.758410 
-0.65 1.75 29.758410 
-0.65 1.8 29.758410 
-0.65 1.85 29.758410 
-0.65 1.9 29.758410 
-0.65 1.95 29.758410 
-0.6 -1 39.008800 
-0.6 -0.95 38.724617 
-0.6 -0.9 38.372797 
-0.6 -0.85 37.938812 
-0.6 -0.8 37.405743 
-0.6 -0.75 36.754230 
-0.6 -0.7 35.962648 
-0.6 -0.65 35.007733 
-0.6 -0.6 33.866056 
-0.6 -0.55 32.517034 
-0.6 -0.5 30.948502 
-0.6 -0.45 29.165999 
-0.6 -0.4 27.206302 
-0.6 -0.35 25.153402 
-0.6 -0.3 23.150584 
-0.6 -0.25 21.397131 
-0.6 -0.2 20.117921 
-0.6 -0.15 19.504786 
-0.6 -0.1 19.648520 
-0.6 -0.05 20.496547 
-0.6 3.19189e-16 21.866041 
-0.6 0.05 23.510366 
-0.6 0.1 25.199695 
-0.6 0.15 26.771719 
-0.6 0.2 28.139440 
-0.6 0.25 29.272839 
-0.6 0.3 30.175312 
-0.6 0.35 30.865804 
-0.6 0.4 31.367868 
-0.6 0.45 31.704605 
-0.6 0.5 31.896587 
-0.6 0.55 31.961987 
-0.6 0.6 31.917670 
-0.6 0.65 31.780866 
-0.6 0.7 31.570951 
-0.6 0.75 31.310675 
-0.6 0.8 31.026294 
-0.6 0.85 30.745472 
-0.6 0.9 30.493177 
-0.6 0.95 30.286830 
-0.6 1 30.133246 
-0.6 1.05 30.029399 
-0.6 1.1 29.966072 
-0.6 1.15 29.931839 
-0.6 1.2 29.915879 
-0.6 1.25 29.909684 
-0.6 1.3 29.907764 
-0.6 1.35 29.907312 
-0.6 1.4 29.907237 
-0.6 1.45 29.907229 
-0.6 1.5 29.907228 
-0.6 1.55 29.907228 
-0.6 1.6 29.907228 
-0.6 1.65 29.907228 
-0.6 1.7 29.907228 
-0.6 1.75 29.907228 
-0.6 1.8 29.907228 
-0.6 1.85 29.907228 
-0.6 1.9 29.907228 
-0.6 1.95 29.907228 
-0.55 -1 38.874290 
-0.55 -0.95 38.557931 
-0.55 -0.9 38.166945 
-0.55 -0.85 37.685616 
-0.55 -0.8 37.095790 
-0.55 -0.75 36.376914 
-0.55 -0.7 35.506403 
-0.55 -0.65 34.460620 
-0.55 -0.6 33.217014 
-0.55 -0.55 31.758273 
-0.55 -0.5 30.079630 
-0.55 -0.45 28.200343 
-0.55 -0.4 26.178971 
-0.55 -0.35 24.128644 
-0.55 -0.3 22.223186 
-0.55 -0.25 20.681358 
-0.55 -0.2 19.721148 
-0.55 -0.15 19.492359 
-0.55 -0.1 20.016268 
-0.55 -0.05 21.168594 
-0.55 3.19189e-16 22.722627 
-0.55 0.05 24.429795 
-0.55 0.1 26.089935 
-0.55 0.15 27.579788 
-0.55 0.2 28.844452 
-0.55 0.25 29.874062 
-0.55 0.3 30.682232 
-0.55 0.35 31.291637 
-0.55 0.4 31.726357 
-0.55 0.45 32.008316 
-0.55 0.5 32.156453 
-0.55 0.55 32.187237 
-0.55 0.6 32.115987 
-0.55 0.65 31.958603 
-0.55 0.7 31.733334 
-0.55 0.75 31.462039 
-0.55 0.8 31.170056 
-0.55 0.85 30.884343 
-0.55 0.9 30.629146 
-0.55 0.95 30.421213 
-0.55 1 30.266800 
-0.55 1.05 30.162546 
-0.55 1.1 30.099026 
-0.55 1.15 30.064678 
-0.55 1.2 30.048672 
-0.55 1.25 30.042459 
-0.55 1.3 30.040534 
-0.55 1.35 30.040081 
-0.55 1.4 30.040005 
-0.55 1.45 30.039997 
-0.55 1.5 30.039996 
-0.55 1.55 30.039996 
-0.55 1.6 30.039996 
-0.55 1.65 30.039996 
-0.55 1.7 30.039996 
-0.55 1.75 30.039996 
-0.55 1.8 30.039996 
-0.55 1.85 30.039996 
-0.55 1.9 30.039996 
-0.55 1.95 30.039996 
-0.5 -1 38.724489 
-0.5 -0.95 38.372598 
-0.5 -0.9 37.938506 
-0.5 -0.85 37.405275 
-0.5 -0.8 36.753520 
-0.5 -0.75 35.961580 
-0.5 -0.7 35.006141 
-0.5 -0.65 33.863713 
-0.5 -0.6 32.513641 
-0.5 -0.55 30.943700 
-0.5 -0.5 29.159425 
-0.5 -0.45 27.197735 
-0.5 -0.4 25.143072 
-0.5 -0.35 23.139653 
-0.5 -0.3 21.388279 
-0.5 -0.25 20.115754 
-0.5 -0.2 19.515653 
-0.5 -0.15 19.679427 
-0.5 -0.1 20.553381 
-0.5 -0.05 21.952025 
-0.5 3.19189e-16 23.625747 
-0.5 0.05 25.342815 
-0.5 0.1 26.940589 
-0.5 0.15 28.332911 
-0.5 0.2 29.491094 
-0.5 0.25 30.419934 
-0.5 0.3 31.139484 
-0.5 0.35 31.674218 
-0.5 0.4 32.047589 
-0.5 0.45 32.280016 
-0.5 0.5 32.388686 
-0.5 0.55 32.388400 
-0.5 0.6 32.293021 
-0.5 0.65 32.117224 
-0.5 0.7 31.878240 
-0.5 0.75 31.597069 
-0.5 0.8 31.298316 
-0.5 0.85 31.008237 
-0.5 0.9 30.750437 
-0.5 0.95 30.541080 
-0.5 1 30.385960 
-0.5 1.05 30.281351 
-0.5 1.1 30.217638 
-0.5 1.15 30.183214 
-0.5 1.2 30.167167 
-0.5 1.25 30.160938 
-0.5 1.3 30.159008 
-0.5 1.35 30.158555 
-0.5 1.4 30.158479 
-0.5 1.45 30.158470 
-0.5 1.5 30.158470 
-0.5 1.55 30.158470 
-0.5 1.6 30.158470 
-0.5 1.65 30.158470 
-0.5 1.7 30.158470 
-0.5 1.75 30.158470 
-0.5 1.8 30.158470 
-0.5 1.85 30.158470 
-0.5 1.9 30.158470 
-0.5 1.95 30.158470 
-0.45 -1 38.557788 
-0.45 -0.95 38.166724 
-0.45 -0.9 37.685278 
-0.45 -0.85 37.095276 
-0.45 -0.8 36.376137 
-0.45 -0.75 35.505239 
-0.45 -0.7 34.458895 
-0.45 -0.65 33.214495 
-0.45 -0.6 31.754663 
-0.45 -0.55 30.074596 
-0.45 -0.5 28.193602 
-0.45 -0.45 26.170485 
-0.45 -0.4 24.118974 
-0.45 -0.35 22.213988 
-0.45 -0.3 20.675871 
-0.45 -0.25 19.724343 
-0.45 -0.2 19.510379 
-0.45 -0.15 20.055075 
-0.45 -0.1 21.232355 
-0.45 -0.05 22.812803 
-0.45 3.19189e-16 24.545547 
-0.45 0.05 26.229452 
-0.45 0.1 27.741586 
-0.45 0.15 29.028141 
-0.45 0.2 30.080501 
-0.45 0.25 30.913512 
-0.45 0.3 31.550872 
-0.45 0.35 32.017318 
-0.45 0.4 32.335092 
-0.45 0.45 32.522878 
-0.45 0.5 32.596100 
-0.45 0.55 32.567973 
-0.45 0.6 32.451002 
-0.45 0.65 32.258745 
-0.45 0.7 32.007507 
-0.45 0.75 31.717505 
-0.45 0.8 31.412729 
-0.45 0.85 31.118752 
-0.45 0.9 30.858634 
-0.45 0.95 30.648013 
-0.45 1 30.492247 
-0.45 1.05 30.387326 
-0.45 1.1 30.323437 
-0.45 1.15 30.288927 
-0.45 1.2 30.272844 
-0.45 1.25 30.266601 
-0.45 1.3 30.264666 
-0.45 1.35 30.264211 
-0.45 1.4 30.264141 
-0.45 1.45 30.264127 
-0.45 1.5 30.264132 
-0.45 1.55 30.264132 
-0.45 1.6 30.264132 
-0.45 1.65 30.264126 
-0.45 1.7 30.264132 
-0.45 1.75 30.264132 
-0.45 1.8 30.264132 
-0.45 1.85 30.264132 
-0.45 1.9 30.264132 
-0.45 1.95 30.264132 
-0.4 -1 38.372440 
-0.4 -0.95 37.938263 
-0.4 -0.9 37.404904 
-0.4 -0.85 36.752956 
-0.4 -0.8 35.960731 
-0.4 -0.75 35.004876 
-0.4 -0.7 33.861851 
-0.4 -0.65 32.510945 
-0.4 -0.6 30.939885 
-0.4 -0.55 29.154200 
-0.4 -0.5 27.190929 
-0.4 -0.45 25.134871 
-0.4 -0.4 23.130989 
-0.4 -0.35 21.381299 
-0.4 -0.3 20.114148 
-0.4 -0.25 19.524499 
-0.4 -0.2 19.704315 
-0.4 -0.15 20.598986 
-0.4 -0.1 22.020865 
-0.4 -0.05 23.717954 
-0.4 3.19189e-16 25.457019 
-0.4 0.05 27.075196 
-0.4 0.1 28.487052 
-0.4 0.15 29.665032 
-0.4 0.2 30.615127 
-0.4 0.25 31.358403 
-0.4 0.3 31.920212 
-0.4 0.35 32.324586 
-0.4 0.4 32.592165 
-0.4 0.45 32.739820 
-0.4 0.5 32.781262 
-0.4 0.55 32.728216 
-0.4 0.6 32.591944 
-0.4 0.65 32.384981 
-0.4 0.7 32.122804 
-0.4 0.75 31.824933 
-0.4 0.8 31.514755 
-0.4 0.85 31.217306 
-0.4 0.9 30.955131 
-0.4 0.95 30.743391 
-0.4 1 30.587042 
-0.4 1.05 30.481816 
-0.4 1.1 30.417803 
-0.4 1.15 30.383218 
-0.4 1.2 30.367102 
-0.4 1.25 30.360856 
-0.4 1.3 30.358908 
-0.4 1.35 30.358462 
-0.4 1.4 30.358386 
-0.4 1.45 30.358378 
-0.4 1.5 30.358367 
-0.4 1.55 30.358377 
-0.4 1.6 30.358377 
-0.4 1.65 30.358377 
-0.4 1.7 30.358377 
-0.4 1.75 30.358377 
-0.4 1.8 30.358377 
-0.4 1.85 30.358377 
-0.4 1.9 30.358377 
-0.4 1.95 30.358377 
-0.35 -1 38.166550 
-0.35 -0.95 37.685010 
-0.35 -0.9 37.094867 
-0.35 -0.85 36.375520 
-0.35 -0.8 35.504314 
-0.35 -0.75 34.457525 
-0.35 -0.7 33.212493 
-0.35 -0.65 31.751794 
-0.35 -0.6 30.070597 
-0.35 -0.55 28.188247 
-0.35 -0.5 26.163746 
-0.35 -0.45 24.111301 
-0.35 -0.4 22.206708 
-0.35 -0.35 20.671577 
-0.35 -0.3 19.727008 
-0.35 -0.25 19.524909 
-0.35 -0.2 20.086220 
-0.35 -0.15 21.283405 
-0.35 -0.1 22.884872 
-0.35 -0.05 24.637920 
-0.35 3.19189e-16 26.340659 
-0.35 0.05 27.870463 
-0.35 0.1 29.174422 
-0.35 0.15 30.245031 
-0.35 0.2 31.098149 
-0.35 0.25 31.758403 
-0.35 0.3 32.251261 
-0.35 0.35 32.599466 
-0.35 0.4 32.821861 
-0.35 0.45 32.933509 
-0.35 0.5 32.946499 
-0.35 0.55 32.871172 
-0.35 0.6 32.717657 
-0.35 0.65 32.497565 
-0.35 0.7 32.225624 
-0.35 0.75 31.920732 
-0.35 0.8 31.605750 
-0.35 0.85 31.305202 
-0.35 0.9 31.041176 
-0.35 0.95 30.828422 
-0.35 1 30.671572 
-0.35 1.05 30.566097 
-0.35 1.1 30.501950 
-0.35 1.15 30.467310 
-0.35 1.2 30.451165 
-0.35 1.25 30.444899 
-0.35 1.3 30.442957 
-0.35 1.35 30.442501 
-0.35 1.4 30.442424 
-0.35 1.45 30.442416 
-0.35 1.5 30.442415 
-0.35 1.55 30.442415 
-0.35 1.6 30.442415 
-0.35 1.65 30.442415 
-0.35 1.7 30.442415 
-0.35 1.75 30.442415 
-0.35 1.8 30.442415 
-0.35 1.85 30.442415 
-0.35 1.9 30.442415 
-0.35 1.95 30.442415 
-0.3 -1 37.938070 
-0.3 -0.95 37.404608 
-0.3 -0.9 36.752508 
-0.3 -0.85 35.960057 
-0.3 -0.8 35.003871 
-0.3 -0.75 33.860372 
-0.3 -0.7 32.508803 
-0.3 -0.65 30.936853 
-0.3 -0.6 29.150050 
-0.3 -0.55 27.185523 
-0.3 -0.5 25.128360 
-0.3 -0.45 23.124120 
-0.3 -0.4 21.375789 
-0.3 -0.35 20.112945 
-0.3 -0.3 19.531659 
-0.3 -0.25 19.724296 
-0.3 -0.2 20.635500 
-0.3 -0.15 22.075885 
-0.3 -0.1 23.791543 
-0.3 -0.05 25.548054 
-0.3 3.19189e-16 27.182405 
-0.3 0.05 28.609773 
-0.3 0.1 29.803549 
-0.3 0.15 30.770705 
-0.3 0.2 31.533267 
-0.3 0.25 32.117337 
-0.3 0.3 32.547610 
-0.3 0.35 32.845163 
-0.3 0.4 33.026978 
-0.3 0.45 33.106371 
-0.3 0.5 33.093912 
-0.3 0.55 32.998679 
-0.3 0.6 32.829768 
-0.3 0.65 32.597959 
-0.3 0.7 32.317306 
-0.3 0.75 32.006153 
-0.3 0.8 31.686863 
-0.3 0.85 31.383571 
-0.3 0.9 31.117902 
-0.3 0.95 30.904252 
-0.3 1 30.746945 
-0.3 1.05 30.641243 
-0.3 1.1 30.576981 
-0.3 1.15 30.542284 
-0.3 1.2 30.526113 
-0.3 1.25 30.519837 
-0.3 1.3 30.517892 
-0.3 1.35 30.517435 
-0.3 1.4 30.517359 
-0.3 1.45 30.517350 
-0.3 1.5 30.517350 
-0.3 1.55 30.517350 
-0.3 1.6 30.517350 
-0.3 1.65 30.517350 
-0.3 1.7 30.517350 
-0.3 1.75 30.517350 
-0.3 1.8 30.517350 
-0.3 1.85 30.517350 
-0.3 1.9 30.517350 
-0.3 1.95 30.517350 
-0.25 -1 37.684797 
-0.25 -0.95 37.094543 
-0.25 -0.9 36.375029 
-0.25 -0.85 35.503579 
-0.25 -0.8 34.456436 
-0.25 -0.75 33.210903 
-0.25 -0.7 31.749515 
-0.25 -0.65 30.067419 
-0.25 -0.6 28.183992 
-0.25 -0.55 26.158393 
-0.25 -0.5 24.105211 
-0.25 -0.45 22.200942 
-0.25 -0.4 20.668206 
-0.25 -0.35 19.729206 
-0.25 -0.3 19.536589 
-0.25 -0.25 20.111160 
-0.25 -0.2 21.324208 
-0.25 -0.15 22.942394 
-0.25 -0.1 24.711560 
-0.25 -0.05 26.429232 
-0.25 3.19189e-16 27.973052 
-0.25 0.05 29.290858 
-0.25 0.1 30.376066 
-0.25 0.15 31.245393 
-0.25 0.2 31.924290 
-0.25 0.25 32.438929 
-0.25 0.3 32.812632 
-0.25 0.35 33.064631 
-0.25 0.4 33.210064 
-0.25 0.45 33.260595 
-0.25 0.5 33.225394 
-0.25 0.55 33.112386 
-0.25 0.6 32.929735 
-0.25 0.65 32.687473 
-0.25 0.7 32.399051 
-0.25 0.75 32.082313 
-0.25 0.8 31.759216 
-0.25 0.85 31.453435 
-0.25 0.9 31.186310 
-0.25 0.95 30.971871 
-0.25 1 30.814165 
-0.25 1.05 30.708241 
-0.25 1.1 30.643876 
-0.25 1.15 30.609128 
-0.25 1.2 30.592935 
-0.25 1.25 30.586650 
-0.25 1.3 30.584702 
-0.25 1.35 30.584244 
-0.25 1.4 30.584168 
-0.25 1.45 30.584159 
-0.25 1.5 30.584159 
-0.25 1.55 30.584159 
-0.25 1.6 30.584159 
-0.25 1.65 30.584159 
-0.25 1.7 30.584159 
-0.25 1.75 30.584159 
-0.25 1.8 30.584159 
-0.25 1.85 30.584159 
-0.25 1.9 30.584159 
-0.25 1.95 30.584159 
-0.2 -1 37.404374 
-0.2 -0.95 36.752152 
-0.2 -0.9 35.959521 
-0.2 -0.85 35.003073 
-0.2 -0.8 33.859196 
-0.2 -0.75 32.507101 
-0.2 -0.7 30.934444 
-0.2 -0.65 29.146752 
-0.2 -0.6 27.181229 
-0.2 -0.55 25.123190 
-0.2 -0.5 23.118672 
-0.2 -0.45 21.371433 
-0.2 -0.4 20.112035 
-0.2 -0.35 19.537433 
-0.2 -0.3 19.740303 
-0.2 -0.25 20.664687 
-0.2 -0.2 22.119802 
-0.2 -0.15 23.850214 
-0.2 -0.1 25.620565 
-0.2 -0.05 27.267741 
-0.2 3.19189e-16 28.707428 
-0.2 0.05 29.913799 
-0.2 0.1 30.894649 
-0.2 0.15 31.672789 
-0.2 0.2 32.275034 
-0.2 0.25 32.726720 
-0.2 0.3 33.049453 
-0.2 0.35 33.260568 
-0.2 0.4 33.373428 
-0.2 0.45 33.398159 
-0.2 0.5 33.342647 
-0.2 0.55 33.213775 
-0.2 0.6 33.018865 
-0.2 0.65 32.767280 
-0.2 0.7 32.471928 
-0.2 0.75 32.150211 
-0.2 0.8 31.823680 
-0.2 0.85 31.515727 
-0.2 0.9 31.247298 
-0.2 0.95 31.032138 
-0.2 1 30.874062 
-0.2 1.05 30.767976 
-0.2 1.1 30.703521 
-0.2 1.15 30.668728 
-0.2 1.2 30.652514 
-0.2 1.25 30.646221 
-0.2 1.3 30.644271 
-0.2 1.35 30.643813 
-0.2 1.4 30.643736 
-0.2 1.45 30.643728 
-0.2 1.5 30.643727 
-0.2 1.55 30.643727 
-0.2 1.6 30.643727 
-0.2 1.65 30.643727 
-0.2 1.7 30.643727 
-0.2 1.75 30.643727 
-0.2 1.8 30.643727 
-0.2 1.85 30.643727 
-0.2 1.9 30.643727 
-0.2 1.95 30.643727 
-0.15 -1 37.094285 
-0.15 -0.95 36.374639 
-0.15 -0.9 35.502995 
-0.15 -0.85 34.455571 
-0.15 -0.8 33.209639 
-0.15 -0.75 31.747704 
-0.15 -0.7 30.064894 
-0.15 -0.65 28.180612 
-0.15 -0.6 26.154141 
-0.15 -0.55 24.100377 
-0.15 -0.5 22.196373 
-0.15 -0.45 20.665554 
-0.15 -0.4 19.731003 
-0.15 -0.35 19.545953 
-0.15 -0.3 20.131097 
-0.15 -0.25 21.356778 
-0.15 -0.2 22.988258 
-0.15 -0.15 24.770219 
-0.15 -0.1 26.499736 
-0.15 -0.05 28.054676 
-0.15 3.19189e-16 29.383495 
-0.15 0.05 30.480367 
-0.15 0.1 31.362724 
-0.15 0.15 32.056728 
-0.15 0.2 32.589191 
-0.15 0.25 32.984021 
-0.15 0.3 33.260945 
-0.15 0.35 33.435426 
-0.15 0.4 33.519155 
-0.15 0.45 33.520838 
-0.15 0.5 33.447197 
-0.15 0.55 33.304169 
-0.15 0.6 33.098326 
-0.15 0.65 32.838426 
-0.15 0.7 32.536896 
-0.15 0.75 32.210740 
-0.15 0.8 31.881173 
-0.15 0.85 31.571259 
-0.15 0.9 31.301673 
-0.15 0.95 31.085885 
-0.15 1 30.927484 
-0.15 1.05 30.821246 
-0.15 1.1 30.756712 
-0.15 1.15 30.721860 
-0.15 1.2 30.705628 
-0.15 1.25 30.699328 
-0.15 1.3 30.697376 
-0.15 1.35 30.696918 
-0.15 1.4 30.696841 
-0.15 1.45 30.696832 
-0.15 1.5 30.696832 
-0.15 1.55 30.696832 
-0.15 1.6 30.696832 
-0.15 1.65 30.696832 
-0.15 1.7 30.696832 
-0.15 1.75 30.696832 
-0.15 1.8 30.696832 
-0.15 1.85 30.696832 
-0.15 1.9 30.696832 
-0.15 1.95 30.696832 
-0.1 -1 36.751869 
-0.1 -0.95 35.959095 
-0.1 -0.9 35.002438 
-0.1 -0.85 33.858262 
-0.1 -0.8 32.505749 
-0.1 -0.75 30.932531 
-0.1 -0.7 29.144132 
-0.1 -0.65 27.177817 
-0.1 -0.6 25.119084 
-0.1 -0.55 23.114349 
-0.1 -0.5 21.367987 
-0.1 -0.45 20.111342 
-0.1 -0.4 19.542072 
-0.1 -0.35 19.753103 
-0.1 -0.3 20.687986 
-0.1 -0.25 22.154821 
-0.1 -0.2 23.896954 
-0.1 -0.15 25.678287 
-0.1 -0.1 27.335635 
-0.1 -0.05 28.785105 
-0.1 3.19189e-16 30.001510 
-0.1 0.05 30.993323 
-0.1 0.1 31.784012 
-0.1 0.15 32.401015 
-0.1 0.2 32.870258 
-0.1 0.25 33.213896 
-0.1 0.3 33.449729 
-0.1 0.35 33.591425 
-0.1 0.4 33.649121 
-0.1 0.45 33.630227 
-0.1 0.5 33.540409 
-0.1 0.55 33.384756 
-0.1 0.6 33.169162 
-0.1 0.65 32.901849 
-0.1 0.7 32.594811 
-0.1 0.75 32.264720 
-0.1 0.8 31.932427 
-0.1 0.85 31.620779 
-0.1 0.9 31.350151 
-0.1 0.95 31.133784 
-0.1 1 30.975097 
-0.1 1.05 30.868707 
-0.1 1.1 30.804098 
-0.1 1.15 30.769230 
-0.1 1.2 30.752982 
-0.1 1.25 30.746676 
-0.1 1.3 30.744722 
-0.1 1.35 30.744262 
-0.1 1.4 30.744186 
-0.1 1.45 30.744177 
-0.1 1.5 30.744177 
-0.1 1.55 30.744177 
-0.1 1.6 30.744177 
-0.1 1.65 30.744177 
-0.1 1.7 30.744177 
-0.1 1.75 30.744177 
-0.1 1.8 30.744177 
-0.1 1.85 30.744177 
-0.1 1.9 30.744177 
-0.1 1.95 30.744177 
-0.05 -1 36.374330 
-0.05 -0.95 35.502531 
-0.05 -0.9 34.454884 
-0.05 -0.85 33.208635 
-0.05 -0.8 31.746265 
-0.05 -0.75 30.062888 
-0.05 -0.7 28.177927 
-0.05 -0.65 26.150765 
-0.05 -0.6 24.096540 
-0.05 -0.55 22.192750 
-0.05 -0.5 20.663463 
-0.05 -0.45 19.732462 
-0.05 -0.4 19.553446 
-0.05 -0.35 20.147014 
-0.05 -0.3 21.382750 
-0.05 -0.25 23.024798 
-0.05 -0.2 24.816918 
-0.05 -0.15 26.555830 
-0.05 -0.1 28.119595 
-0.05 -0.05 29.457173 
-0.05 3.19189e-16 30.563331 
-0.05 0.05 31.456158 
-0.05 0.1 32.162355 
-0.05 0.15 32.709316 
-0.05 0.2 33.121499 
-0.05 0.25 33.419151 
-0.05 0.3 33.618180 
-0.05 0.35 33.730565 
-0.05 0.4 33.765012 
-0.05 0.45 33.727755 
-0.05 0.5 33.623506 
-0.05 0.55 33.456594 
-0.05 0.6 33.232306 
-0.05 0.65 32.958384 
-0.05 0.7 32.646437 
-0.05 0.75 32.312807 
-0.05 0.8 31.978095 
-0.05 0.85 31.664885 
-0.05 0.9 31.393355 
-0.05 0.95 31.176487 
-0.05 1 31.017550 
-0.05 1.05 30.911024 
-0.05 1.1 30.846350 
-0.05 1.15 30.811450 
-0.05 1.2 30.795187 
-0.05 1.25 30.788876 
-0.05 1.3 30.786921 
-0.05 1.35 30.786460 
-0.05 1.4 30.786384 
-0.05 1.45 30.786376 
-0.05 1.5 30.786374 
-0.05 1.55 30.786374 
-0.05 1.6 30.786375 
-0.05 1.65 30.786374 
-0.05 1.7 30.786374 
-0.05 1.75 30.786374 
-0.05 1.8 30.786374 
-0.05 1.85 30.786374 
-0.05 1.9 30.786374 
-0.05 1.95 30.786374 
