-4 -2 40.1494 
-4 -1.93333 40.1494 
-4 -1.86667 40.1494 
-4 -1.8 40.1494 
-4 -1.73333 40.1494 
-4 -1.66667 40.1494 
-4 -1.6 40.1494 
-4 -1.53333 40.1494 
-4 -1.46667 40.1493 
-4 -1.4 40.1493 
-4 -1.33333 40.1493 
-4 -1.26667 40.1493 
-4 -1.2 40.1492 
-4 -1.13333 40.1492 
-4 -1.06667 40.1491 
-4 -1 40.149 
-4 -0.933333 40.1489 
-4 -0.866667 40.1487 
-4 -0.8 40.1484 
-4 -0.733333 40.148 
-4 -0.666667 40.1476 
-4 -0.6 40.1469 
-4 -0.533333 40.146 
-4 -0.466667 40.1448 
-4 -0.4 40.1432 
-4 -0.333333 40.1409 
-4 -0.266667 40.1379 
-4 -0.2 40.1338 
-4 -0.133333 40.1283 
-4 -0.0666667 40.1209 
-4 -4.16334e-16 40.1108 
-4 0.0666667 40.0973 
-4 0.133333 40.0793 
-4 0.2 40.0553 
-4 0.266667 40.0238 
-4 0.333333 39.9826 
-4 0.4 39.9298 
-4 0.466667 39.8632 
-4 0.533333 39.7816 
-4 0.6 39.6849 
-4 0.666667 39.5755 
-4 0.733333 39.4591 
-4 0.8 39.3448 
-4 0.866667 39.2439 
-4 0.933333 39.1665 
-4 1 39.1172 
-4 1.06667 39.0925 
-4 1.13333 39.0836 
-4 1.2 39.0815 
-4 1.26667 39.0812 
-4 1.33333 39.0812 
-4 1.4 39.0812 
-4 1.46667 39.0812 
-4 1.53333 39.0812 
-4 1.6 39.0812 
-4 1.66667 39.0812 
-4 1.73333 39.0812 
-4 1.8 39.0812 
-4 1.86667 39.0812 
-4 1.93333 39.0812 
-4 2 39.0812 
-3.93333 -2 40.1494 
-3.93333 -1.93333 40.1494 
-3.93333 -1.86667 40.1494 
-3.93333 -1.8 40.1494 
-3.93333 -1.73333 40.1494 
-3.93333 -1.66667 40.1494 
-3.93333 -1.6 40.1494 
-3.93333 -1.53333 40.1493 
-3.93333 -1.46667 40.1493 
-3.93333 -1.4 40.1493 
-3.93333 -1.33333 40.1493 
-3.93333 -1.26667 40.1493 
-3.93333 -1.2 40.1492 
-3.93333 -1.13333 40.1491 
-3.93333 -1.06667 40.1491 
-3.93333 -1 40.1489 
-3.93333 -0.933333 40.1488 
-3.93333 -0.866667 40.1485 
-3.93333 -0.8 40.1482 
-3.93333 -0.733333 40.1478 
-3.93333 -0.666667 40.1473 
-3.93333 -0.6 40.1465 
-3.93333 -0.533333 40.1455 
-3.93333 -0.466667 40.1441 
-3.93333 -0.4 40.1421 
-3.93333 -0.333333 40.1395 
-3.93333 -0.266667 40.136 
-3.93333 -0.2 40.1313 
-3.93333 -0.133333 40.1248 
-3.93333 -0.0666667 40.1161 
-3.93333 -4.16334e-16 40.1044 
-3.93333 0.0666667 40.0887 
-3.93333 0.133333 40.0677 
-3.93333 0.2 40.0398 
-3.93333 0.266667 40.003 
-3.93333 0.333333 39.9551 
-3.93333 0.4 39.8936 
-3.93333 0.466667 39.8161 
-3.93333 0.533333 39.7211 
-3.93333 0.6 39.6087 
-3.93333 0.666667 39.4816 
-3.93333 0.733333 39.3464 
-3.93333 0.8 39.2136 
-3.93333 0.866667 39.0965 
-3.93333 0.933333 39.0066 
-3.93333 1 38.9493 
-3.93333 1.06667 38.9206 
-3.93333 1.13333 38.9102 
-3.93333 1.2 38.9077 
-3.93333 1.26667 38.9074 
-3.93333 1.33333 38.9074 
-3.93333 1.4 38.9074 
-3.93333 1.46667 38.9074 
-3.93333 1.53333 38.9074 
-3.93333 1.6 38.9074 
-3.93333 1.66667 38.9074 
-3.93333 1.73333 38.9074 
-3.93333 1.8 38.9074 
-3.93333 1.86667 38.9074 
-3.93333 1.93333 38.9074 
-3.93333 2 38.9074 
-3.86667 -2 40.1494 
-3.86667 -1.93333 40.1494 
-3.86667 -1.86667 40.1494 
-3.86667 -1.8 40.1494 
-3.86667 -1.73333 40.1494 
-3.86667 -1.66667 40.1494 
-3.86667 -1.6 40.1494 
-3.86667 -1.53333 40.1493 
-3.86667 -1.46667 40.1493 
-3.86667 -1.4 40.1493 
-3.86667 -1.33333 40.1493 
-3.86667 -1.26667 40.1492 
-3.86667 -1.2 40.1492 
-3.86667 -1.13333 40.1491 
-3.86667 -1.06667 40.149 
-3.86667 -1 40.1489 
-3.86667 -0.933333 40.1487 
-3.86667 -0.866667 40.1484 
-3.86667 -0.8 40.148 
-3.86667 -0.733333 40.1476 
-3.86667 -0.666667 40.1469 
-3.86667 -0.6 40.146 
-3.86667 -0.533333 40.1448 
-3.86667 -0.466667 40.1432 
-3.86667 -0.4 40.1409 
-3.86667 -0.333333 40.1379 
-3.86667 -0.266667 40.1338 
-3.86667 -0.2 40.1283 
-3.86667 -0.133333 40.1207 
-3.86667 -0.0666667 40.1106 
-3.86667 -4.16334e-16 40.097 
-3.86667 0.0666667 40.0786 
-3.86667 0.133333 40.0541 
-3.86667 0.2 40.0216 
-3.86667 0.266667 39.9788 
-3.86667 0.333333 39.923 
-3.86667 0.4 39.8514 
-3.86667 0.466667 39.7613 
-3.86667 0.533333 39.6509 
-3.86667 0.6 39.5202 
-3.86667 0.666667 39.3726 
-3.86667 0.733333 39.2156 
-3.86667 0.8 39.0616 
-3.86667 0.866667 38.9256 
-3.86667 0.933333 38.8212 
-3.86667 1 38.7546 
-3.86667 1.06667 38.7213 
-3.86667 1.13333 38.7092 
-3.86667 1.2 38.7064 
-3.86667 1.26667 38.706 
-3.86667 1.33333 38.706 
-3.86667 1.4 38.706 
-3.86667 1.46667 38.706 
-3.86667 1.53333 38.706 
-3.86667 1.6 38.706 
-3.86667 1.66667 38.706 
-3.86667 1.73333 38.706 
-3.86667 1.8 38.706 
-3.86667 1.86667 38.706 
-3.86667 1.93333 38.706 
-3.86667 2 38.706 
-3.8 -2 40.1494 
-3.8 -1.93333 40.1494 
-3.8 -1.86667 40.1494 
-3.8 -1.8 40.1494 
-3.8 -1.73333 40.1494 
-3.8 -1.66667 40.1494 
-3.8 -1.6 40.1493 
-3.8 -1.53333 40.1493 
-3.8 -1.46667 40.1493 
-3.8 -1.4 40.1493 
-3.8 -1.33333 40.1493 
-3.8 -1.26667 40.1492 
-3.8 -1.2 40.1491 
-3.8 -1.13333 40.1491 
-3.8 -1.06667 40.1489 
-3.8 -1 40.1488 
-3.8 -0.933333 40.1485 
-3.8 -0.866667 40.1482 
-3.8 -0.8 40.1478 
-3.8 -0.733333 40.1473 
-3.8 -0.666667 40.1465 
-3.8 -0.6 40.1455 
-3.8 -0.533333 40.144 
-3.8 -0.466667 40.1421 
-3.8 -0.4 40.1395 
-3.8 -0.333333 40.136 
-3.8 -0.266667 40.1312 
-3.8 -0.2 40.1248 
-3.8 -0.133333 40.116 
-3.8 -0.0666667 40.1042 
-3.8 -4.16334e-16 40.0883 
-3.8 0.0666667 40.0669 
-3.8 0.133333 40.0384 
-3.8 0.2 40.0005 
-3.8 0.266667 39.9506 
-3.8 0.333333 39.8857 
-3.8 0.4 39.8024 
-3.8 0.466667 39.6976 
-3.8 0.533333 39.5693 
-3.8 0.6 39.4175 
-3.8 0.666667 39.2461 
-3.8 0.733333 39.064 
-3.8 0.8 38.8853 
-3.8 0.866667 38.7277 
-3.8 0.933333 38.6066 
-3.8 1 38.5293 
-3.8 1.06667 38.4906 
-3.8 1.13333 38.4766 
-3.8 1.2 38.4733 
-3.8 1.26667 38.4728 
-3.8 1.33333 38.4728 
-3.8 1.4 38.4728 
-3.8 1.46667 38.4728 
-3.8 1.53333 38.4728 
-3.8 1.6 38.4728 
-3.8 1.66667 38.4728 
-3.8 1.73333 38.4728 
-3.8 1.8 38.4728 
-3.8 1.86667 38.4728 
-3.8 1.93333 38.4728 
-3.8 2 38.4728 
-3.73333 -2 40.1494 
-3.73333 -1.93333 40.1494 
-3.73333 -1.86667 40.1494 
-3.73333 -1.8 40.1494 
-3.73333 -1.73333 40.1494 
-3.73333 -1.66667 40.1494 
-3.73333 -1.6 40.1493 
-3.73333 -1.53333 40.1493 
-3.73333 -1.46667 40.1493 
-3.73333 -1.4 40.1493 
-3.73333 -1.33333 40.1492 
-3.73333 -1.26667 40.1492 
-3.73333 -1.2 40.1491 
-3.73333 -1.13333 40.149 
-3.73333 -1.06667 40.1489 
-3.73333 -1 40.1487 
-3.73333 -0.933333 40.1484 
-3.73333 -0.866667 40.148 
-3.73333 -0.8 40.1476 
-3.73333 -0.733333 40.1469 
-3.73333 -0.666667 40.146 
-3.73333 -0.6 40.1448 
-3.73333 -0.533333 40.1432 
-3.73333 -0.466667 40.1409 
-3.73333 -0.4 40.1379 
-3.73333 -0.333333 40.1338 
-3.73333 -0.266667 40.1282 
-3.73333 -0.2 40.1207 
-3.73333 -0.133333 40.1105 
-3.73333 -0.0666667 40.0967 
-3.73333 -4.16334e-16 40.0781 
-3.73333 0.0666667 40.0533 
-3.73333 0.133333 40.02 
-3.73333 0.2 39.9759 
-3.73333 0.266667 39.9179 
-3.73333 0.333333 39.8423 
-3.73333 0.4 39.7454 
-3.73333 0.466667 39.6236 
-3.73333 0.533333 39.4745 
-3.73333 0.6 39.2983 
-3.73333 0.666667 39.0995 
-3.73333 0.733333 38.8884 
-3.73333 0.8 38.6814 
-3.73333 0.866667 38.4987 
-3.73333 0.933333 38.3584 
-3.73333 1 38.2688 
-3.73333 1.06667 38.2239 
-3.73333 1.13333 38.2076 
-3.73333 1.2 38.2037 
-3.73333 1.26667 38.2032 
-3.73333 1.33333 38.2032 
-3.73333 1.4 38.2032 
-3.73333 1.46667 38.2032 
-3.73333 1.53333 38.2032 
-3.73333 1.6 38.2032 
-3.73333 1.66667 38.2032 
-3.73333 1.73333 38.2032 
-3.73333 1.8 38.2032 
-3.73333 1.86667 38.2032 
-3.73333 1.93333 38.2032 
-3.73333 2 38.2032 
-3.66667 -2 40.1494 
-3.66667 -1.93333 40.1494 
-3.66667 -1.86667 40.1494 
-3.66667 -1.8 40.1494 
-3.66667 -1.73333 40.1494 
-3.66667 -1.66667 40.1493 
-3.66667 -1.6 40.1493 
-3.66667 -1.53333 40.1493 
-3.66667 -1.46667 40.1493 
-3.66667 -1.4 40.1493 
-3.66667 -1.33333 40.1492 
-3.66667 -1.26667 40.1491 
-3.66667 -1.2 40.1491 
-3.66667 -1.13333 40.1489 
-3.66667 -1.06667 40.1488 
-3.66667 -1 40.1485 
-3.66667 -0.933333 40.1482 
-3.66667 -0.866667 40.1478 
-3.66667 -0.8 40.1473 
-3.66667 -0.733333 40.1465 
-3.66667 -0.666667 40.1455 
-3.66667 -0.6 40.144 
-3.66667 -0.533333 40.1421 
-3.66667 -0.466667 40.1395 
-3.66667 -0.4 40.136 
-3.66667 -0.333333 40.1312 
-3.66667 -0.266667 40.1247 
-3.66667 -0.2 40.1159 
-3.66667 -0.133333 40.104 
-3.66667 -0.0666667 40.088 
-3.66667 -4.16334e-16 40.0664 
-3.66667 0.0666667 40.0374 
-3.66667 0.133333 39.9987 
-3.66667 0.2 39.9473 
-3.66667 0.266667 39.8797 
-3.66667 0.333333 39.7918 
-3.66667 0.4 39.6791 
-3.66667 0.466667 39.5376 
-3.66667 0.533333 39.3645 
-3.66667 0.6 39.1602 
-3.66667 0.666667 38.9298 
-3.66667 0.733333 38.6852 
-3.66667 0.8 38.4456 
-3.66667 0.866667 38.2342 
-3.66667 0.933333 38.0718 
-3.66667 1 37.968 
-3.66667 1.06667 37.9159 
-3.66667 1.13333 37.897 
-3.66667 1.2 37.8925 
-3.66667 1.26667 37.8919 
-3.66667 1.33333 37.8919 
-3.66667 1.4 37.8919 
-3.66667 1.46667 37.8919 
-3.66667 1.53333 37.8919 
-3.66667 1.6 37.8919 
-3.66667 1.66667 37.8919 
-3.66667 1.73333 37.8919 
-3.66667 1.8 37.8919 
-3.66667 1.86667 37.8919 
-3.66667 1.93333 37.8919 
-3.66667 2 37.8919 
-3.6 -2 40.1494 
-3.6 -1.93333 40.1494 
-3.6 -1.86667 40.1494 
-3.6 -1.8 40.1494 
-3.6 -1.73333 40.1494 
-3.6 -1.66667 40.1493 
-3.6 -1.6 40.1493 
-3.6 -1.53333 40.1493 
-3.6 -1.46667 40.1493 
-3.6 -1.4 40.1492 
-3.6 -1.33333 40.1492 
-3.6 -1.26667 40.1491 
-3.6 -1.2 40.149 
-3.6 -1.13333 40.1489 
-3.6 -1.06667 40.1487 
-3.6 -1 40.1484 
-3.6 -0.933333 40.148 
-3.6 -0.866667 40.1476 
-3.6 -0.8 40.1469 
-3.6 -0.733333 40.146 
-3.6 -0.666667 40.1448 
-3.6 -0.6 40.1432 
-3.6 -0.533333 40.1409 
-3.6 -0.466667 40.1379 
-3.6 -0.4 40.1338 
-3.6 -0.333333 40.1282 
-3.6 -0.266667 40.1206 
-3.6 -0.2 40.1104 
-3.6 -0.133333 40.0965 
-3.6 -0.0666667 40.0778 
-3.6 -4.16334e-16 40.0526 
-3.6 0.0666667 40.0188 
-3.6 0.133333 39.9738 
-3.6 0.2 39.9139 
-3.6 0.266667 39.8353 
-3.6 0.333333 39.733 
-3.6 0.4 39.6021 
-3.6 0.466667 39.4377 
-3.6 0.533333 39.237 
-3.6 0.6 39.0001 
-3.6 0.666667 38.7334 
-3.6 0.733333 38.4505 
-3.6 0.8 38.1734 
-3.6 0.866667 37.929 
-3.6 0.933333 37.7412 
-3.6 1 37.6211 
-3.6 1.06667 37.5609 
-3.6 1.13333 37.539 
-3.6 1.2 37.5337 
-3.6 1.26667 37.533 
-3.6 1.33333 37.533 
-3.6 1.4 37.533 
-3.6 1.46667 37.533 
-3.6 1.53333 37.533 
-3.6 1.6 37.533 
-3.6 1.66667 37.533 
-3.6 1.73333 37.533 
-3.6 1.8 37.533 
-3.6 1.86667 37.533 
-3.6 1.93333 37.533 
-3.6 2 37.533 
-3.53333 -2 40.1494 
-3.53333 -1.93333 40.1494 
-3.53333 -1.86667 40.1494 
-3.53333 -1.8 40.1494 
-3.53333 -1.73333 40.1493 
-3.53333 -1.66667 40.1493 
-3.53333 -1.6 40.1493 
-3.53333 -1.53333 40.1493 
-3.53333 -1.46667 40.1493 
-3.53333 -1.4 40.1492 
-3.53333 -1.33333 40.1491 
-3.53333 -1.26667 40.1491 
-3.53333 -1.2 40.1489 
-3.53333 -1.13333 40.1488 
-3.53333 -1.06667 40.1485 
-3.53333 -1 40.1482 
-3.53333 -0.933333 40.1478 
-3.53333 -0.866667 40.1473 
-3.53333 -0.8 40.1465 
-3.53333 -0.733333 40.1455 
-3.53333 -0.666667 40.144 
-3.53333 -0.6 40.1421 
-3.53333 -0.533333 40.1395 
-3.53333 -0.466667 40.136 
-3.53333 -0.4 40.1312 
-3.53333 -0.333333 40.1247 
-3.53333 -0.266667 40.1158 
-3.53333 -0.2 40.1039 
-3.53333 -0.133333 40.0877 
-3.53333 -0.0666667 40.0659 
-3.53333 -4.16334e-16 40.0366 
-3.53333 0.0666667 39.9973 
-3.53333 0.133333 39.9448 
-3.53333 0.2 39.8752 
-3.53333 0.266667 39.7836 
-3.53333 0.333333 39.6648 
-3.53333 0.4 39.5126 
-3.53333 0.466667 39.3219 
-3.53333 0.533333 39.0892 
-3.53333 0.6 38.815 
-3.53333 0.666667 38.5064 
-3.53333 0.733333 38.1796 
-3.53333 0.8 37.8596 
-3.53333 0.866667 37.5775 
-3.53333 0.933333 37.3607 
-3.53333 1 37.222 
-3.53333 1.06667 37.1524 
-3.53333 1.13333 37.127 
-3.53333 1.2 37.121 
-3.53333 1.26667 37.1201 
-3.53333 1.33333 37.1201 
-3.53333 1.4 37.1201 
-3.53333 1.46667 37.1201 
-3.53333 1.53333 37.1201 
-3.53333 1.6 37.1201 
-3.53333 1.66667 37.1201 
-3.53333 1.73333 37.1201 
-3.53333 1.8 37.1201 
-3.53333 1.86667 37.1201 
-3.53333 1.93333 37.1201 
-3.53333 2 37.1201 
-3.46667 -2 40.1494 
-3.46667 -1.93333 40.1494 
-3.46667 -1.86667 40.1494 
-3.46667 -1.8 40.1494 
-3.46667 -1.73333 40.1493 
-3.46667 -1.66667 40.1493 
-3.46667 -1.6 40.1493 
-3.46667 -1.53333 40.1493 
-3.46667 -1.46667 40.1492 
-3.46667 -1.4 40.1492 
-3.46667 -1.33333 40.1491 
-3.46667 -1.26667 40.149 
-3.46667 -1.2 40.1489 
-3.46667 -1.13333 40.1487 
-3.46667 -1.06667 40.1484 
-3.46667 -1 40.148 
-3.46667 -0.933333 40.1476 
-3.46667 -0.866667 40.1469 
-3.46667 -0.8 40.146 
-3.46667 -0.733333 40.1448 
-3.46667 -0.666667 40.1432 
-3.46667 -0.6 40.1409 
-3.46667 -0.533333 40.1379 
-3.46667 -0.466667 40.1338 
-3.46667 -0.4 40.1282 
-3.46667 -0.333333 40.1206 
-3.46667 -0.266667 40.1103 
-3.46667 -0.2 40.0964 
-3.46667 -0.133333 40.0775 
-3.46667 -0.0666667 40.0521 
-3.46667 -4.16334e-16 40.0179 
-3.46667 0.0666667 39.9721 
-3.46667 0.133333 39.911 
-3.46667 0.2 39.83 
-3.46667 0.266667 39.7236 
-3.46667 0.333333 39.5854 
-3.46667 0.4 39.4088 
-3.46667 0.466667 39.1877 
-3.46667 0.533333 38.9181 
-3.46667 0.6 38.6009 
-3.46667 0.666667 38.2445 
-3.46667 0.733333 37.8674 
-3.46667 0.8 37.4986 
-3.46667 0.866667 37.1735 
-3.46667 0.933333 36.9238 
-3.46667 1 36.7638 
-3.46667 1.06667 36.6834 
-3.46667 1.13333 36.6541 
-3.46667 1.2 36.6471 
-3.46667 1.26667 36.6462 
-3.46667 1.33333 36.6461 
-3.46667 1.4 36.6461 
-3.46667 1.46667 36.6461 
-3.46667 1.53333 36.6461 
-3.46667 1.6 36.6461 
-3.46667 1.66667 36.6461 
-3.46667 1.73333 36.6461 
-3.46667 1.8 36.6461 
-3.46667 1.86667 36.6461 
-3.46667 1.93333 36.6461 
-3.46667 2 36.6461 
-3.4 -2 40.1494 
-3.4 -1.93333 40.1494 
-3.4 -1.86667 40.1494 
-3.4 -1.8 40.1493 
-3.4 -1.73333 40.1493 
-3.4 -1.66667 40.1493 
-3.4 -1.6 40.1493 
-3.4 -1.53333 40.1493 
-3.4 -1.46667 40.1492 
-3.4 -1.4 40.1491 
-3.4 -1.33333 40.1491 
-3.4 -1.26667 40.1489 
-3.4 -1.2 40.1488 
-3.4 -1.13333 40.1485 
-3.4 -1.06667 40.1482 
-3.4 -1 40.1478 
-3.4 -0.933333 40.1473 
-3.4 -0.866667 40.1465 
-3.4 -0.8 40.1455 
-3.4 -0.733333 40.144 
-3.4 -0.666667 40.1421 
-3.4 -0.6 40.1395 
-3.4 -0.533333 40.136 
-3.4 -0.466667 40.1312 
-3.4 -0.4 40.1246 
-3.4 -0.333333 40.1158 
-3.4 -0.266667 40.1038 
-3.4 -0.2 40.0876 
-3.4 -0.133333 40.0656 
-3.4 -0.0666667 40.036 
-3.4 -4.16334e-16 39.9962 
-3.4 0.0666667 39.9429 
-3.4 0.133333 39.8717 
-3.4 0.2 39.7775 
-3.4 0.266667 39.6538 
-3.4 0.333333 39.4934 
-3.4 0.4 39.2885 
-3.4 0.466667 39.0322 
-3.4 0.533333 38.7204 
-3.4 0.6 38.354 
-3.4 0.666667 37.9429 
-3.4 0.733333 37.5085 
-3.4 0.8 37.0842 
-3.4 0.866667 36.7104 
-3.4 0.933333 36.4231 
-3.4 1 36.2391 
-3.4 1.06667 36.1466 
-3.4 1.13333 36.1128 
-3.4 1.2 36.1047 
-3.4 1.26667 36.1036 
-3.4 1.33333 36.1036 
-3.4 1.4 36.1036 
-3.4 1.46667 36.1036 
-3.4 1.53333 36.1036 
-3.4 1.6 36.1036 
-3.4 1.66667 36.1036 
-3.4 1.73333 36.1036 
-3.4 1.8 36.1036 
-3.4 1.86667 36.1036 
-3.4 1.93333 36.1036 
-3.4 2 36.1036 
-3.33333 -2 40.1494 
-3.33333 -1.93333 40.1494 
-3.33333 -1.86667 40.1494 
-3.33333 -1.8 40.1493 
-3.33333 -1.73333 40.1493 
-3.33333 -1.66667 40.1493 
-3.33333 -1.6 40.1493 
-3.33333 -1.53333 40.1492 
-3.33333 -1.46667 40.1492 
-3.33333 -1.4 40.1491 
-3.33333 -1.33333 40.149 
-3.33333 -1.26667 40.1489 
-3.33333 -1.2 40.1487 
-3.33333 -1.13333 40.1484 
-3.33333 -1.06667 40.148 
-3.33333 -1 40.1476 
-3.33333 -0.933333 40.1469 
-3.33333 -0.866667 40.146 
-3.33333 -0.8 40.1448 
-3.33333 -0.733333 40.1432 
-3.33333 -0.666667 40.1409 
-3.33333 -0.6 40.1379 
-3.33333 -0.533333 40.1337 
-3.33333 -0.466667 40.1281 
-3.33333 -0.4 40.1205 
-3.33333 -0.333333 40.1102 
-3.33333 -0.266667 40.0962 
-3.33333 -0.2 40.0773 
-3.33333 -0.133333 40.0518 
-3.33333 -0.0666667 40.0173 
-3.33333 -4.16334e-16 39.9709 
-3.33333 0.0666667 39.9088 
-3.33333 0.133333 39.826 
-3.33333 0.2 39.7165 
-3.33333 0.266667 39.5728 
-3.33333 0.333333 39.3865 
-3.33333 0.4 39.149 
-3.33333 0.466667 38.8524 
-3.33333 0.533333 38.492 
-3.33333 0.6 38.0693 
-3.33333 0.666667 37.596 
-3.33333 0.733333 37.0966 
-3.33333 0.8 36.6095 
-3.33333 0.866667 36.1807 
-3.33333 0.933333 35.8514 
-3.33333 1 35.6403 
-3.33333 1.06667 35.534 
-3.33333 1.13333 35.4952 
-3.33333 1.2 35.4859 
-3.33333 1.26667 35.4846 
-3.33333 1.33333 35.4845 
-3.33333 1.4 35.4845 
-3.33333 1.46667 35.4845 
-3.33333 1.53333 35.4845 
-3.33333 1.6 35.4845 
-3.33333 1.66667 35.4845 
-3.33333 1.73333 35.4845 
-3.33333 1.8 35.4845 
-3.33333 1.86667 35.4845 
-3.33333 1.93333 35.4845 
-3.33333 2 35.4845 
-3.26667 -2 40.1494 
-3.26667 -1.93333 40.1494 
-3.26667 -1.86667 40.1493 
-3.26667 -1.8 40.1493 
-3.26667 -1.73333 40.1493 
-3.26667 -1.66667 40.1493 
-3.26667 -1.6 40.1493 
-3.26667 -1.53333 40.1492 
-3.26667 -1.46667 40.1491 
-3.26667 -1.4 40.1491 
-3.26667 -1.33333 40.1489 
-3.26667 -1.26667 40.1488 
-3.26667 -1.2 40.1485 
-3.26667 -1.13333 40.1482 
-3.26667 -1.06667 40.1478 
-3.26667 -1 40.1473 
-3.26667 -0.933333 40.1465 
-3.26667 -0.866667 40.1455 
-3.26667 -0.8 40.144 
-3.26667 -0.733333 40.1421 
-3.26667 -0.666667 40.1395 
-3.26667 -0.6 40.136 
-3.26667 -0.533333 40.1312 
-3.26667 -0.466667 40.1246 
-3.26667 -0.4 40.1158 
-3.26667 -0.333333 40.1037 
-3.26667 -0.266667 40.0874 
-3.26667 -0.2 40.0654 
-3.26667 -0.133333 40.0356 
-3.26667 -0.0666667 39.9955 
-3.26667 -4.16334e-16 39.9415 
-3.26667 0.0666667 39.8692 
-3.26667 0.133333 39.7729 
-3.26667 0.2 39.6455 
-3.26667 0.266667 39.4786 
-3.26667 0.333333 39.2626 
-3.26667 0.4 38.9876 
-3.26667 0.466667 38.6446 
-3.26667 0.533333 38.2287 
-3.26667 0.6 37.7419 
-3.26667 0.666667 37.1979 
-3.26667 0.733333 36.6252 
-3.26667 0.8 36.0675 
-3.26667 0.866667 35.5771 
-3.26667 0.933333 35.2007 
-3.26667 1 34.9594 
-3.26667 1.06667 34.8378 
-3.26667 1.13333 34.7933 
-3.26667 1.2 34.7826 
-3.26667 1.26667 34.7811 
-3.26667 1.33333 34.781 
-3.26667 1.4 34.781 
-3.26667 1.46667 34.781 
-3.26667 1.53333 34.781 
-3.26667 1.6 34.781 
-3.26667 1.66667 34.781 
-3.26667 1.73333 34.781 
-3.26667 1.8 34.781 
-3.26667 1.86667 34.781 
-3.26667 1.93333 34.781 
-3.26667 2 34.781 
-3.2 -2 40.1494 
-3.2 -1.93333 40.1494 
-3.2 -1.86667 40.1493 
-3.2 -1.8 40.1493 
-3.2 -1.73333 40.1493 
-3.2 -1.66667 40.1493 
-3.2 -1.6 40.1492 
-3.2 -1.53333 40.1492 
-3.2 -1.46667 40.1491 
-3.2 -1.4 40.149 
-3.2 -1.33333 40.1489 
-3.2 -1.26667 40.1487 
-3.2 -1.2 40.1484 
-3.2 -1.13333 40.148 
-3.2 -1.06667 40.1476 
-3.2 -1 40.1469 
-3.2 -0.933333 40.146 
-3.2 -0.866667 40.1448 
-3.2 -0.8 40.1432 
-3.2 -0.733333 40.1409 
-3.2 -0.666667 40.1379 
-3.2 -0.6 40.1337 
-3.2 -0.533333 40.1281 
-3.2 -0.466667 40.1205 
-3.2 -0.4 40.1102 
-3.2 -0.333333 40.0962 
-3.2 -0.266667 40.0772 
-3.2 -0.2 40.0515 
-3.2 -0.133333 40.0168 
-3.2 -0.0666667 39.97 
-3.2 -4.16334e-16 39.9072 
-3.2 0.0666667 39.8231 
-3.2 0.133333 39.7111 
-3.2 0.2 39.5632 
-3.2 0.266667 39.3695 
-3.2 0.333333 39.1191 
-3.2 0.4 38.8009 
-3.2 0.466667 38.4049 
-3.2 0.533333 37.9256 
-3.2 0.6 37.3661 
-3.2 0.666667 36.7424 
-3.2 0.733333 36.0873 
-3.2 0.8 35.4507 
-3.2 0.866667 34.892 
-3.2 0.933333 34.4635 
-3.2 1 34.1888 
-3.2 1.06667 34.0503 
-3.2 1.13333 33.9995 
-3.2 1.2 33.9873 
-3.2 1.26667 33.9856 
-3.2 1.33333 33.9855 
-3.2 1.4 33.9855 
-3.2 1.46667 33.9855 
-3.2 1.53333 33.9855 
-3.2 1.6 33.9855 
-3.2 1.66667 33.9855 
-3.2 1.73333 33.9855 
-3.2 1.8 33.9855 
-3.2 1.86667 33.9855 
-3.2 1.93333 33.9855 
-3.2 2 33.9855 
-3.13333 -2 40.1494 
-3.13333 -1.93333 40.1493 
-3.13333 -1.86667 40.1493 
-3.13333 -1.8 40.1493 
-3.13333 -1.73333 40.1493 
-3.13333 -1.66667 40.1493 
-3.13333 -1.6 40.1492 
-3.13333 -1.53333 40.1491 
-3.13333 -1.46667 40.1491 
-3.13333 -1.4 40.1489 
-3.13333 -1.33333 40.1488 
-3.13333 -1.26667 40.1485 
-3.13333 -1.2 40.1482 
-3.13333 -1.13333 40.1478 
-3.13333 -1.06667 40.1473 
-3.13333 -1 40.1465 
-3.13333 -0.933333 40.1455 
-3.13333 -0.866667 40.144 
-3.13333 -0.8 40.1421 
-3.13333 -0.733333 40.1395 
-3.13333 -0.666667 40.136 
-3.13333 -0.6 40.1311 
-3.13333 -0.533333 40.1246 
-3.13333 -0.466667 40.1157 
-3.13333 -0.4 40.1037 
-3.13333 -0.333333 40.0874 
-3.13333 -0.266667 40.0652 
-3.13333 -0.2 40.0353 
-3.13333 -0.133333 39.9949 
-3.13333 -0.0666667 39.9404 
-3.13333 -4.16334e-16 39.8673 
-3.13333 0.0666667 39.7695 
-3.13333 0.133333 39.6393 
-3.13333 0.2 39.4675 
-3.13333 0.266667 39.2429 
-3.13333 0.333333 38.9531 
-3.13333 0.4 38.5853 
-3.13333 0.466667 38.1286 
-3.13333 0.533333 37.5775 
-3.13333 0.6 36.9357 
-3.13333 0.666667 36.2224 
-3.13333 0.733333 35.4755 
-3.13333 0.8 34.7518 
-3.13333 0.866667 34.1181 
-3.13333 0.933333 33.6328 
-3.13333 1 33.3218 
-3.13333 1.06667 33.1648 
-3.13333 1.13333 33.1072 
-3.13333 1.2 33.0933 
-3.13333 1.26667 33.0914 
-3.13333 1.33333 33.0913 
-3.13333 1.4 33.0913 
-3.13333 1.46667 33.0913 
-3.13333 1.53333 33.0913 
-3.13333 1.6 33.0913 
-3.13333 1.66667 33.0913 
-3.13333 1.73333 33.0913 
-3.13333 1.8 33.0913 
-3.13333 1.86667 33.0913 
-3.13333 1.93333 33.0913 
-3.13333 2 33.0913 
-3.06667 -2 40.1494 
-3.06667 -1.93333 40.1493 
-3.06667 -1.86667 40.1493 
-3.06667 -1.8 40.1493 
-3.06667 -1.73333 40.1493 
-3.06667 -1.66667 40.1492 
-3.06667 -1.6 40.1492 
-3.06667 -1.53333 40.1491 
-3.06667 -1.46667 40.149 
-3.06667 -1.4 40.1489 
-3.06667 -1.33333 40.1487 
-3.06667 -1.26667 40.1484 
-3.06667 -1.2 40.148 
-3.06667 -1.13333 40.1476 
-3.06667 -1.06667 40.1469 
-3.06667 -1 40.146 
-3.06667 -0.933333 40.1448 
-3.06667 -0.866667 40.1432 
-3.06667 -0.8 40.1409 
-3.06667 -0.733333 40.1379 
-3.06667 -0.666667 40.1337 
-3.06667 -0.6 40.1281 
-3.06667 -0.533333 40.1205 
-3.06667 -0.466667 40.1101 
-3.06667 -0.4 40.0961 
-3.06667 -0.333333 40.0771 
-3.06667 -0.266667 40.0513 
-3.06667 -0.2 40.0164 
-3.06667 -0.133333 39.9694 
-3.06667 -0.0666667 39.906 
-3.06667 -4.16334e-16 39.8209 
-3.06667 0.0666667 39.7071 
-3.06667 0.133333 39.556 
-3.06667 0.2 39.3566 
-3.06667 0.266667 39.0964 
-3.06667 0.333333 38.7611 
-3.06667 0.4 38.3367 
-3.06667 0.466667 37.811 
-3.06667 0.533333 37.1784 
-3.06667 0.6 36.4442 
-3.06667 0.666667 35.631 
-3.06667 0.733333 34.7827 
-3.06667 0.8 33.9638 
-3.06667 0.866667 33.2491 
-3.06667 0.933333 32.7029 
-3.06667 1 32.3532 
-3.06667 1.06667 32.1766 
-3.06667 1.13333 32.1116 
-3.06667 1.2 32.096 
-3.06667 1.26667 32.0938 
-3.06667 1.33333 32.0937 
-3.06667 1.4 32.0937 
-3.06667 1.46667 32.0937 
-3.06667 1.53333 32.0937 
-3.06667 1.6 32.0937 
-3.06667 1.66667 32.0937 
-3.06667 1.73333 32.0937 
-3.06667 1.8 32.0937 
-3.06667 1.86667 32.0937 
-3.06667 1.93333 32.0937 
-3.06667 2 32.0937 
-3 -2 40.1493 
-3 -1.93333 40.1493 
-3 -1.86667 40.1493 
-3 -1.8 40.1493 
-3 -1.73333 40.1493 
-3 -1.66667 40.1492 
-3 -1.6 40.1491 
-3 -1.53333 40.1491 
-3 -1.46667 40.1489 
-3 -1.4 40.1488 
-3 -1.33333 40.1485 
-3 -1.26667 40.1482 
-3 -1.2 40.1478 
-3 -1.13333 40.1473 
-3 -1.06667 40.1465 
-3 -1 40.1455 
-3 -0.933333 40.144 
-3 -0.866667 40.1421 
-3 -0.8 40.1395 
-3 -0.733333 40.136 
-3 -0.666667 40.1311 
-3 -0.6 40.1246 
-3 -0.533333 40.1157 
-3 -0.466667 40.1036 
-3 -0.4 40.0873 
-3 -0.333333 40.0651 
-3 -0.266667 40.0351 
-3 -0.2 39.9945 
-3 -0.133333 39.9397 
-3 -0.0666667 39.8659 
-3 -4.16334e-16 39.7669 
-3 0.0666667 39.6347 
-3 0.133333 39.4592 
-3 0.2 39.228 
-3 0.266667 38.9268 
-3 0.333333 38.5395 
-3 0.4 38.0504 
-3 0.466667 37.4465 
-3 0.533333 36.7221 
-3 0.6 35.8847 
-3 0.666667 34.9611 
-3 0.733333 34.0022 
-3 0.8 33.0809 
-3 0.866667 32.2804 
-3 0.933333 31.6707 
-3 1 31.2808 
-3 1.06667 31.0838 
-3 1.13333 31.0113 
-3 1.2 30.9937 
-3 1.26667 30.9913 
-3 1.33333 30.9912 
-3 1.4 30.9912 
-3 1.46667 30.9912 
-3 1.53333 30.9912 
-3 1.6 30.9912 
-3 1.66667 30.9912 
-3 1.73333 30.9912 
-3 1.8 30.9912 
-3 1.86667 30.9912 
-3 1.93333 30.9912 
-3 2 30.9912 
-2.93333 -2 40.1493 
-2.93333 -1.93333 40.1493 
-2.93333 -1.86667 40.1493 
-2.93333 -1.8 40.1493 
-2.93333 -1.73333 40.1492 
-2.93333 -1.66667 40.1492 
-2.93333 -1.6 40.1491 
-2.93333 -1.53333 40.149 
-2.93333 -1.46667 40.1489 
-2.93333 -1.4 40.1487 
-2.93333 -1.33333 40.1484 
-2.93333 -1.26667 40.148 
-2.93333 -1.2 40.1476 
-2.93333 -1.13333 40.1469 
-2.93333 -1.06667 40.146 
-2.93333 -1 40.1448 
-2.93333 -0.933333 40.1432 
-2.93333 -0.866667 40.1409 
-2.93333 -0.8 40.1379 
-2.93333 -0.733333 40.1337 
-2.93333 -0.666667 40.1281 
-2.93333 -0.6 40.1205 
-2.93333 -0.533333 40.1101 
-2.93333 -0.466667 40.0961 
-2.93333 -0.4 40.077 
-2.93333 -0.333333 40.0512 
-2.93333 -0.266667 40.0162 
-2.93333 -0.2 39.9689 
-2.93333 -0.133333 39.9051 
-2.93333 -0.0666667 39.8192 
-2.93333 -4.16334e-16 39.7042 
-2.93333 0.0666667 39.5506 
-2.93333 0.133333 39.3469 
-2.93333 0.2 39.0791 
-2.93333 0.266667 38.7308 
-2.93333 0.333333 38.2841 
-2.93333 0.4 37.7215 
-2.93333 0.466667 37.0292 
-2.93333 0.533333 36.2021 
-2.93333 0.6 35.2502 
-2.93333 0.666667 34.206 
-2.93333 0.733333 33.1283 
-2.93333 0.8 32.0994 
-2.93333 0.866667 31.2108 
-2.93333 0.933333 30.5369 
-2.93333 1 30.107 
-2.93333 1.06667 29.8897 
-2.93333 1.13333 29.8096 
-2.93333 1.2 29.7901 
-2.93333 1.26667 29.7875 
-2.93333 1.33333 29.7873 
-2.93333 1.4 29.7873 
-2.93333 1.46667 29.7873 
-2.93333 1.53333 29.7873 
-2.93333 1.6 29.7873 
-2.93333 1.66667 29.7873 
-2.93333 1.73333 29.7873 
-2.93333 1.8 29.7873 
-2.93333 1.86667 29.7873 
-2.93333 1.93333 29.7873 
-2.93333 2 29.7873 
-2.86667 -2 40.1493 
-2.86667 -1.93333 40.1493 
-2.86667 -1.86667 40.1493 
-2.86667 -1.8 40.1493 
-2.86667 -1.73333 40.1492 
-2.86667 -1.66667 40.1491 
-2.86667 -1.6 40.1491 
-2.86667 -1.53333 40.1489 
-2.86667 -1.46667 40.1488 
-2.86667 -1.4 40.1485 
-2.86667 -1.33333 40.1482 
-2.86667 -1.26667 40.1478 
-2.86667 -1.2 40.1473 
-2.86667 -1.13333 40.1465 
-2.86667 -1.06667 40.1455 
-2.86667 -1 40.144 
-2.86667 -0.933333 40.1421 
-2.86667 -0.866667 40.1395 
-2.86667 -0.8 40.136 
-2.86667 -0.733333 40.1311 
-2.86667 -0.666667 40.1246 
-2.86667 -0.6 40.1157 
-2.86667 -0.533333 40.1036 
-2.86667 -0.466667 40.0872 
-2.86667 -0.4 40.065 
-2.86667 -0.333333 40.0349 
-2.86667 -0.266667 39.9942 
-2.86667 -0.2 39.9391 
-2.86667 -0.133333 39.8648 
-2.86667 -0.0666667 39.765 
-2.86667 -4.16334e-16 39.6312 
-2.86667 0.0666667 39.4529 
-2.86667 0.133333 39.2168 
-2.86667 0.2 38.9069 
-2.86667 0.266667 38.5047 
-2.86667 0.333333 37.9902 
-2.86667 0.4 37.3444 
-2.86667 0.466667 36.5527 
-2.86667 0.533333 35.6113 
-2.86667 0.6 34.5338 
-2.86667 0.666667 33.3597 
-2.86667 0.733333 32.1572 
-2.86667 0.8 31.0188 
-2.86667 0.866667 30.0433 
-2.86667 0.933333 29.308 
-2.86667 1 28.8405 
-2.86667 1.06667 28.6042 
-2.86667 1.13333 28.5169 
-2.86667 1.2 28.4957 
-2.86667 1.26667 28.4927 
-2.86667 1.33333 28.4925 
-2.86667 1.4 28.4925 
-2.86667 1.46667 28.4925 
-2.86667 1.53333 28.4925 
-2.86667 1.6 28.4925 
-2.86667 1.66667 28.4925 
-2.86667 1.73333 28.4925 
-2.86667 1.8 28.4925 
-2.86667 1.86667 28.4925 
-2.86667 1.93333 28.4925 
-2.86667 2 28.4925 
-2.8 -2 40.1493 
-2.8 -1.93333 40.1493 
-2.8 -1.86667 40.1493 
-2.8 -1.8 40.1492 
-2.8 -1.73333 40.1492 
-2.8 -1.66667 40.1491 
-2.8 -1.6 40.149 
-2.8 -1.53333 40.1489 
-2.8 -1.46667 40.1487 
-2.8 -1.4 40.1484 
-2.8 -1.33333 40.148 
-2.8 -1.26667 40.1476 
-2.8 -1.2 40.1469 
-2.8 -1.13333 40.146 
-2.8 -1.06667 40.1448 
-2.8 -1 40.1432 
-2.8 -0.933333 40.1409 
-2.8 -0.866667 40.1379 
-2.8 -0.8 40.1337 
-2.8 -0.733333 40.1281 
-2.8 -0.666667 40.1205 
-2.8 -0.6 40.1101 
-2.8 -0.533333 40.096 
-2.8 -0.466667 40.0769 
-2.8 -0.4 40.0511 
-2.8 -0.333333 40.016 
-2.8 -0.266667 39.9685 
-2.8 -0.2 39.9044 
-2.8 -0.133333 39.818 
-2.8 -0.0666667 39.7019 
-2.8 -4.16334e-16 39.5466 
-2.8 0.0666667 39.3397 
-2.8 0.133333 39.0662 
-2.8 0.2 38.708 
-2.8 0.266667 38.2441 
-2.8 0.333333 37.6527 
-2.8 0.4 36.913 
-2.8 0.466667 36.0104 
-2.8 0.533333 34.9429 
-2.8 0.6 33.7295 
-2.8 0.666667 32.4183 
-2.8 0.733333 31.0888 
-2.8 0.8 29.8437 
-2.8 0.866667 28.7878 
-2.8 0.933333 27.9985 
-2.8 1 27.4988 
-2.8 1.06667 27.2465 
-2.8 1.13333 27.153 
-2.8 1.2 27.1302 
-2.8 1.26667 27.127 
-2.8 1.33333 27.1268 
-2.8 1.4 27.1268 
-2.8 1.46667 27.1268 
-2.8 1.53333 27.1268 
-2.8 1.6 27.1268 
-2.8 1.66667 27.1268 
-2.8 1.73333 27.1268 
-2.8 1.8 27.1268 
-2.8 1.86667 27.1268 
-2.8 1.93333 27.1268 
-2.8 2 27.1268 
-2.73333 -2 40.1493 
-2.73333 -1.93333 40.1493 
-2.73333 -1.86667 40.1493 
-2.73333 -1.8 40.1492 
-2.73333 -1.73333 40.1491 
-2.73333 -1.66667 40.1491 
-2.73333 -1.6 40.1489 
-2.73333 -1.53333 40.1488 
-2.73333 -1.46667 40.1485 
-2.73333 -1.4 40.1482 
-2.73333 -1.33333 40.1478 
-2.73333 -1.26667 40.1473 
-2.73333 -1.2 40.1465 
-2.73333 -1.13333 40.1455 
-2.73333 -1.06667 40.144 
-2.73333 -1 40.1421 
-2.73333 -0.933333 40.1395 
-2.73333 -0.866667 40.136 
-2.73333 -0.8 40.1311 
-2.73333 -0.733333 40.1246 
-2.73333 -0.666667 40.1157 
-2.73333 -0.6 40.1036 
-2.73333 -0.533333 40.0872 
-2.73333 -0.466667 40.0649 
-2.73333 -0.4 40.0348 
-2.73333 -0.333333 39.9939 
-2.73333 -0.266667 39.9387 
-2.73333 -0.2 39.8641 
-2.73333 -0.133333 39.7636 
-2.73333 -0.0666667 39.6287 
-2.73333 -4.16334e-16 39.4483 
-2.73333 0.0666667 39.2085 
-2.73333 0.133333 38.892 
-2.73333 0.2 38.4784 
-2.73333 0.266667 37.9445 
-2.73333 0.333333 37.266 
-2.73333 0.4 36.421 
-2.73333 0.466667 35.3955 
-2.73333 0.533333 34.1905 
-2.73333 0.6 32.8325 
-2.73333 0.666667 31.3807 
-2.73333 0.733333 29.9275 
-2.73333 0.8 28.5858 
-2.73333 0.866667 27.4633 
-2.73333 0.933333 26.6331 
-2.73333 1 26.1106 
-2.73333 1.06667 25.847 
-2.73333 1.13333 25.749 
-2.73333 1.2 25.725 
-2.73333 1.26667 25.7216 
-2.73333 1.33333 25.7214 
-2.73333 1.4 25.7214 
-2.73333 1.46667 25.7214 
-2.73333 1.53333 25.7214 
-2.73333 1.6 25.7214 
-2.73333 1.66667 25.7214 
-2.73333 1.73333 25.7214 
-2.73333 1.8 25.7214 
-2.73333 1.86667 25.7214 
-2.73333 1.93333 25.7214 
-2.73333 2 25.7214 
-2.66667 -2 40.1493 
-2.66667 -1.93333 40.1493 
-2.66667 -1.86667 40.1492 
-2.66667 -1.8 40.1492 
-2.66667 -1.73333 40.1491 
-2.66667 -1.66667 40.149 
-2.66667 -1.6 40.1489 
-2.66667 -1.53333 40.1487 
-2.66667 -1.46667 40.1484 
-2.66667 -1.4 40.148 
-2.66667 -1.33333 40.1476 
-2.66667 -1.26667 40.1469 
-2.66667 -1.2 40.146 
-2.66667 -1.13333 40.1448 
-2.66667 -1.06667 40.1432 
-2.66667 -1 40.1409 
-2.66667 -0.933333 40.1379 
-2.66667 -0.866667 40.1337 
-2.66667 -0.8 40.1281 
-2.66667 -0.733333 40.1205 
-2.66667 -0.666667 40.1101 
-2.66667 -0.6 40.096 
-2.66667 -0.533333 40.0769 
-2.66667 -0.466667 40.051 
-2.66667 -0.4 40.0158 
-2.66667 -0.333333 39.9683 
-2.66667 -0.266667 39.9039 
-2.66667 -0.2 39.8171 
-2.66667 -0.133333 39.7003 
-2.66667 -0.0666667 39.5436 
-2.66667 -4.16334e-16 39.3343 
-2.66667 0.0666667 39.0566 
-2.66667 0.133333 38.6908 
-2.66667 0.2 38.214 
-2.66667 0.266667 37.6004 
-2.66667 0.333333 36.8239 
-2.66667 0.4 35.8617 
-2.66667 0.466667 34.7012 
-2.66667 0.533333 33.3487 
-2.66667 0.6 31.8406 
-2.66667 0.666667 30.2503 
-2.66667 0.733333 28.6849 
-2.66667 0.8 27.2659 
-2.66667 0.866667 26.0996 
-2.66667 0.933333 25.2486 
-2.66667 1 24.717 
-2.66667 1.06667 24.449 
-2.66667 1.13333 24.349 
-2.66667 1.2 24.3244 
-2.66667 1.26667 24.3209 
-2.66667 1.33333 24.3207 
-2.66667 1.4 24.3206 
-2.66667 1.46667 24.3206 
-2.66667 1.53333 24.3206 
-2.66667 1.6 24.3206 
-2.66667 1.66667 24.3206 
-2.66667 1.73333 24.3206 
-2.66667 1.8 24.3206 
-2.66667 1.86667 24.3206 
-2.66667 1.93333 24.3206 
-2.66667 2 24.3206 
-2.6 -2 40.1493 
-2.6 -1.93333 40.1493 
-2.6 -1.86667 40.1492 
-2.6 -1.8 40.1491 
-2.6 -1.73333 40.1491 
-2.6 -1.66667 40.1489 
-2.6 -1.6 40.1488 
-2.6 -1.53333 40.1485 
-2.6 -1.46667 40.1482 
-2.6 -1.4 40.1478 
-2.6 -1.33333 40.1473 
-2.6 -1.26667 40.1465 
-2.6 -1.2 40.1455 
-2.6 -1.13333 40.144 
-2.6 -1.06667 40.1421 
-2.6 -1 40.1395 
-2.6 -0.933333 40.136 
-2.6 -0.866667 40.1311 
-2.6 -0.8 40.1246 
-2.6 -0.733333 40.1157 
-2.6 -0.666667 40.1036 
-2.6 -0.6 40.0872 
-2.6 -0.533333 40.0649 
-2.6 -0.466667 40.0347 
-2.6 -0.4 39.9938 
-2.6 -0.333333 39.9384 
-2.6 -0.266667 39.8635 
-2.6 -0.2 39.7626 
-2.6 -0.133333 39.6268 
-2.6 -0.0666667 39.4449 
-2.6 -4.16334e-16 39.2023 
-2.6 0.0666667 38.8809 
-2.6 0.133333 38.4587 
-2.6 0.2 37.9099 
-2.6 0.266667 37.2064 
-2.6 0.333333 36.3202 
-2.6 0.4 35.2284 
-2.6 0.466667 33.9214 
-2.6 0.533333 32.4137 
-2.6 0.6 30.7551 
-2.6 0.666667 29.0369 
-2.6 0.733333 27.3816 
-2.6 0.8 25.9163 
-2.6 0.866667 24.7389 
-2.6 0.933333 23.8945 
-2.6 1 23.3718 
-2.6 1.06667 23.1085 
-2.6 1.13333 23.0097 
-2.6 1.2 22.9852 
-2.6 1.26667 22.9817 
-2.6 1.33333 22.9815 
-2.6 1.4 22.9815 
-2.6 1.46667 22.9815 
-2.6 1.53333 22.9815 
-2.6 1.6 22.9815 
-2.6 1.66667 22.9815 
-2.6 1.73333 22.9815 
-2.6 1.8 22.9815 
-2.6 1.86667 22.9815 
-2.6 1.93333 22.9815 
-2.6 2 22.9815 
-2.53333 -2 40.1493 
-2.53333 -1.93333 40.1492 
-2.53333 -1.86667 40.1492 
-2.53333 -1.8 40.1491 
-2.53333 -1.73333 40.149 
-2.53333 -1.66667 40.1489 
-2.53333 -1.6 40.1487 
-2.53333 -1.53333 40.1484 
-2.53333 -1.46667 40.148 
-2.53333 -1.4 40.1476 
-2.53333 -1.33333 40.1469 
-2.53333 -1.26667 40.146 
-2.53333 -1.2 40.1448 
-2.53333 -1.13333 40.1432 
-2.53333 -1.06667 40.1409 
-2.53333 -1 40.1379 
-2.53333 -0.933333 40.1337 
-2.53333 -0.866667 40.1281 
-2.53333 -0.8 40.1205 
-2.53333 -0.733333 40.1101 
-2.53333 -0.666667 40.096 
-2.53333 -0.6 40.0769 
-2.53333 -0.533333 40.0509 
-2.53333 -0.466667 40.0157 
-2.53333 -0.4 39.9681 
-2.53333 -0.333333 39.9036 
-2.53333 -0.266667 39.8165 
-2.53333 -0.2 39.6991 
-2.53333 -0.133333 39.5414 
-2.53333 -0.0666667 39.3304 
-2.53333 -4.16334e-16 39.0494 
-2.53333 0.0666667 38.678 
-2.53333 0.133333 38.1914 
-2.53333 0.2 37.561 
-2.53333 0.266667 36.7563 
-2.53333 0.333333 35.748 
-2.53333 0.4 34.5144 
-2.53333 0.466667 33.0514 
-2.53333 0.533333 31.3849 
-2.53333 0.6 29.5833 
-2.53333 0.666667 27.7588 
-2.53333 0.733333 26.0493 
-2.53333 0.8 24.5817 
-2.53333 0.866667 23.4359 
-2.53333 0.933333 22.6321 
-2.53333 1 22.1399 
-2.53333 1.06667 21.8918 
-2.53333 1.13333 21.798 
-2.53333 1.2 21.7744 
-2.53333 1.26667 21.7711 
-2.53333 1.33333 21.7708 
-2.53333 1.4 21.7708 
-2.53333 1.46667 21.7708 
-2.53333 1.53333 21.7708 
-2.53333 1.6 21.7708 
-2.53333 1.66667 21.7708 
-2.53333 1.73333 21.7708 
-2.53333 1.8 21.7708 
-2.53333 1.86667 21.7708 
-2.53333 1.93333 21.7708 
-2.53333 2 21.7708 
-2.46667 -2 40.1493 
-2.46667 -1.93333 40.1492 
-2.46667 -1.86667 40.1491 
-2.46667 -1.8 40.1491 
-2.46667 -1.73333 40.1489 
-2.46667 -1.66667 40.1488 
-2.46667 -1.6 40.1485 
-2.46667 -1.53333 40.1482 
-2.46667 -1.46667 40.1478 
-2.46667 -1.4 40.1473 
-2.46667 -1.33333 40.1465 
-2.46667 -1.26667 40.1455 
-2.46667 -1.2 40.144 
-2.46667 -1.13333 40.1421 
-2.46667 -1.06667 40.1395 
-2.46667 -1 40.136 
-2.46667 -0.933333 40.1311 
-2.46667 -0.866667 40.1246 
-2.46667 -0.8 40.1157 
-2.46667 -0.733333 40.1036 
-2.46667 -0.666667 40.0872 
-2.46667 -0.6 40.0649 
-2.46667 -0.533333 40.0346 
-2.46667 -0.466667 39.9936 
-2.46667 -0.4 39.9381 
-2.46667 -0.333333 39.8631 
-2.46667 -0.266667 39.7618 
-2.46667 -0.2 39.6254 
-2.46667 -0.133333 39.4423 
-2.46667 -0.0666667 39.1977 
-2.46667 -4.16334e-16 38.8727 
-2.46667 0.0666667 38.444 
-2.46667 0.133333 37.8841 
-2.46667 0.2 37.1616 
-2.46667 0.266667 36.2437 
-2.46667 0.333333 35.1008 
-2.46667 0.4 33.7141 
-2.46667 0.466667 32.0883 
-2.46667 0.533333 30.2661 
-2.46667 0.6 28.3396 
-2.46667 0.666667 26.4449 
-2.46667 0.733333 24.7323 
-2.46667 0.8 23.3187 
-2.46667 0.866667 22.2557 
-2.46667 0.933333 21.5304 
-2.46667 1 21.0919 
-2.46667 1.06667 20.8702 
-2.46667 1.13333 20.7854 
-2.46667 1.2 20.7637 
-2.46667 1.26667 20.7605 
-2.46667 1.33333 20.7603 
-2.46667 1.4 20.7603 
-2.46667 1.46667 20.7603 
-2.46667 1.53333 20.7603 
-2.46667 1.6 20.7603 
-2.46667 1.66667 20.7603 
-2.46667 1.73333 20.7603 
-2.46667 1.8 20.7603 
-2.46667 1.86667 20.7603 
-2.46667 1.93333 20.7603 
-2.46667 2 20.7603 
-2.4 -2 40.1492 
-2.4 -1.93333 40.1492 
-2.4 -1.86667 40.1491 
-2.4 -1.8 40.149 
-2.4 -1.73333 40.1489 
-2.4 -1.66667 40.1487 
-2.4 -1.6 40.1484 
-2.4 -1.53333 40.148 
-2.4 -1.46667 40.1476 
-2.4 -1.4 40.1469 
-2.4 -1.33333 40.146 
-2.4 -1.26667 40.1448 
-2.4 -1.2 40.1432 
-2.4 -1.13333 40.1409 
-2.4 -1.06667 40.1379 
-2.4 -1 40.1337 
-2.4 -0.933333 40.1281 
-2.4 -0.866667 40.1205 
-2.4 -0.8 40.1101 
-2.4 -0.733333 40.096 
-2.4 -0.666667 40.0768 
-2.4 -0.6 40.0509 
-2.4 -0.533333 40.0156 
-2.4 -0.466667 39.9679 
-2.4 -0.4 39.9033 
-2.4 -0.333333 39.816 
-2.4 -0.266667 39.6982 
-2.4 -0.2 39.5398 
-2.4 -0.133333 39.3274 
-2.4 -0.0666667 39.0441 
-2.4 -4.16334e-16 38.6685 
-2.4 0.0666667 38.1746 
-2.4 0.133333 37.5315 
-2.4 0.2 36.7054 
-2.4 0.266667 35.6619 
-2.4 0.333333 34.3721 
-2.4 0.4 32.8232 
-2.4 0.466667 31.0331 
-2.4 0.533333 29.0677 
-2.4 0.6 27.0484 
-2.4 0.666667 25.1363 
-2.4 0.733333 23.4863 
-2.4 0.8 22.1932 
-2.4 0.866667 21.268 
-2.4 0.933333 20.6596 
-2.4 1 20.2969 
-2.4 1.06667 20.1121 
-2.4 1.13333 20.0398 
-2.4 1.2 20.0209 
-2.4 1.26667 20.0181 
-2.4 1.33333 20.0179 
-2.4 1.4 20.0179 
-2.4 1.46667 20.0179 
-2.4 1.53333 20.0179 
-2.4 1.6 20.0179 
-2.4 1.66667 20.0179 
-2.4 1.73333 20.0179 
-2.4 1.8 20.0179 
-2.4 1.86667 20.0179 
-2.4 1.93333 20.0179 
-2.4 2 20.0179 
-2.33333 -2 40.1492 
-2.33333 -1.93333 40.1491 
-2.33333 -1.86667 40.1491 
-2.33333 -1.8 40.1489 
-2.33333 -1.73333 40.1488 
-2.33333 -1.66667 40.1485 
-2.33333 -1.6 40.1482 
-2.33333 -1.53333 40.1478 
-2.33333 -1.46667 40.1473 
-2.33333 -1.4 40.1465 
-2.33333 -1.33333 40.1455 
-2.33333 -1.26667 40.144 
-2.33333 -1.2 40.1421 
-2.33333 -1.13333 40.1395 
-2.33333 -1.06667 40.136 
-2.33333 -1 40.1311 
-2.33333 -0.933333 40.1246 
-2.33333 -0.866667 40.1157 
-2.33333 -0.8 40.1036 
-2.33333 -0.733333 40.0871 
-2.33333 -0.666667 40.0648 
-2.33333 -0.6 40.0346 
-2.33333 -0.533333 39.9935 
-2.33333 -0.466667 39.938 
-2.33333 -0.4 39.8628 
-2.33333 -0.333333 39.7612 
-2.33333 -0.266667 39.6244 
-2.33333 -0.2 39.4404 
-2.33333 -0.133333 39.1943 
-2.33333 -0.0666667 38.8666 
-2.33333 -4.16334e-16 38.4331 
-2.33333 0.0666667 37.8648 
-2.33333 0.133333 37.128 
-2.33333 0.2 36.1862 
-2.33333 0.266667 35.0043 
-2.33333 0.333333 33.5565 
-2.33333 0.4 31.8396 
-2.33333 0.466667 29.8915 
-2.33333 0.533333 27.8084 
-2.33333 0.6 25.7456 
-2.33333 0.666667 23.8858 
-2.33333 0.733333 22.3765 
-2.33333 0.8 21.2746 
-2.33333 0.866667 20.5401 
-2.33333 0.933333 20.0818 
-2.33333 1 19.8129 
-2.33333 1.06667 19.673 
-2.33333 1.13333 19.6161 
-2.33333 1.2 19.6006 
-2.33333 1.26667 19.5982 
-2.33333 1.33333 19.598 
-2.33333 1.4 19.598 
-2.33333 1.46667 19.598 
-2.33333 1.53333 19.598 
-2.33333 1.6 19.598 
-2.33333 1.66667 19.598 
-2.33333 1.73333 19.598 
-2.33333 1.8 19.598 
-2.33333 1.86667 19.598 
-2.33333 1.93333 19.598 
-2.33333 2 19.598 
-2.26667 -2 40.1492 
-2.26667 -1.93333 40.1491 
-2.26667 -1.86667 40.149 
-2.26667 -1.8 40.1489 
-2.26667 -1.73333 40.1487 
-2.26667 -1.66667 40.1484 
-2.26667 -1.6 40.148 
-2.26667 -1.53333 40.1476 
-2.26667 -1.46667 40.1469 
-2.26667 -1.4 40.146 
-2.26667 -1.33333 40.1448 
-2.26667 -1.26667 40.1432 
-2.26667 -1.2 40.1409 
-2.26667 -1.13333 40.1379 
-2.26667 -1.06667 40.1337 
-2.26667 -1 40.1281 
-2.26667 -0.933333 40.1205 
-2.26667 -0.866667 40.1101 
-2.26667 -0.8 40.096 
-2.26667 -0.733333 40.0768 
-2.26667 -0.666667 40.0508 
-2.26667 -0.6 40.0156 
-2.26667 -0.533333 39.9678 
-2.26667 -0.466667 39.9031 
-2.26667 -0.4 39.8156 
-2.26667 -0.333333 39.6976 
-2.26667 -0.266667 39.5386 
-2.26667 -0.2 39.3253 
-2.26667 -0.133333 39.0402 
-2.26667 -0.0666667 38.6615 
-2.26667 -4.16334e-16 38.162 
-2.26667 0.0666667 37.5095 
-2.26667 0.133333 36.6674 
-2.26667 0.2 35.5972 
-2.26667 0.266667 34.2647 
-2.26667 0.333333 32.6501 
-2.26667 0.4 30.7656 
-2.26667 0.466667 28.6766 
-2.26667 0.533333 26.5174 
-2.26667 0.6 24.479 
-2.26667 0.666667 22.7562 
-2.26667 0.733333 21.4715 
-2.26667 0.8 20.6274 
-2.26667 0.866667 20.1266 
-2.26667 0.933333 19.8414 
-2.26667 1 19.6768 
-2.26667 1.06667 19.586 
-2.26667 1.13333 19.5459 
-2.26667 1.2 19.5342 
-2.26667 1.26667 19.5322 
-2.26667 1.33333 19.5321 
-2.26667 1.4 19.5321 
-2.26667 1.46667 19.5321 
-2.26667 1.53333 19.5321 
-2.26667 1.6 19.5321 
-2.26667 1.66667 19.5321 
-2.26667 1.73333 19.5321 
-2.26667 1.8 19.5321 
-2.26667 1.86667 19.5321 
-2.26667 1.93333 19.5321 
-2.26667 2 19.5321 
-2.2 -2 40.1491 
-2.2 -1.93333 40.1491 
-2.2 -1.86667 40.1489 
-2.2 -1.8 40.1488 
-2.2 -1.73333 40.1485 
-2.2 -1.66667 40.1482 
-2.2 -1.6 40.1478 
-2.2 -1.53333 40.1473 
-2.2 -1.46667 40.1465 
-2.2 -1.4 40.1455 
-2.2 -1.33333 40.144 
-2.2 -1.26667 40.1421 
-2.2 -1.2 40.1395 
-2.2 -1.13333 40.136 
-2.2 -1.06667 40.1311 
-2.2 -1 40.1246 
-2.2 -0.933333 40.1157 
-2.2 -0.866667 40.1036 
-2.2 -0.8 40.0871 
-2.2 -0.733333 40.0648 
-2.2 -0.666667 40.0345 
-2.2 -0.6 39.9935 
-2.2 -0.533333 39.9378 
-2.2 -0.466667 39.8626 
-2.2 -0.4 39.7608 
-2.2 -0.333333 39.6236 
-2.2 -0.266667 39.4391 
-2.2 -0.2 39.1918 
-2.2 -0.133333 38.862 
-2.2 -0.0666667 38.425 
-2.2 -4.16334e-16 37.8505 
-2.2 0.0666667 37.103 
-2.2 0.133333 36.1432 
-2.2 0.2 34.9319 
-2.2 0.266667 33.4378 
-2.2 0.333333 31.6517 
-2.2 0.4 29.6085 
-2.2 0.466667 27.4105 
-2.2 0.533333 25.236 
-2.2 0.6 23.3075 
-2.2 0.666667 21.8156 
-2.2 0.733333 20.8357 
-2.2 0.8 20.302 
-2.2 0.866667 20.0602 
-2.2 0.933333 19.9561 
-2.2 1 19.8967 
-2.2 1.06667 19.8547 
-2.2 1.13333 19.8312 
-2.2 1.2 19.8231 
-2.2 1.26667 19.8216 
-2.2 1.33333 19.8215 
-2.2 1.4 19.8215 
-2.2 1.46667 19.8215 
-2.2 1.53333 19.8215 
-2.2 1.6 19.8215 
-2.2 1.66667 19.8215 
-2.2 1.73333 19.8215 
-2.2 1.8 19.8215 
-2.2 1.86667 19.8215 
-2.2 1.93333 19.8215 
-2.2 2 19.8215 
-2.13333 -2 40.1491 
-2.13333 -1.93333 40.149 
-2.13333 -1.86667 40.1489 
-2.13333 -1.8 40.1487 
-2.13333 -1.73333 40.1484 
-2.13333 -1.66667 40.148 
-2.13333 -1.6 40.1476 
-2.13333 -1.53333 40.1469 
-2.13333 -1.46667 40.146 
-2.13333 -1.4 40.1448 
-2.13333 -1.33333 40.1432 
-2.13333 -1.26667 40.1409 
-2.13333 -1.2 40.1379 
-2.13333 -1.13333 40.1337 
-2.13333 -1.06667 40.1281 
-2.13333 -1 40.1205 
-2.13333 -0.933333 40.1101 
-2.13333 -0.866667 40.096 
-2.13333 -0.8 40.0768 
-2.13333 -0.733333 40.0508 
-2.13333 -0.666667 40.0155 
-2.13333 -0.6 39.9677 
-2.13333 -0.533333 39.903 
-2.13333 -0.466667 39.8154 
-2.13333 -0.4 39.6971 
-2.13333 -0.333333 39.5377 
-2.13333 -0.266667 39.3236 
-2.13333 -0.2 39.0373 
-2.13333 -0.133333 38.6563 
-2.13333 -0.0666667 38.1528 
-2.13333 -4.16334e-16 37.4932 
-2.13333 0.0666667 36.639 
-2.13333 0.133333 35.5489 
-2.13333 0.2 34.1842 
-2.13333 0.266667 32.52 
-2.13333 0.333333 30.5642 
-2.13333 0.4 28.3836 
-2.13333 0.466667 26.1264 
-2.13333 0.533333 24.0169 
-2.13333 0.6 22.2974 
-2.13333 0.666667 21.1294 
-2.13333 0.733333 20.5189 
-2.13333 0.8 20.3248 
-2.13333 0.866667 20.3446 
-2.13333 0.933333 20.4127 
-2.13333 1 20.4494 
-2.13333 1.06667 20.4508 
-2.13333 1.13333 20.4419 
-2.13333 1.2 20.4372 
-2.13333 1.26667 20.4361 
-2.13333 1.33333 20.436 
-2.13333 1.4 20.436 
-2.13333 1.46667 20.436 
-2.13333 1.53333 20.436 
-2.13333 1.6 20.436 
-2.13333 1.66667 20.436 
-2.13333 1.73333 20.436 
-2.13333 1.8 20.436 
-2.13333 1.86667 20.436 
-2.13333 1.93333 20.436 
-2.13333 2 20.436 
-2.06667 -2 40.1491 
-2.06667 -1.93333 40.1489 
-2.06667 -1.86667 40.1488 
-2.06667 -1.8 40.1485 
-2.06667 -1.73333 40.1482 
-2.06667 -1.66667 40.1478 
-2.06667 -1.6 40.1473 
-2.06667 -1.53333 40.1465 
-2.06667 -1.46667 40.1455 
-2.06667 -1.4 40.144 
-2.06667 -1.33333 40.1421 
-2.06667 -1.26667 40.1395 
-2.06667 -1.2 40.136 
-2.06667 -1.13333 40.1311 
-2.06667 -1.06667 40.1246 
-2.06667 -1 40.1157 
-2.06667 -0.933333 40.1036 
-2.06667 -0.866667 40.0871 
-2.06667 -0.8 40.0648 
-2.06667 -0.733333 40.0345 
-2.06667 -0.666667 39.9934 
-2.06667 -0.6 39.9378 
-2.06667 -0.533333 39.8624 
-2.06667 -0.466667 39.7605 
-2.06667 -0.4 39.623 
-2.06667 -0.333333 39.438 
-2.06667 -0.266667 39.1899 
-2.06667 -0.2 38.8587 
-2.06667 -0.133333 38.419 
-2.06667 -0.0666667 37.8399 
-2.06667 -4.16334e-16 37.0844 
-2.06667 0.0666667 36.1112 
-2.06667 0.133333 34.8779 
-2.06667 0.2 33.3489 
-2.06667 0.266667 31.5107 
-2.06667 0.333333 29.3965 
-2.06667 0.4 27.1155 
-2.06667 0.466667 24.8693 
-2.06667 0.533333 22.9227 
-2.06667 0.6 21.5154 
-2.06667 0.666667 20.751 
-2.06667 0.733333 20.5479 
-2.06667 0.8 20.6924 
-2.06667 0.866667 20.952 
-2.06667 0.933333 21.1674 
-2.06667 1 21.2824 
-2.06667 1.06667 21.3183 
-2.06667 1.13333 21.321 
-2.06667 1.2 21.3188 
-2.06667 1.26667 21.3181 
-2.06667 1.33333 21.318 
-2.06667 1.4 21.318 
-2.06667 1.46667 21.318 
-2.06667 1.53333 21.318 
-2.06667 1.6 21.318 
-2.06667 1.66667 21.318 
-2.06667 1.73333 21.318 
-2.06667 1.8 21.318 
-2.06667 1.86667 21.318 
-2.06667 1.93333 21.318 
-2.06667 2 21.318 
-2 -2 40.149 
-2 -1.93333 40.1489 
-2 -1.86667 40.1487 
-2 -1.8 40.1484 
-2 -1.73333 40.148 
-2 -1.66667 40.1476 
-2 -1.6 40.1469 
-2 -1.53333 40.146 
-2 -1.46667 40.1448 
-2 -1.4 40.1432 
-2 -1.33333 40.1409 
-2 -1.26667 40.1379 
-2 -1.2 40.1337 
-2 -1.13333 40.1281 
-2 -1.06667 40.1205 
-2 -1 40.1101 
-2 -0.933333 40.096 
-2 -0.866667 40.0768 
-2 -0.8 40.0508 
-2 -0.733333 40.0155 
-2 -0.666667 39.9677 
-2 -0.6 39.9029 
-2 -0.533333 39.8152 
-2 -0.466667 39.6967 
-2 -0.4 39.5371 
-2 -0.333333 39.3225 
-2 -0.266667 39.0352 
-2 -0.2 38.6524 
-2 -0.133333 38.1459 
-2 -0.0666667 37.4811 
-2 -4.16334e-16 36.618 
-2 0.0666667 35.513 
-2 0.133333 34.1241 
-2 0.2 32.4227 
-2 0.266667 30.4136 
-2 0.333333 28.1655 
-2 0.4 25.8405 
-2 0.466667 23.6955 
-2 0.533333 22.0204 
-2 0.6 21.0207 
-2 0.666667 20.7127 
-2 0.733333 20.9195 
-2 0.8 21.3706 
-2 0.866667 21.8271 
-2 0.933333 22.1535 
-2 1 22.3238 
-2 1.06667 22.383 
-2 1.13333 22.3934 
-2 1.2 22.3929 
-2 1.26667 22.3924 
-2 1.33333 22.3923 
-2 1.4 22.3923 
-2 1.46667 22.3923 
-2 1.53333 22.3923 
-2 1.6 22.3923 
-2 1.66667 22.3923 
-2 1.73333 22.3923 
-2 1.8 22.3923 
-2 1.86667 22.3923 
-2 1.93333 22.3923 
-2 2 22.3923 
-1.93333 -2 40.1489 
-1.93333 -1.93333 40.1488 
-1.93333 -1.86667 40.1485 
-1.93333 -1.8 40.1482 
-1.93333 -1.73333 40.1478 
-1.93333 -1.66667 40.1473 
-1.93333 -1.6 40.1465 
-1.93333 -1.53333 40.1455 
-1.93333 -1.46667 40.144 
-1.93333 -1.4 40.1421 
-1.93333 -1.33333 40.1395 
-1.93333 -1.26667 40.136 
-1.93333 -1.2 40.1311 
-1.93333 -1.13333 40.1246 
-1.93333 -1.06667 40.1157 
-1.93333 -1 40.1036 
-1.93333 -0.933333 40.0871 
-1.93333 -0.866667 40.0648 
-1.93333 -0.8 40.0345 
-1.93333 -0.733333 39.9934 
-1.93333 -0.666667 39.9377 
-1.93333 -0.6 39.8623 
-1.93333 -0.533333 39.7603 
-1.93333 -0.466667 39.6226 
-1.93333 -0.4 39.4373 
-1.93333 -0.333333 39.1886 
-1.93333 -0.266667 38.8562 
-1.93333 -0.2 38.4146 
-1.93333 -0.133333 37.832 
-1.93333 -0.0666667 37.0707 
-1.93333 -4.16334e-16 36.0875 
-1.93333 0.0666667 34.8377 
-1.93333 0.133333 33.2826 
-1.93333 0.2 31.4056 
-1.93333 0.266667 29.2387 
-1.93333 0.333333 26.898 
-1.93333 0.4 24.6065 
-1.93333 0.466667 22.6695 
-1.93333 0.533333 21.3741 
-1.93333 0.6 20.8547 
-1.93333 0.666667 21.0184 
-1.93333 0.733333 21.6002 
-1.93333 0.8 22.2994 
-1.93333 0.866667 22.8963 
-1.93333 0.933333 23.2924 
-1.93333 1 23.4935 
-1.93333 1.06667 23.5649 
-1.93333 1.13333 23.579 
-1.93333 1.2 23.5793 
-1.93333 1.26667 23.5789 
-1.93333 1.33333 23.5789 
-1.93333 1.4 23.5789 
-1.93333 1.46667 23.5789 
-1.93333 1.53333 23.5789 
-1.93333 1.6 23.5789 
-1.93333 1.66667 23.5789 
-1.93333 1.73333 23.5789 
-1.93333 1.8 23.5789 
-1.93333 1.86667 23.5789 
-1.93333 1.93333 23.5789 
-1.93333 2 23.5789 
-1.86667 -2 40.1489 
-1.86667 -1.93333 40.1487 
-1.86667 -1.86667 40.1484 
-1.86667 -1.8 40.148 
-1.86667 -1.73333 40.1476 
-1.86667 -1.66667 40.1469 
-1.86667 -1.6 40.146 
-1.86667 -1.53333 40.1448 
-1.86667 -1.46667 40.1432 
-1.86667 -1.4 40.1409 
-1.86667 -1.33333 40.1379 
-1.86667 -1.26667 40.1337 
-1.86667 -1.2 40.1281 
-1.86667 -1.13333 40.1205 
-1.86667 -1.06667 40.1101 
-1.86667 -1 40.096 
-1.86667 -0.933333 40.0768 
-1.86667 -0.866667 40.0508 
-1.86667 -0.8 40.0155 
-1.86667 -0.733333 39.9676 
-1.86667 -0.666667 39.9028 
-1.86667 -0.6 39.815 
-1.86667 -0.533333 39.6965 
-1.86667 -0.466667 39.5366 
-1.86667 -0.4 39.3216 
-1.86667 -0.333333 39.0336 
-1.86667 -0.266667 38.6496 
-1.86667 -0.2 38.1408 
-1.86667 -0.133333 37.4722 
-1.86667 -0.0666667 36.6024 
-1.86667 -4.16334e-16 35.4863 
-1.86667 0.0666667 34.0795 
-1.86667 0.133333 32.3504 
-1.86667 0.2 30.3016 
-1.86667 0.266667 28.004 
-1.86667 0.333333 25.6322 
-1.86667 0.4 23.4721 
-1.86667 0.466667 21.8578 
-1.86667 0.533333 21.0356 
-1.86667 0.6 21.0329 
-1.86667 0.666667 21.6409 
-1.86667 0.733333 22.5303 
-1.86667 0.8 23.4032 
-1.86667 0.866667 24.0802 
-1.86667 0.933333 24.5062 
-1.86667 1 24.7162 
-1.86667 1.06667 24.7897 
-1.86667 1.13333 24.8042 
-1.86667 1.2 24.8046 
-1.86667 1.26667 24.8042 
-1.86667 1.33333 24.8042 
-1.86667 1.4 24.8042 
-1.86667 1.46667 24.8042 
-1.86667 1.53333 24.8042 
-1.86667 1.6 24.8042 
-1.86667 1.66667 24.8042 
-1.86667 1.73333 24.8042 
-1.86667 1.8 24.8042 
-1.86667 1.86667 24.8042 
-1.86667 1.93333 24.8042 
-1.86667 2 24.8042 
-1.8 -2 40.1488 
-1.8 -1.93333 40.1485 
-1.8 -1.86667 40.1482 
-1.8 -1.8 40.1478 
-1.8 -1.73333 40.1473 
-1.8 -1.66667 40.1465 
-1.8 -1.6 40.1455 
-1.8 -1.53333 40.144 
-1.8 -1.46667 40.1421 
-1.8 -1.4 40.1395 
-1.8 -1.33333 40.136 
-1.8 -1.26667 40.1311 
-1.8 -1.2 40.1246 
-1.8 -1.13333 40.1157 
-1.8 -1.06667 40.1036 
-1.8 -1 40.0871 
-1.8 -0.933333 40.0648 
-1.8 -0.866667 40.0345 
-1.8 -0.8 39.9934 
-1.8 -0.733333 39.9376 
-1.8 -0.666667 39.8622 
-1.8 -0.6 39.7601 
-1.8 -0.533333 39.6223 
-1.8 -0.466667 39.4367 
-1.8 -0.4 39.1876 
-1.8 -0.333333 38.8544 
-1.8 -0.266667 38.4113 
-1.8 -0.2 37.8263 
-1.8 -0.133333 37.0605 
-1.8 -0.0666667 36.0699 
-1.8 -4.16334e-16 34.8079 
-1.8 0.0666667 33.2334 
-1.8 0.133333 31.3274 
-1.8 0.2 29.1216 
-1.8 0.266667 26.7379 
-1.8 0.333333 24.4183 
-1.8 0.4 22.5027 
-1.8 0.466667 21.3213 
-1.8 0.533333 21.035 
-1.8 0.6 21.5405 
-1.8 0.666667 22.526 
-1.8 0.733333 23.6346 
-1.8 0.8 24.6031 
-1.8 0.866667 25.3052 
-1.8 0.933333 25.7279 
-1.8 1 25.9293 
-1.8 1.06667 25.9972 
-1.8 1.13333 26.0096 
-1.8 1.2 26.0095 
-1.8 1.26667 26.0091 
-1.8 1.33333 26.009 
-1.8 1.4 26.009 
-1.8 1.46667 26.009 
-1.8 1.53333 26.009 
-1.8 1.6 26.009 
-1.8 1.66667 26.009 
-1.8 1.73333 26.009 
-1.8 1.8 26.009 
-1.8 1.86667 26.009 
-1.8 1.93333 26.009 
-1.8 2 26.009 
-1.73333 -2 40.1487 
-1.73333 -1.93333 40.1484 
-1.73333 -1.86667 40.148 
-1.73333 -1.8 40.1476 
-1.73333 -1.73333 40.1469 
-1.73333 -1.66667 40.146 
-1.73333 -1.6 40.1448 
-1.73333 -1.53333 40.1432 
-1.73333 -1.46667 40.1409 
-1.73333 -1.4 40.1379 
-1.73333 -1.33333 40.1337 
-1.73333 -1.26667 40.1281 
-1.73333 -1.2 40.1205 
-1.73333 -1.13333 40.1101 
-1.73333 -1.06667 40.096 
-1.73333 -1 40.0768 
-1.73333 -0.933333 40.0508 
-1.73333 -0.866667 40.0155 
-1.73333 -0.8 39.9676 
-1.73333 -0.733333 39.9027 
-1.73333 -0.666667 39.8149 
-1.73333 -0.6 39.6963 
-1.73333 -0.533333 39.5362 
-1.73333 -0.466667 39.3209 
-1.73333 -0.4 39.0324 
-1.73333 -0.333333 38.6475 
-1.73333 -0.266667 38.1371 
-1.73333 -0.2 37.4656 
-1.73333 -0.133333 36.5909 
-1.73333 -0.0666667 35.4665 
-1.73333 -4.16334e-16 34.0464 
-1.73333 0.0666667 32.2967 
-1.73333 0.133333 30.2186 
-1.73333 0.2 27.8847 
-1.73333 0.266667 25.4804 
-1.73333 0.333333 23.3163 
-1.73333 0.4 21.764 
-1.73333 0.466667 21.1048 
-1.73333 0.533333 21.3742 
-1.73333 0.6 22.3333 
-1.73333 0.666667 23.601 
-1.73333 0.733333 24.8348 
-1.73333 0.8 25.8285 
-1.73333 0.866667 26.5116 
-1.73333 0.933333 26.9065 
-1.73333 1 27.0872 
-1.73333 1.06667 27.1444 
-1.73333 1.13333 27.153 
-1.73333 1.2 27.152 
-1.73333 1.26667 27.1515 
-1.73333 1.33333 27.1514 
-1.73333 1.4 27.1514 
-1.73333 1.46667 27.1514 
-1.73333 1.53333 27.1514 
-1.73333 1.6 27.1514 
-1.73333 1.66667 27.1514 
-1.73333 1.73333 27.1514 
-1.73333 1.8 27.1514 
-1.73333 1.86667 27.1514 
-1.73333 1.93333 27.1514 
-1.73333 2 27.1514 
-1.66667 -2 40.1485 
-1.66667 -1.93333 40.1482 
-1.66667 -1.86667 40.1478 
-1.66667 -1.8 40.1473 
-1.66667 -1.73333 40.1465 
-1.66667 -1.66667 40.1455 
-1.66667 -1.6 40.144 
-1.66667 -1.53333 40.1421 
-1.66667 -1.46667 40.1395 
-1.66667 -1.4 40.136 
-1.66667 -1.33333 40.1311 
-1.66667 -1.26667 40.1246 
-1.66667 -1.2 40.1157 
-1.66667 -1.13333 40.1035 
-1.66667 -1.06667 40.0871 
-1.66667 -1 40.0648 
-1.66667 -0.933333 40.0345 
-1.66667 -0.866667 39.9933 
-1.66667 -0.8 39.9376 
-1.66667 -0.733333 39.8621 
-1.66667 -0.666667 39.76 
-1.66667 -0.6 39.6221 
-1.66667 -0.533333 39.4363 
-1.66667 -0.466667 39.1868 
-1.66667 -0.4 38.8531 
-1.66667 -0.333333 38.4089 
-1.66667 -0.266667 37.822 
-1.66667 -0.2 37.053 
-1.66667 -0.133333 36.0569 
-1.66667 -0.0666667 34.7859 
-1.66667 -4.16334e-16 33.197 
-1.66667 0.0666667 31.2695 
-1.66667 0.133333 29.035 
-1.66667 0.2 26.6204 
-1.66667 0.266667 24.283 
-1.66667 0.333333 22.3922 
-1.66667 0.4 21.3133 
-1.66667 0.466667 21.2291 
-1.66667 0.533333 22.0243 
-1.66667 0.6 23.3449 
-1.66667 0.666667 24.7876 
-1.66667 0.733333 26.0601 
-1.66667 0.8 27.0235 
-1.66667 0.866667 27.6567 
-1.66667 0.933333 28.0083 
-1.66667 1 28.1611 
-1.66667 1.06667 28.2047 
-1.66667 1.13333 28.2086 
-1.66667 1.2 28.2065 
-1.66667 1.26667 28.2058 
-1.66667 1.33333 28.2058 
-1.66667 1.4 28.2058 
-1.66667 1.46667 28.2058 
-1.66667 1.53333 28.2058 
-1.66667 1.6 28.2058 
-1.66667 1.66667 28.2058 
-1.66667 1.73333 28.2058 
-1.66667 1.8 28.2058 
-1.66667 1.86667 28.2058 
-1.66667 1.93333 28.2058 
-1.66667 2 28.2058 
-1.6 -2 40.1484 
-1.6 -1.93333 40.148 
-1.6 -1.86667 40.1476 
-1.6 -1.8 40.1469 
-1.6 -1.73333 40.146 
-1.6 -1.66667 40.1448 
-1.6 -1.6 40.1432 
-1.6 -1.53333 40.1409 
-1.6 -1.46667 40.1379 
-1.6 -1.4 40.1337 
-1.6 -1.33333 40.1281 
-1.6 -1.26667 40.1205 
-1.6 -1.2 40.1101 
-1.6 -1.13333 40.096 
-1.6 -1.06667 40.0768 
-1.6 -1 40.0508 
-1.6 -0.933333 40.0155 
-1.6 -0.866667 39.9676 
-1.6 -0.8 39.9027 
-1.6 -0.733333 39.8149 
-1.6 -0.666667 39.6961 
-1.6 -0.6 39.536 
-1.6 -0.533333 39.3205 
-1.6 -0.466667 39.0316 
-1.6 -0.4 38.6459 
-1.6 -0.333333 38.1343 
-1.6 -0.266667 37.4607 
-1.6 -0.2 36.5824 
-1.6 -0.133333 35.452 
-1.6 -0.0666667 34.0219 
-1.6 -4.16334e-16 32.2569 
-1.6 0.0666667 30.1571 
-1.6 0.133333 27.7967 
-1.6 0.2 25.3698 
-1.6 0.266667 23.2069 
-1.6 0.333333 21.7104 
-1.6 0.4 21.1898 
-1.6 0.466667 21.6854 
-1.6 0.533333 22.9298 
-1.6 0.6 24.4978 
-1.6 0.666667 26.0129 
-1.6 0.733333 27.255 
-1.6 0.8 28.1496 
-1.6 0.866667 28.7143 
-1.6 0.933333 29.0143 
-1.6 1 29.1359 
-1.6 1.06667 29.1648 
-1.6 1.13333 29.1636 
-1.6 1.2 29.1604 
-1.6 1.26667 29.1596 
-1.6 1.33333 29.1595 
-1.6 1.4 29.1595 
-1.6 1.46667 29.1595 
-1.6 1.53333 29.1595 
-1.6 1.6 29.1595 
-1.6 1.66667 29.1595 
-1.6 1.73333 29.1595 
-1.6 1.8 29.1595 
-1.6 1.86667 29.1595 
-1.6 1.93333 29.1595 
-1.6 2 29.1595 
-1.53333 -2 40.1482 
-1.53333 -1.93333 40.1478 
-1.53333 -1.86667 40.1473 
-1.53333 -1.8 40.1465 
-1.53333 -1.73333 40.1455 
-1.53333 -1.66667 40.144 
-1.53333 -1.6 40.1421 
-1.53333 -1.53333 40.1395 
-1.53333 -1.46667 40.136 
-1.53333 -1.4 40.1311 
-1.53333 -1.33333 40.1246 
-1.53333 -1.26667 40.1157 
-1.53333 -1.2 40.1035 
-1.53333 -1.13333 40.0871 
-1.53333 -1.06667 40.0648 
-1.53333 -1 40.0345 
-1.53333 -0.933333 39.9933 
-1.53333 -0.866667 39.9376 
-1.53333 -0.8 39.8621 
-1.53333 -0.733333 39.7599 
-1.53333 -0.666667 39.6219 
-1.53333 -0.6 39.436 
-1.53333 -0.533333 39.1863 
-1.53333 -0.466667 38.8521 
-1.53333 -0.4 38.4072 
-1.53333 -0.333333 37.8188 
-1.53333 -0.266667 37.0475 
-1.53333 -0.2 36.0473 
-1.53333 -0.133333 34.7696 
-1.53333 -0.0666667 33.1701 
-1.53333 -4.16334e-16 31.2267 
-1.53333 0.0666667 28.9711 
-1.53333 0.133333 26.534 
-1.53333 0.2 24.1855 
-1.53333 0.266667 22.318 
-1.53333 0.333333 21.3254 
-1.53333 0.4 21.4069 
-1.53333 0.466667 22.4348 
-1.53333 0.533333 24.018 
-1.53333 0.6 25.7161 
-1.53333 0.666667 27.2178 
-1.53333 0.733333 28.3807 
-1.53333 0.8 29.1839 
-1.53333 0.866667 29.6712 
-1.53333 0.933333 29.9171 
-1.53333 1 30.0072 
-1.53333 1.06667 30.0213 
-1.53333 1.13333 30.015 
-1.53333 1.2 30.0107 
-1.53333 1.26667 30.0097 
-1.53333 1.33333 30.0096 
-1.53333 1.4 30.0096 
-1.53333 1.46667 30.0096 
-1.53333 1.53333 30.0096 
-1.53333 1.6 30.0096 
-1.53333 1.66667 30.0096 
-1.53333 1.73333 30.0096 
-1.53333 1.8 30.0096 
-1.53333 1.86667 30.0096 
-1.53333 1.93333 30.0096 
-1.53333 2 30.0096 
-1.46667 -2 40.148 
-1.46667 -1.93333 40.1476 
-1.46667 -1.86667 40.1469 
-1.46667 -1.8 40.146 
-1.46667 -1.73333 40.1448 
-1.46667 -1.66667 40.1432 
-1.46667 -1.6 40.1409 
-1.46667 -1.53333 40.1379 
-1.46667 -1.46667 40.1337 
-1.46667 -1.4 40.1281 
-1.46667 -1.33333 40.1205 
-1.46667 -1.26667 40.1101 
-1.46667 -1.2 40.096 
-1.46667 -1.13333 40.0768 
-1.46667 -1.06667 40.0508 
-1.46667 -1 40.0155 
-1.46667 -0.933333 39.9676 
-1.46667 -0.866667 39.9027 
-1.46667 -0.8 39.8148 
-1.46667 -0.733333 39.696 
-1.46667 -0.666667 39.5358 
-1.46667 -0.6 39.3201 
-1.46667 -0.533333 39.0309 
-1.46667 -0.466667 38.6448 
-1.46667 -0.4 38.1323 
-1.46667 -0.333333 37.4571 
-1.46667 -0.266667 36.5762 
-1.46667 -0.2 35.4412 
-1.46667 -0.133333 34.0039 
-1.46667 -0.0666667 32.2276 
-1.46667 -4.16334e-16 30.1117 
-1.46667 0.0666667 27.7319 
-1.46667 0.133333 25.2889 
-1.46667 0.2 23.1294 
-1.46667 0.266667 21.6799 
-1.46667 0.333333 21.2718 
-1.46667 0.4 21.9476 
-1.46667 0.466667 23.4146 
-1.46667 0.533333 25.2107 
-1.46667 0.6 26.9347 
-1.46667 0.666667 28.36 
-1.46667 0.733333 29.4144 
-1.46667 0.8 30.1159 
-1.46667 0.866667 30.5244 
-1.46667 0.933333 30.7172 
-1.46667 1 30.7768 
-1.46667 1.06667 30.7769 
-1.46667 1.13333 30.7659 
-1.46667 1.2 30.7605 
-1.46667 1.26667 30.7593 
-1.46667 1.33333 30.7592 
-1.46667 1.4 30.7592 
-1.46667 1.46667 30.7592 
-1.46667 1.53333 30.7592 
-1.46667 1.6 30.7592 
-1.46667 1.66667 30.7592 
-1.46667 1.73333 30.7592 
-1.46667 1.8 30.7592 
-1.46667 1.86667 30.7592 
-1.46667 1.93333 30.7592 
-1.46667 2 30.7592 
-1.4 -2 40.1478 
-1.4 -1.93333 40.1473 
-1.4 -1.86667 40.1465 
-1.4 -1.8 40.1455 
-1.4 -1.73333 40.144 
-1.4 -1.66667 40.1421 
-1.4 -1.6 40.1395 
-1.4 -1.53333 40.136 
-1.4 -1.46667 40.1311 
-1.4 -1.4 40.1246 
-1.4 -1.33333 40.1157 
-1.4 -1.26667 40.1035 
-1.4 -1.2 40.0871 
-1.4 -1.13333 40.0648 
-1.4 -1.06667 40.0345 
-1.4 -1 39.9933 
-1.4 -0.933333 39.9376 
-1.4 -0.866667 39.862 
-1.4 -0.8 39.7598 
-1.4 -0.733333 39.6218 
-1.4 -0.666667 39.4358 
-1.4 -0.6 39.1859 
-1.4 -0.533333 38.8513 
-1.4 -0.466667 38.4059 
-1.4 -0.4 37.8165 
-1.4 -0.333333 37.0434 
-1.4 -0.266667 36.0403 
-1.4 -0.2 34.7576 
-1.4 -0.133333 33.1502 
-1.4 -0.0666667 31.1951 
-1.4 -4.16334e-16 28.9239 
-1.4 0.0666667 26.4706 
-1.4 0.133333 24.1149 
-1.4 0.2 22.2675 
-1.4 0.266667 21.3446 
-1.4 0.333333 21.5572 
-1.4 0.4 22.766 
-1.4 0.466667 24.5489 
-1.4 0.533333 26.4363 
-1.4 0.6 28.1049 
-1.4 0.666667 29.4138 
-1.4 0.733333 30.3459 
-1.4 0.8 30.9443 
-1.4 0.866667 31.2767 
-1.4 0.933333 31.4196 
-1.4 1 31.4511 
-1.4 1.06667 31.4383 
-1.4 1.13333 31.4229 
-1.4 1.2 31.4165 
-1.4 1.26667 31.4152 
-1.4 1.33333 31.4151 
-1.4 1.4 31.4151 
-1.4 1.46667 31.4151 
-1.4 1.53333 31.4151 
-1.4 1.6 31.4151 
-1.4 1.66667 31.4151 
-1.4 1.73333 31.4151 
-1.4 1.8 31.4151 
-1.4 1.86667 31.4151 
-1.4 1.93333 31.4151 
-1.4 2 31.4151 
-1.33333 -2 40.1476 
-1.33333 -1.93333 40.1469 
-1.33333 -1.86667 40.146 
-1.33333 -1.8 40.1448 
-1.33333 -1.73333 40.1432 
-1.33333 -1.66667 40.1409 
-1.33333 -1.6 40.1379 
-1.33333 -1.53333 40.1337 
-1.33333 -1.46667 40.1281 
-1.33333 -1.4 40.1205 
-1.33333 -1.33333 40.1101 
-1.33333 -1.26667 40.096 
-1.33333 -1.2 40.0768 
-1.33333 -1.13333 40.0508 
-1.33333 -1.06667 40.0154 
-1.33333 -1 39.9676 
-1.33333 -0.933333 39.9026 
-1.33333 -0.866667 39.8148 
-1.33333 -0.8 39.6959 
-1.33333 -0.733333 39.5356 
-1.33333 -0.666667 39.3199 
-1.33333 -0.6 39.0305 
-1.33333 -0.533333 38.644 
-1.33333 -0.466667 38.1308 
-1.33333 -0.4 37.4545 
-1.33333 -0.333333 36.5715 
-1.33333 -0.266667 35.4333 
-1.33333 -0.2 33.9905 
-1.33333 -0.133333 32.2059 
-1.33333 -0.0666667 30.0782 
-1.33333 -4.16334e-16 27.6842 
-1.33333 0.0666667 25.2299 
-1.33333 0.133333 23.0742 
-1.33333 0.2 21.6625 
-1.33333 0.266667 21.3431 
-1.33333 0.333333 22.1586 
-1.33333 0.4 23.7951 
-1.33333 0.466667 25.761 
-1.33333 0.533333 27.6371 
-1.33333 0.6 29.1948 
-1.33333 0.666667 30.3666 
-1.33333 0.733333 31.1736 
-1.33333 0.8 31.6731 
-1.33333 0.866667 31.9348 
-1.33333 0.933333 32.0323 
-1.33333 1 32.0383 
-1.33333 1.06667 32.0139 
-1.33333 1.13333 31.9945 
-1.33333 1.2 31.9872 
-1.33333 1.26667 31.9859 
-1.33333 1.33333 31.9858 
-1.33333 1.4 31.9857 
-1.33333 1.46667 31.9857 
-1.33333 1.53333 31.9857 
-1.33333 1.6 31.9857 
-1.33333 1.66667 31.9857 
-1.33333 1.73333 31.9857 
-1.33333 1.8 31.9857 
-1.33333 1.86667 31.9857 
-1.33333 1.93333 31.9857 
-1.33333 2 31.9857 
-1.26667 -2 40.1473 
-1.26667 -1.93333 40.1465 
-1.26667 -1.86667 40.1455 
-1.26667 -1.8 40.144 
-1.26667 -1.73333 40.1421 
-1.26667 -1.66667 40.1395 
-1.26667 -1.6 40.136 
-1.26667 -1.53333 40.1311 
-1.26667 -1.46667 40.1246 
-1.26667 -1.4 40.1157 
-1.26667 -1.33333 40.1035 
-1.26667 -1.26667 40.0871 
-1.26667 -1.2 40.0648 
-1.26667 -1.13333 40.0344 
-1.26667 -1.06667 39.9933 
-1.26667 -1 39.9375 
-1.26667 -0.933333 39.862 
-1.26667 -0.866667 39.7598 
-1.26667 -0.8 39.6217 
-1.26667 -0.733333 39.4356 
-1.26667 -0.666667 39.1856 
-1.26667 -0.6 38.8508 
-1.26667 -0.533333 38.4049 
-1.26667 -0.466667 37.8148 
-1.26667 -0.4 37.0404 
-1.26667 -0.333333 36.0351 
-1.26667 -0.266667 34.7487 
-1.26667 -0.2 33.1355 
-1.26667 -0.133333 31.1718 
-1.26667 -0.0666667 28.8891 
-1.26667 -4.16334e-16 26.424 
-1.26667 0.0666667 24.0636 
-1.26667 0.133333 22.2328 
-1.26667 0.2 21.3644 
-1.26667 0.266667 21.6785 
-1.26667 0.333333 23.0253 
-1.26667 0.4 24.9576 
-1.26667 0.466667 26.9835 
-1.26667 0.533333 28.7724 
-1.26667 0.6 30.187 
-1.26667 0.666667 31.2152 
-1.26667 0.733333 31.9016 
-1.26667 0.8 32.3097 
-1.26667 0.866667 32.5073 
-1.26667 0.933333 32.564 
-1.26667 1 32.5473 
-1.26667 1.06667 32.5126 
-1.26667 1.13333 32.4898 
-1.26667 1.2 32.4817 
-1.26667 1.26667 32.4803 
-1.26667 1.33333 32.4802 
-1.26667 1.4 32.4802 
-1.26667 1.46667 32.4802 
-1.26667 1.53333 32.4802 
-1.26667 1.6 32.4802 
-1.26667 1.66667 32.4802 
-1.26667 1.73333 32.4802 
-1.26667 1.8 32.4802 
-1.26667 1.86667 32.4802 
-1.26667 1.93333 32.4802 
-1.26667 2 32.4802 
-1.2 -2 40.1469 
-1.2 -1.93333 40.146 
-1.2 -1.86667 40.1448 
-1.2 -1.8 40.1432 
-1.2 -1.73333 40.1409 
-1.2 -1.66667 40.1379 
-1.2 -1.6 40.1337 
-1.2 -1.53333 40.1281 
-1.2 -1.46667 40.1205 
-1.2 -1.4 40.1101 
-1.2 -1.33333 40.096 
-1.2 -1.26667 40.0768 
-1.2 -1.2 40.0508 
-1.2 -1.13333 40.0154 
-1.2 -1.06667 39.9675 
-1.2 -1 39.9026 
-1.2 -0.933333 39.8147 
-1.2 -0.866667 39.6959 
-1.2 -0.8 39.5355 
-1.2 -0.733333 39.3197 
-1.2 -0.666667 39.0301 
-1.2 -0.6 38.6434 
-1.2 -0.533333 38.1297 
-1.2 -0.466667 37.4525 
-1.2 -0.4 36.5681 
-1.2 -0.333333 35.4274 
-1.2 -0.266667 33.9807 
-1.2 -0.2 32.1899 
-1.2 -0.133333 30.0535 
-1.2 -0.0666667 27.649 
-1.2 -4.16334e-16 25.1866 
-1.2 0.0666667 23.0345 
-1.2 0.133333 21.6526 
-1.2 0.2 21.4015 
-1.2 0.266667 22.3236 
-1.2 0.333333 24.0875 
-1.2 0.4 26.1785 
-1.2 0.466667 28.1647 
-1.2 0.533333 29.8176 
-1.2 0.6 31.0752 
-1.2 0.666667 31.9629 
-1.2 0.733333 32.5374 
-1.2 0.8 32.8626 
-1.2 0.866667 33.0032 
-1.2 0.933333 33.0239 
-1.2 1 32.9873 
-1.2 1.06667 32.9436 
-1.2 1.13333 32.9177 
-1.2 1.2 32.909 
-1.2 1.26667 32.9074 
-1.2 1.33333 32.9073 
-1.2 1.4 32.9073 
-1.2 1.46667 32.9073 
-1.2 1.53333 32.9073 
-1.2 1.6 32.9073 
-1.2 1.66667 32.9073 
-1.2 1.73333 32.9073 
-1.2 1.8 32.9073 
-1.2 1.86667 32.9073 
-1.2 1.93333 32.9073 
-1.2 2 32.9073 
-1.13333 -2 40.1465 
-1.13333 -1.93333 40.1455 
-1.13333 -1.86667 40.144 
-1.13333 -1.8 40.1421 
-1.13333 -1.73333 40.1395 
-1.13333 -1.66667 40.136 
-1.13333 -1.6 40.1311 
-1.13333 -1.53333 40.1246 
-1.13333 -1.46667 40.1157 
-1.13333 -1.4 40.1035 
-1.13333 -1.33333 40.0871 
-1.13333 -1.26667 40.0648 
-1.13333 -1.2 40.0344 
-1.13333 -1.13333 39.9933 
-1.13333 -1.06667 39.9375 
-1.13333 -1 39.862 
-1.13333 -0.933333 39.7597 
-1.13333 -0.866667 39.6216 
-1.13333 -0.8 39.4355 
-1.13333 -0.733333 39.1853 
-1.13333 -0.666667 38.8504 
-1.13333 -0.6 38.4042 
-1.13333 -0.533333 37.8135 
-1.13333 -0.466667 37.0382 
-1.13333 -0.4 36.0312 
-1.13333 -0.333333 34.7422 
-1.13333 -0.266667 33.1247 
-1.13333 -0.2 31.1546 
-1.13333 -0.133333 28.8635 
-1.13333 -0.0666667 26.3898 
-1.13333 -4.16334e-16 24.0263 
-1.13333 0.0666667 22.2085 
-1.13333 0.133333 21.3822 
-1.13333 0.2 21.7736 
-1.13333 0.266667 23.2245 
-1.13333 0.333333 25.2675 
-1.13333 0.4 27.3943 
-1.13333 0.466667 29.2699 
-1.13333 0.533333 30.7609 
-1.13333 0.6 31.8607 
-1.13333 0.666667 32.6166 
-1.13333 0.733333 33.0896 
-1.13333 0.8 33.3412 
-1.13333 0.866667 33.4315 
-1.13333 0.933333 33.4207 
-1.13333 1 33.3668 
-1.13333 1.06667 33.3151 
-1.13333 1.13333 33.2866 
-1.13333 1.2 33.2773 
-1.13333 1.26667 33.2756 
-1.13333 1.33333 33.2755 
-1.13333 1.4 33.2755 
-1.13333 1.46667 33.2755 
-1.13333 1.53333 33.2755 
-1.13333 1.6 33.2755 
-1.13333 1.66667 33.2755 
-1.13333 1.73333 33.2755 
-1.13333 1.8 33.2755 
-1.13333 1.86667 33.2755 
-1.13333 1.93333 33.2755 
-1.13333 2 33.2755 
-1.06667 -2 40.146 
-1.06667 -1.93333 40.1448 
-1.06667 -1.86667 40.1432 
-1.06667 -1.8 40.1409 
-1.06667 -1.73333 40.1379 
-1.06667 -1.66667 40.1337 
-1.06667 -1.6 40.1281 
-1.06667 -1.53333 40.1205 
-1.06667 -1.46667 40.1101 
-1.06667 -1.4 40.096 
-1.06667 -1.33333 40.0768 
-1.06667 -1.26667 40.0508 
-1.06667 -1.2 40.0154 
-1.06667 -1.13333 39.9675 
-1.06667 -1.06667 39.9026 
-1.06667 -1 39.8147 
-1.06667 -0.933333 39.6958 
-1.06667 -0.866667 39.5354 
-1.06667 -0.8 39.3195 
-1.06667 -0.733333 39.0299 
-1.06667 -0.666667 38.6429 
-1.06667 -0.6 38.1289 
-1.06667 -0.533333 37.4511 
-1.06667 -0.466667 36.5656 
-1.06667 -0.4 35.4231 
-1.06667 -0.333333 33.9735 
-1.06667 -0.266667 32.1782 
-1.06667 -0.2 30.0353 
-1.06667 -0.133333 27.6232 
-1.06667 -0.0666667 25.1549 
-1.06667 -4.16334e-16 23.0059 
-1.06667 0.0666667 21.6469 
-1.06667 0.133333 21.4478 
-1.06667 0.2 22.4504 
-1.06667 0.266667 24.3092 
-1.06667 0.333333 26.492 
-1.06667 0.4 28.5579 
-1.06667 0.466667 30.2793 
-1.06667 0.533333 31.6 
-1.06667 0.6 32.5492 
-1.06667 0.666667 33.1848 
-1.06667 0.733333 33.5674 
-1.06667 0.8 33.7543 
-1.06667 0.866667 33.8007 
-1.06667 0.933333 33.7625 
-1.06667 1 33.6934 
-1.06667 1.06667 33.635 
-1.06667 1.13333 33.6041 
-1.06667 1.2 33.5943 
-1.06667 1.26667 33.5926 
-1.06667 1.33333 33.5925 
-1.06667 1.4 33.5925 
-1.06667 1.46667 33.5925 
-1.06667 1.53333 33.5925 
-1.06667 1.6 33.5925 
-1.06667 1.66667 33.5925 
-1.06667 1.73333 33.5925 
-1.06667 1.8 33.5925 
-1.06667 1.86667 33.5925 
-1.06667 1.93333 33.5925 
-1.06667 2 33.5925 
-1 -2 40.1455 
-1 -1.93333 40.144 
-1 -1.86667 40.1421 
-1 -1.8 40.1395 
-1 -1.73333 40.136 
-1 -1.66667 40.1311 
-1 -1.6 40.1246 
-1 -1.53333 40.1157 
-1 -1.46667 40.1035 
-1 -1.4 40.0871 
-1 -1.33333 40.0648 
-1 -1.26667 40.0344 
-1 -1.2 39.9933 
-1 -1.13333 39.9375 
-1 -1.06667 39.862 
-1 -1 39.7597 
-1 -0.933333 39.6216 
-1 -0.866667 39.4354 
-1 -0.8 39.1852 
-1 -0.733333 38.8501 
-1 -0.666667 38.4037 
-1 -0.6 37.8126 
-1 -0.533333 37.0365 
-1 -0.466667 36.0284 
-1 -0.4 34.7374 
-1 -0.333333 33.1167 
-1 -0.266667 31.142 
-1 -0.2 28.8446 
-1 -0.133333 26.3646 
-1 -0.0666667 23.999 
-1 -4.16334e-16 22.1914 
-1 0.0666667 21.3971 
-1 0.133333 21.8467 
-1 0.2 23.3754 
-1 0.266667 25.5002 
-1 0.333333 27.7006 
-1 0.4 29.6387 
-1 0.466667 31.1852 
-1 0.533333 32.3386 
-1 0.6 33.1488 
-1 0.666667 33.6768 
-1 0.733333 33.9798 
-1 0.8 34.1101 
-1 0.866667 34.1184 
-1 0.933333 34.0564 
-1 1 33.9743 
-1 1.06667 33.91 
-1 1.13333 33.8771 
-1 1.2 33.8669 
-1 1.26667 33.8651 
-1 1.33333 33.865 
-1 1.4 33.865 
-1 1.46667 33.865 
-1 1.53333 33.865 
-1 1.6 33.865 
-1 1.66667 33.865 
-1 1.73333 33.865 
-1 1.8 33.865 
-1 1.86667 33.865 
-1 1.93333 33.865 
-1 2 33.865 
-0.933333 -2 40.1448 
-0.933333 -1.93333 40.1432 
-0.933333 -1.86667 40.1409 
-0.933333 -1.8 40.1379 
-0.933333 -1.73333 40.1337 
-0.933333 -1.66667 40.1281 
-0.933333 -1.6 40.1205 
-0.933333 -1.53333 40.1101 
-0.933333 -1.46667 40.096 
-0.933333 -1.4 40.0768 
-0.933333 -1.33333 40.0508 
-0.933333 -1.26667 40.0154 
-0.933333 -1.2 39.9675 
-0.933333 -1.13333 39.9026 
-0.933333 -1.06667 39.8147 
-0.933333 -1 39.6958 
-0.933333 -0.933333 39.5354 
-0.933333 -0.866667 39.3194 
-0.933333 -0.8 39.0297 
-0.933333 -0.733333 38.6426 
-0.933333 -0.666667 38.1283 
-0.933333 -0.6 37.45 
-0.933333 -0.533333 36.5638 
-0.933333 -0.466667 35.4199 
-0.933333 -0.4 33.9681 
-0.933333 -0.333333 32.1695 
-0.933333 -0.266667 30.0219 
-0.933333 -0.2 27.6042 
-0.933333 -0.133333 25.1316 
-0.933333 -0.0666667 22.9852 
-0.933333 -4.16334e-16 21.6435 
-0.933333 0.0666667 21.4837 
-0.933333 0.133333 22.5465 
-0.933333 0.2 24.4757 
-0.933333 0.266667 26.7258 
-0.933333 0.333333 28.8494 
-0.933333 0.4 30.6206 
-0.933333 0.466667 31.9876 
-0.933333 0.533333 32.9838 
-0.933333 0.6 33.6686 
-0.933333 0.666667 34.1015 
-0.933333 0.733333 34.3349 
-0.933333 0.8 34.4162 
-0.933333 0.866667 34.3915 
-0.933333 0.933333 34.3091 
-0.933333 1 34.2157 
-0.933333 1.06667 34.1463 
-0.933333 1.13333 34.1117 
-0.933333 1.2 34.1011 
-0.933333 1.26667 34.0993 
-0.933333 1.33333 34.0991 
-0.933333 1.4 34.0991 
-0.933333 1.46667 34.0991 
-0.933333 1.53333 34.0991 
-0.933333 1.6 34.0991 
-0.933333 1.66667 34.0991 
-0.933333 1.73333 34.0991 
-0.933333 1.8 34.0991 
-0.933333 1.86667 34.0991 
-0.933333 1.93333 34.0991 
-0.933333 2 34.0991 
-0.866667 -2 40.144 
-0.866667 -1.93333 40.1421 
-0.866667 -1.86667 40.1395 
-0.866667 -1.8 40.136 
-0.866667 -1.73333 40.1311 
-0.866667 -1.66667 40.1246 
-0.866667 -1.6 40.1157 
-0.866667 -1.53333 40.1035 
-0.866667 -1.46667 40.0871 
-0.866667 -1.4 40.0648 
-0.866667 -1.33333 40.0344 
-0.866667 -1.26667 39.9933 
-0.866667 -1.2 39.9375 
-0.866667 -1.13333 39.862 
-0.866667 -1.06667 39.7597 
-0.866667 -1 39.6216 
-0.866667 -0.933333 39.4354 
-0.866667 -0.866667 39.1851 
-0.866667 -0.8 38.8499 
-0.866667 -0.733333 38.4033 
-0.866667 -0.666667 37.8119 
-0.866667 -0.6 37.0353 
-0.866667 -0.533333 36.0263 
-0.866667 -0.466667 34.7338 
-0.866667 -0.4 33.1109 
-0.866667 -0.333333 31.1326 
-0.866667 -0.266667 28.8308 
-0.866667 -0.2 26.3461 
-0.866667 -0.133333 23.9791 
-0.866667 -0.0666667 22.1792 
-0.866667 -4.16334e-16 21.4089 
-0.866667 0.0666667 21.9023 
-0.866667 0.133333 23.4888 
-0.866667 0.2 25.6739 
-0.866667 0.266667 27.9278 
-0.866667 0.333333 29.9113 
-0.866667 0.4 31.4984 
-0.866667 0.466667 32.6918 
-0.866667 0.533333 33.5443 
-0.866667 0.6 34.1178 
-0.866667 0.666667 34.4674 
-0.866667 0.733333 34.6404 
-0.866667 0.8 34.6793 
-0.866667 0.866667 34.6262 
-0.866667 0.933333 34.526 
-0.866667 1 34.423 
-0.866667 1.06667 34.3492 
-0.866667 1.13333 34.3132 
-0.866667 1.2 34.3022 
-0.866667 1.26667 34.3003 
-0.866667 1.33333 34.3002 
-0.866667 1.4 34.3002 
-0.866667 1.46667 34.3002 
-0.866667 1.53333 34.3002 
-0.866667 1.6 34.3002 
-0.866667 1.66667 34.3002 
-0.866667 1.73333 34.3002 
-0.866667 1.8 34.3002 
-0.866667 1.86667 34.3002 
-0.866667 1.93333 34.3002 
-0.866667 2 34.3002 
-0.8 -2 40.1432 
-0.8 -1.93333 40.1409 
-0.8 -1.86667 40.1379 
-0.8 -1.8 40.1337 
-0.8 -1.73333 40.1281 
-0.8 -1.66667 40.1205 
-0.8 -1.6 40.1101 
-0.8 -1.53333 40.0959 
-0.8 -1.46667 40.0768 
-0.8 -1.4 40.0508 
-0.8 -1.33333 40.0154 
-0.8 -1.26667 39.9675 
-0.8 -1.2 39.9026 
-0.8 -1.13333 39.8147 
-0.8 -1.06667 39.6958 
-0.8 -1 39.5354 
-0.8 -0.933333 39.3194 
-0.8 -0.866667 39.0295 
-0.8 -0.8 38.6423 
-0.8 -0.733333 38.1279 
-0.8 -0.666667 37.4492 
-0.8 -0.6 36.5624 
-0.8 -0.533333 35.4176 
-0.8 -0.466667 33.9642 
-0.8 -0.4 32.1631 
-0.8 -0.333333 30.012 
-0.8 -0.266667 27.5902 
-0.8 -0.2 25.1146 
-0.8 -0.133333 22.9701 
-0.8 -0.0666667 21.6415 
-0.8 -4.16334e-16 21.511 
-0.8 0.0666667 22.6187 
-0.8 0.133333 24.6001 
-0.8 0.2 26.8995 
-0.8 0.266667 29.0651 
-0.8 0.333333 30.8724 
-0.8 0.4 32.2736 
-0.8 0.466667 33.3054 
-0.8 0.533333 34.0294 
-0.8 0.6 34.5049 
-0.8 0.666667 34.7822 
-0.8 0.733333 34.903 
-0.8 0.8 34.9052 
-0.8 0.866667 34.8276 
-0.8 0.933333 34.7123 
-0.8 1 34.6009 
-0.8 1.06667 34.5234 
-0.8 1.13333 34.4861 
-0.8 1.2 34.4748 
-0.8 1.26667 34.4729 
-0.8 1.33333 34.4728 
-0.8 1.4 34.4728 
-0.8 1.46667 34.4728 
-0.8 1.53333 34.4728 
-0.8 1.6 34.4728 
-0.8 1.66667 34.4728 
-0.8 1.73333 34.4728 
-0.8 1.8 34.4728 
-0.8 1.86667 34.4728 
-0.8 1.93333 34.4728 
-0.8 2 34.4728 
-0.733333 -2 40.1421 
-0.733333 -1.93333 40.1395 
-0.733333 -1.86667 40.136 
-0.733333 -1.8 40.1311 
-0.733333 -1.73333 40.1246 
-0.733333 -1.66667 40.1157 
-0.733333 -1.6 40.1035 
-0.733333 -1.53333 40.0871 
-0.733333 -1.46667 40.0648 
-0.733333 -1.4 40.0344 
-0.733333 -1.33333 39.9933 
-0.733333 -1.26667 39.9375 
-0.733333 -1.2 39.8619 
-0.733333 -1.13333 39.7597 
-0.733333 -1.06667 39.6215 
-0.733333 -1 39.4353 
-0.733333 -0.933333 39.185 
-0.733333 -0.866667 38.8497 
-0.733333 -0.8 38.403 
-0.733333 -0.733333 37.8114 
-0.733333 -0.666667 37.0345 
-0.733333 -0.6 36.0248 
-0.733333 -0.533333 34.7312 
-0.733333 -0.466667 33.1066 
-0.733333 -0.4 31.1258 
-0.733333 -0.333333 28.8205 
-0.733333 -0.266667 26.3325 
-0.733333 -0.2 23.9645 
-0.733333 -0.133333 22.1704 
-0.733333 -0.0666667 21.4182 
-0.733333 -4.16334e-16 21.9441 
-0.733333 0.0666667 23.5735 
-0.733333 0.133333 25.803 
-0.733333 0.2 28.096 
-0.733333 0.266667 30.1124 
-0.733333 0.333333 31.7292 
-0.733333 0.4 32.9524 
-0.733333 0.466667 33.8377 
-0.733333 0.533333 34.4479 
-0.733333 0.6 34.8381 
-0.733333 0.666667 35.0527 
-0.733333 0.733333 35.1284 
-0.733333 0.8 35.0991 
-0.733333 0.866667 35.0005 
-0.733333 0.933333 34.8721 
-0.733333 1 34.7536 
-0.733333 1.06667 34.6728 
-0.733333 1.13333 34.6344 
-0.733333 1.2 34.6229 
-0.733333 1.26667 34.621 
-0.733333 1.33333 34.6209 
-0.733333 1.4 34.6209 
-0.733333 1.46667 34.6209 
-0.733333 1.53333 34.6209 
-0.733333 1.6 34.6209 
-0.733333 1.66667 34.6209 
-0.733333 1.73333 34.6209 
-0.733333 1.8 34.6209 
-0.733333 1.86667 34.6209 
-0.733333 1.93333 34.6209 
-0.733333 2 34.6209 
-0.666667 -2 40.1409 
-0.666667 -1.93333 40.1379 
-0.666667 -1.86667 40.1337 
-0.666667 -1.8 40.1281 
-0.666667 -1.73333 40.1205 
-0.666667 -1.66667 40.1101 
-0.666667 -1.6 40.0959 
-0.666667 -1.53333 40.0768 
-0.666667 -1.46667 40.0508 
-0.666667 -1.4 40.0154 
-0.666667 -1.33333 39.9675 
-0.666667 -1.26667 39.9026 
-0.666667 -1.2 39.8147 
-0.666667 -1.13333 39.6958 
-0.666667 -1.06667 39.5353 
-0.666667 -1 39.3193 
-0.666667 -0.933333 39.0294 
-0.666667 -0.866667 38.6421 
-0.666667 -0.8 38.1275 
-0.666667 -0.733333 37.4487 
-0.666667 -0.666667 36.5614 
-0.666667 -0.6 35.4159 
-0.666667 -0.533333 33.9613 
-0.666667 -0.466667 32.1584 
-0.666667 -0.4 30.0048 
-0.666667 -0.333333 27.5799 
-0.666667 -0.266667 25.102 
-0.666667 -0.2 22.9591 
-0.666667 -0.133333 21.6403 
-0.666667 -0.0666667 21.5317 
-0.666667 -4.16334e-16 22.6727 
-0.666667 0.0666667 24.6925 
-0.666667 0.133333 27.0281 
-0.666667 0.2 29.2243 
-0.666667 0.266667 31.058 
-0.666667 0.333333 32.4844 
-0.666667 0.4 33.5432 
-0.666667 0.466667 34.2977 
-0.666667 0.533333 34.8084 
-0.666667 0.6 35.1245 
-0.666667 0.666667 35.285 
-0.666667 0.733333 35.3219 
-0.666667 0.8 35.2655 
-0.666667 0.866667 35.1488 
-0.666667 0.933333 35.0092 
-0.666667 1 34.8846 
-0.666667 1.06667 34.8011 
-0.666667 1.13333 34.7617 
-0.666667 1.2 34.75 
-0.666667 1.26667 34.7481 
-0.666667 1.33333 34.748 
-0.666667 1.4 34.748 
-0.666667 1.46667 34.748 
-0.666667 1.53333 34.748 
-0.666667 1.6 34.748 
-0.666667 1.66667 34.748 
-0.666667 1.73333 34.748 
-0.666667 1.8 34.748 
-0.666667 1.86667 34.748 
-0.666667 1.93333 34.748 
-0.666667 2 34.748 
-0.6 -2 40.1395 
-0.6 -1.93333 40.136 
-0.6 -1.86667 40.1311 
-0.6 -1.8 40.1246 
-0.6 -1.73333 40.1157 
-0.6 -1.66667 40.1035 
-0.6 -1.6 40.0871 
-0.6 -1.53333 40.0648 
-0.6 -1.46667 40.0344 
-0.6 -1.4 39.9933 
-0.6 -1.33333 39.9375 
-0.6 -1.26667 39.8619 
-0.6 -1.2 39.7597 
-0.6 -1.13333 39.6215 
-0.6 -1.06667 39.4353 
-0.6 -1 39.1849 
-0.6 -0.933333 38.8496 
-0.6 -0.866667 38.4028 
-0.6 -0.8 37.8111 
-0.6 -0.733333 37.0338 
-0.6 -0.666667 36.0237 
-0.6 -0.6 34.7293 
-0.6 -0.533333 33.1034 
-0.6 -0.466667 31.1207 
-0.6 -0.4 28.813 
-0.6 -0.333333 26.3225 
-0.6 -0.266667 23.9538 
-0.6 -0.2 22.1641 
-0.6 -0.133333 21.4253 
-0.6 -0.0666667 21.9754 
-0.6 -4.16334e-16 23.6366 
-0.6 0.0666667 25.8987 
-0.6 0.133333 28.2203 
-0.6 0.2 30.2607 
-0.6 0.266667 31.8992 
-0.6 0.333333 33.1447 
-0.6 0.4 34.055 
-0.6 0.466667 34.6944 
-0.6 0.533333 35.1184 
-0.6 0.6 35.3705 
-0.6 0.666667 35.4844 
-0.6 0.733333 35.4879 
-0.6 0.8 35.4083 
-0.6 0.866667 35.2761 
-0.6 0.933333 35.1269 
-0.6 1 34.9969 
-0.6 1.06667 34.9111 
-0.6 1.13333 34.871 
-0.6 1.2 34.8591 
-0.6 1.26667 34.8571 
-0.6 1.33333 34.857 
-0.6 1.4 34.857 
-0.6 1.46667 34.857 
-0.6 1.53333 34.857 
-0.6 1.6 34.857 
-0.6 1.66667 34.857 
-0.6 1.73333 34.857 
-0.6 1.8 34.857 
-0.6 1.86667 34.857 
-0.6 1.93333 34.857 
-0.6 2 34.857 
-0.533333 -2 40.1379 
-0.533333 -1.93333 40.1337 
-0.533333 -1.86667 40.1281 
-0.533333 -1.8 40.1205 
-0.533333 -1.73333 40.1101 
-0.533333 -1.66667 40.0959 
-0.533333 -1.6 40.0768 
-0.533333 -1.53333 40.0508 
-0.533333 -1.46667 40.0154 
-0.533333 -1.4 39.9675 
-0.533333 -1.33333 39.9026 
-0.533333 -1.26667 39.8147 
-0.533333 -1.2 39.6958 
-0.533333 -1.13333 39.5353 
-0.533333 -1.06667 39.3193 
-0.533333 -1 39.0294 
-0.533333 -0.933333 38.642 
-0.533333 -0.866667 38.1273 
-0.533333 -0.8 37.4483 
-0.533333 -0.733333 36.5607 
-0.533333 -0.666667 35.4146 
-0.533333 -0.6 33.9592 
-0.533333 -0.533333 32.155 
-0.533333 -0.466667 29.9994 
-0.533333 -0.4 27.5723 
-0.533333 -0.333333 25.0928 
-0.533333 -0.266667 22.951 
-0.533333 -0.2 21.6396 
-0.533333 -0.133333 21.5472 
-0.533333 -0.0666667 22.7129 
-0.533333 -4.16334e-16 24.7611 
-0.533333 0.0666667 27.1231 
-0.533333 0.133333 29.3417 
-0.533333 0.2 31.1947 
-0.533333 0.266667 32.6397 
-0.533333 0.333333 33.7187 
-0.533333 0.4 34.497 
-0.533333 0.466667 35.0358 
-0.533333 0.533333 35.3848 
-0.533333 0.6 35.5817 
-0.533333 0.666667 35.6555 
-0.533333 0.733333 35.6304 
-0.533333 0.8 35.5308 
-0.533333 0.866667 35.3852 
-0.533333 0.933333 35.2278 
-0.533333 1 35.0933 
-0.533333 1.06667 35.0054 
-0.533333 1.13333 34.9646 
-0.533333 1.2 34.9526 
-0.533333 1.26667 34.9506 
-0.533333 1.33333 34.9505 
-0.533333 1.4 34.9505 
-0.533333 1.46667 34.9505 
-0.533333 1.53333 34.9505 
-0.533333 1.6 34.9505 
-0.533333 1.66667 34.9505 
-0.533333 1.73333 34.9505 
-0.533333 1.8 34.9505 
-0.533333 1.86667 34.9505 
-0.533333 1.93333 34.9505 
-0.533333 2 34.9505 
-0.466667 -2 40.136 
-0.466667 -1.93333 40.1311 
-0.466667 -1.86667 40.1246 
-0.466667 -1.8 40.1157 
-0.466667 -1.73333 40.1035 
-0.466667 -1.66667 40.0871 
-0.466667 -1.6 40.0648 
-0.466667 -1.53333 40.0344 
-0.466667 -1.46667 39.9933 
-0.466667 -1.4 39.9375 
-0.466667 -1.33333 39.8619 
-0.466667 -1.26667 39.7597 
-0.466667 -1.2 39.6215 
-0.466667 -1.13333 39.4352 
-0.466667 -1.06667 39.1849 
-0.466667 -1 38.8495 
-0.466667 -0.933333 38.4026 
-0.466667 -0.866667 37.8108 
-0.466667 -0.8 37.0333 
-0.466667 -0.733333 36.0228 
-0.466667 -0.666667 34.7279 
-0.466667 -0.6 33.101 
-0.466667 -0.533333 31.117 
-0.466667 -0.466667 28.8075 
-0.466667 -0.4 26.3152 
-0.466667 -0.333333 23.9459 
-0.466667 -0.266667 22.1595 
-0.466667 -0.2 21.4307 
-0.466667 -0.133333 21.9987 
-0.466667 -0.0666667 23.6833 
-0.466667 -4.16334e-16 25.9694 
-0.466667 0.0666667 28.3119 
-0.466667 0.133333 30.37 
-0.466667 0.2 32.0245 
-0.466667 0.266667 33.2865 
-0.466667 0.333333 34.2156 
-0.466667 0.4 34.8778 
-0.466667 0.466667 35.3292 
-0.466667 0.533333 35.6135 
-0.466667 0.6 35.7629 
-0.466667 0.666667 35.8022 
-0.466667 0.733333 35.7525 
-0.466667 0.8 35.6358 
-0.466667 0.866667 35.4788 
-0.466667 0.933333 35.3143 
-0.466667 1 35.176 
-0.466667 1.06667 35.0863 
-0.466667 1.13333 35.045 
-0.466667 1.2 35.0328 
-0.466667 1.26667 35.0308 
-0.466667 1.33333 35.0307 
-0.466667 1.4 35.0307 
-0.466667 1.46667 35.0307 
-0.466667 1.53333 35.0307 
-0.466667 1.6 35.0307 
-0.466667 1.66667 35.0307 
-0.466667 1.73333 35.0307 
-0.466667 1.8 35.0307 
-0.466667 1.86667 35.0307 
-0.466667 1.93333 35.0307 
-0.466667 2 35.0307 
-0.4 -2 40.1337 
-0.4 -1.93333 40.1281 
-0.4 -1.86667 40.1205 
-0.4 -1.8 40.1101 
-0.4 -1.73333 40.0959 
-0.4 -1.66667 40.0768 
-0.4 -1.6 40.0508 
-0.4 -1.53333 40.0154 
-0.4 -1.46667 39.9675 
-0.4 -1.4 39.9026 
-0.4 -1.33333 39.8146 
-0.4 -1.26667 39.6958 
-0.4 -1.2 39.5353 
-0.4 -1.13333 39.3192 
-0.4 -1.06667 39.0293 
-0.4 -1 38.6419 
-0.4 -0.933333 38.1271 
-0.4 -0.866667 37.4479 
-0.4 -0.8 36.5601 
-0.4 -0.733333 35.4137 
-0.4 -0.666667 33.9576 
-0.4 -0.6 32.1524 
-0.4 -0.533333 29.9955 
-0.4 -0.466667 27.5667 
-0.4 -0.4 25.086 
-0.4 -0.333333 22.9451 
-0.4 -0.266667 21.6391 
-0.4 -0.2 21.5588 
-0.4 -0.133333 22.7427 
-0.4 -0.0666667 24.8117 
-0.4 -4.16334e-16 27.1933 
-0.4 0.0666667 29.4282 
-0.4 0.133333 31.2953 
-0.4 0.2 32.7541 
-0.4 0.266667 33.8483 
-0.4 0.333333 34.6445 
-0.4 0.4 35.2055 
-0.4 0.466667 35.5813 
-0.4 0.533333 35.8097 
-0.4 0.6 35.9184 
-0.4 0.666667 35.9281 
-0.4 0.733333 35.8573 
-0.4 0.8 35.7259 
-0.4 0.866667 35.5591 
-0.4 0.933333 35.3885 
-0.4 1 35.2469 
-0.4 1.06667 35.1558 
-0.4 1.13333 35.1139 
-0.4 1.2 35.1016 
-0.4 1.26667 35.0996 
-0.4 1.33333 35.0995 
-0.4 1.4 35.0995 
-0.4 1.46667 35.0995 
-0.4 1.53333 35.0995 
-0.4 1.6 35.0995 
-0.4 1.66667 35.0995 
-0.4 1.73333 35.0995 
-0.4 1.8 35.0995 
-0.4 1.86667 35.0995 
-0.4 1.93333 35.0995 
-0.4 2 35.0995 
-0.333333 -2 40.1311 
-0.333333 -1.93333 40.1246 
-0.333333 -1.86667 40.1157 
-0.333333 -1.8 40.1035 
-0.333333 -1.73333 40.0871 
-0.333333 -1.66667 40.0648 
-0.333333 -1.6 40.0344 
-0.333333 -1.53333 39.9933 
-0.333333 -1.46667 39.9375 
-0.333333 -1.4 39.8619 
-0.333333 -1.33333 39.7597 
-0.333333 -1.26667 39.6215 
-0.333333 -1.2 39.4352 
-0.333333 -1.13333 39.1848 
-0.333333 -1.06667 38.8495 
-0.333333 -1 38.4025 
-0.333333 -0.933333 37.8106 
-0.333333 -0.866667 37.033 
-0.333333 -0.8 36.0222 
-0.333333 -0.733333 34.7268 
-0.333333 -0.666667 33.0993 
-0.333333 -0.6 31.1143 
-0.333333 -0.533333 28.8034 
-0.333333 -0.466667 26.3098 
-0.333333 -0.4 23.9401 
-0.333333 -0.333333 22.1562 
-0.333333 -0.266667 21.4347 
-0.333333 -0.2 22.016 
-0.333333 -0.133333 23.7178 
-0.333333 -0.0666667 26.0216 
-0.333333 -4.16334e-16 28.3795 
-0.333333 0.0666667 30.4504 
-0.333333 0.133333 32.1166 
-0.333333 0.2 33.3909 
-0.333333 0.266667 34.3343 
-0.333333 0.333333 35.014 
-0.333333 0.4 35.487 
-0.333333 0.466667 35.7977 
-0.333333 0.533333 35.9781 
-0.333333 0.6 36.0517 
-0.333333 0.666667 36.0361 
-0.333333 0.733333 35.9472 
-0.333333 0.8 35.8032 
-0.333333 0.866667 35.628 
-0.333333 0.933333 35.4522 
-0.333333 1 35.3077 
-0.333333 1.06667 35.2153 
-0.333333 1.13333 35.173 
-0.333333 1.2 35.1606 
-0.333333 1.26667 35.1586 
-0.333333 1.33333 35.1585 
-0.333333 1.4 35.1585 
-0.333333 1.46667 35.1585 
-0.333333 1.53333 35.1585 
-0.333333 1.6 35.1585 
-0.333333 1.66667 35.1585 
-0.333333 1.73333 35.1585 
-0.333333 1.8 35.1585 
-0.333333 1.86667 35.1585 
-0.333333 1.93333 35.1585 
-0.333333 2 35.1585 
-0.266667 -2 40.1281 
-0.266667 -1.93333 40.1205 
-0.266667 -1.86667 40.1101 
-0.266667 -1.8 40.0959 
-0.266667 -1.73333 40.0768 
-0.266667 -1.66667 40.0508 
-0.266667 -1.6 40.0154 
-0.266667 -1.53333 39.9675 
-0.266667 -1.46667 39.9026 
-0.266667 -1.4 39.8146 
-0.266667 -1.33333 39.6957 
-0.266667 -1.26667 39.5353 
-0.266667 -1.2 39.3192 
-0.266667 -1.13333 39.0293 
-0.266667 -1.06667 38.6418 
-0.266667 -1 38.127 
-0.266667 -0.933333 37.4477 
-0.266667 -0.866667 36.5597 
-0.266667 -0.8 35.413 
-0.266667 -0.733333 33.9565 
-0.266667 -0.666667 32.1505 
-0.266667 -0.6 29.9926 
-0.266667 -0.533333 27.5626 
-0.266667 -0.466667 25.0811 
-0.266667 -0.4 22.9408 
-0.266667 -0.333333 21.6388 
-0.266667 -0.266667 21.5674 
-0.266667 -0.2 22.7647 
-0.266667 -0.133333 24.8492 
-0.266667 -0.0666667 27.245 
-0.266667 -4.16334e-16 29.4919 
-0.266667 0.0666667 31.3694 
-0.266667 0.133333 32.8383 
-0.266667 0.2 33.9438 
-0.266667 0.266667 34.7537 
-0.266667 0.333333 35.3317 
-0.266667 0.4 35.7288 
-0.266667 0.466667 35.9833 
-0.266667 0.533333 36.1225 
-0.266667 0.6 36.166 
-0.266667 0.666667 36.1287 
-0.266667 0.733333 36.0243 
-0.266667 0.8 35.8694 
-0.266667 0.866667 35.687 
-0.266667 0.933333 35.5068 
-0.266667 1 35.3599 
-0.266667 1.06667 35.2664 
-0.266667 1.13333 35.2237 
-0.266667 1.2 35.2112 
-0.266667 1.26667 35.2092 
-0.266667 1.33333 35.2091 
-0.266667 1.4 35.2091 
-0.266667 1.46667 35.2091 
-0.266667 1.53333 35.2091 
-0.266667 1.6 35.2091 
-0.266667 1.66667 35.2091 
-0.266667 1.73333 35.2091 
-0.266667 1.8 35.2091 
-0.266667 1.86667 35.2091 
-0.266667 1.93333 35.2091 
-0.266667 2 35.2091 
-0.2 -2 40.1246 
-0.2 -1.93333 40.1157 
-0.2 -1.86667 40.1035 
-0.2 -1.8 40.0871 
-0.2 -1.73333 40.0648 
-0.2 -1.66667 40.0344 
-0.2 -1.6 39.9933 
-0.2 -1.53333 39.9375 
-0.2 -1.46667 39.8619 
-0.2 -1.4 39.7597 
-0.2 -1.33333 39.6215 
-0.2 -1.26667 39.4352 
-0.2 -1.2 39.1848 
-0.2 -1.13333 38.8494 
-0.2 -1.06667 38.4024 
-0.2 -1 37.8104 
-0.2 -0.933333 37.0327 
-0.2 -0.866667 36.0218 
-0.2 -0.8 34.7261 
-0.2 -0.733333 33.0981 
-0.2 -0.666667 31.1122 
-0.2 -0.6 28.8004 
-0.2 -0.533333 26.3058 
-0.2 -0.466667 23.9359 
-0.2 -0.4 22.1537 
-0.2 -0.333333 21.4377 
-0.2 -0.266667 22.0288 
-0.2 -0.2 23.7434 
-0.2 -0.133333 26.0601 
-0.2 -0.0666667 28.4293 
-0.2 -4.16334e-16 30.5096 
-0.2 0.0666667 32.1845 
-0.2 0.133333 33.4678 
-0.2 0.2 34.4219 
-0.2 0.266667 35.1148 
-0.2 0.333333 35.6047 
-0.2 0.4 35.9364 
-0.2 0.466667 36.1426 
-0.2 0.533333 36.2464 
-0.2 0.6 36.2641 
-0.2 0.666667 36.2081 
-0.2 0.733333 36.0904 
-0.2 0.8 35.9263 
-0.2 0.866667 35.7377 
-0.2 0.933333 35.5536 
-0.2 1 35.4046 
-0.2 1.06667 35.3102 
-0.2 1.13333 35.2672 
-0.2 1.2 35.2546 
-0.2 1.26667 35.2526 
-0.2 1.33333 35.2525 
-0.2 1.4 35.2525 
-0.2 1.46667 35.2525 
-0.2 1.53333 35.2525 
-0.2 1.6 35.2525 
-0.2 1.66667 35.2525 
-0.2 1.73333 35.2525 
-0.2 1.8 35.2525 
-0.2 1.86667 35.2525 
-0.2 1.93333 35.2525 
-0.2 2 35.2525 
-0.133333 -2 40.1205 
-0.133333 -1.93333 40.1101 
-0.133333 -1.86667 40.0959 
-0.133333 -1.8 40.0768 
-0.133333 -1.73333 40.0508 
-0.133333 -1.66667 40.0154 
-0.133333 -1.6 39.9675 
-0.133333 -1.53333 39.9026 
-0.133333 -1.46667 39.8146 
-0.133333 -1.4 39.6957 
-0.133333 -1.33333 39.5353 
-0.133333 -1.26667 39.3192 
-0.133333 -1.2 39.0292 
-0.133333 -1.13333 38.6418 
-0.133333 -1.06667 38.1269 
-0.133333 -1 37.4475 
-0.133333 -0.933333 36.5594 
-0.133333 -0.866667 35.4125 
-0.133333 -0.8 33.9556 
-0.133333 -0.733333 32.1492 
-0.133333 -0.666667 29.9905 
-0.133333 -0.6 27.5596 
-0.133333 -0.533333 25.0774 
-0.133333 -0.466667 22.9376 
-0.133333 -0.4 21.6386 
-0.133333 -0.333333 21.5737 
-0.133333 -0.266667 22.781 
-0.133333 -0.2 24.8768 
-0.133333 -0.133333 27.2831 
-0.133333 -0.0666667 29.5388 
-0.133333 -4.16334e-16 31.4239 
-0.133333 0.0666667 32.9003 
-0.133333 0.133333 34.0141 
-0.133333 0.2 34.8344 
-0.133333 0.266667 35.4254 
-0.133333 0.333333 35.8391 
-0.133333 0.4 36.1144 
-0.133333 0.466667 36.2792 
-0.133333 0.533333 36.3526 
-0.133333 0.6 36.3482 
-0.133333 0.666667 36.2762 
-0.133333 0.733333 36.147 
-0.133333 0.8 35.975 
-0.133333 0.866667 35.7811 
-0.133333 0.933333 35.5938 
-0.133333 1 35.443 
-0.133333 1.06667 35.3477 
-0.133333 1.13333 35.3044 
-0.133333 1.2 35.2919 
-0.133333 1.26667 35.2898 
-0.133333 1.33333 35.2897 
-0.133333 1.4 35.2897 
-0.133333 1.46667 35.2897 
-0.133333 1.53333 35.2897 
-0.133333 1.6 35.2897 
-0.133333 1.66667 35.2897 
-0.133333 1.73333 35.2897 
-0.133333 1.8 35.2897 
-0.133333 1.86667 35.2897 
-0.133333 1.93333 35.2897 
-0.133333 2 35.2897 
-0.0666667 -2 40.1157 
-0.0666667 -1.93333 40.1035 
-0.0666667 -1.86667 40.0871 
-0.0666667 -1.8 40.0648 
-0.0666667 -1.73333 40.0344 
-0.0666667 -1.66667 39.9933 
-0.0666667 -1.6 39.9375 
-0.0666667 -1.53333 39.8619 
-0.0666667 -1.46667 39.7597 
-0.0666667 -1.4 39.6215 
-0.0666667 -1.33333 39.4352 
-0.0666667 -1.26667 39.1848 
-0.0666667 -1.2 38.8494 
-0.0666667 -1.13333 38.4024 
-0.0666667 -1.06667 37.8103 
-0.0666667 -1 37.0325 
-0.0666667 -0.933333 36.0214 
-0.0666667 -0.866667 34.7255 
-0.0666667 -0.8 33.0971 
-0.0666667 -0.733333 31.1108 
-0.0666667 -0.666667 28.7982 
-0.0666667 -0.6 26.3029 
-0.0666667 -0.533333 23.9328 
-0.0666667 -0.466667 22.1519 
-0.0666667 -0.4 21.44 
-0.0666667 -0.333333 22.0382 
-0.0666667 -0.266667 23.7622 
-0.0666667 -0.2 26.0885 
-0.0666667 -0.133333 28.466 
-0.0666667 -0.0666667 30.5532 
-0.0666667 -4.16334e-16 32.2344 
-0.0666667 0.0666667 33.5244 
-0.0666667 0.133333 34.4865 
-0.0666667 0.2 35.1894 
-0.0666667 0.266667 35.6921 
-0.0666667 0.333333 36.0402 
-0.0666667 0.4 36.2671 
-0.0666667 0.466667 36.3963 
-0.0666667 0.533333 36.4437 
-0.0666667 0.6 36.4203 
-0.0666667 0.666667 36.3346 
-0.0666667 0.733333 36.1956 
-0.0666667 0.8 36.0168 
-0.0666667 0.866667 35.8184 
-0.0666667 0.933333 35.6282 
-0.0666667 1 35.4759 
-0.0666667 1.06667 35.3799 
-0.0666667 1.13333 35.3364 
-0.0666667 1.2 35.3238 
-0.0666667 1.26667 35.3217 
-0.0666667 1.33333 35.3216 
-0.0666667 1.4 35.3216 
-0.0666667 1.46667 35.3216 
-0.0666667 1.53333 35.3216 
-0.0666667 1.6 35.3216 
-0.0666667 1.66667 35.3216 
-0.0666667 1.73333 35.3216 
-0.0666667 1.8 35.3216 
-0.0666667 1.86667 35.3216 
-0.0666667 1.93333 35.3216 
-0.0666667 2 35.3216 
