-4 -2 40.1494 
-4 -1.92 40.1494 
-4 -1.84 40.1494 
-4 -1.76 40.1494 
-4 -1.68 40.1494 
-4 -1.6 40.1494 
-4 -1.52 40.1494 
-4 -1.44 40.1493 
-4 -1.36 40.1493 
-4 -1.28 40.1493 
-4 -1.2 40.1492 
-4 -1.12 40.1492 
-4 -1.04 40.1491 
-4 -0.96 40.1489 
-4 -0.88 40.1487 
-4 -0.8 40.1484 
-4 -0.72 40.1479 
-4 -0.64 40.1473 
-4 -0.56 40.1463 
-4 -0.48 40.145 
-4 -0.4 40.143 
-4 -0.32 40.1402 
-4 -0.24 40.1361 
-4 -0.16 40.1303 
-4 -0.08 40.122 
-4 6.93889e-16 40.1103 
-4 0.08 40.0939 
-4 0.16 40.071 
-4 0.24 40.04 
-4 0.32 39.9988 
-4 0.4 39.946 
-4 0.48 39.882 
-4 0.56 39.8096 
-4 0.64 39.7357 
-4 0.72 39.6699 
-4 0.8 39.6216 
-4 0.88 39.5939 
-4 0.96 39.5824 
-4 1.04 39.5791 
-4 1.12 39.5783 
-4 1.2 39.5781 
-4 1.28 39.5781 
-4 1.36 39.5781 
-4 1.44 39.5781 
-4 1.52 39.5781 
-4 1.6 39.5781 
-4 1.68 39.5781 
-4 1.76 39.5781 
-4 1.84 39.5781 
-4 1.92 39.5781 
-3.92 -2 40.1494 
-3.92 -1.92 40.1494 
-3.92 -1.84 40.1494 
-3.92 -1.76 40.1494 
-3.92 -1.68 40.1494 
-3.92 -1.6 40.1494 
-3.92 -1.52 40.1493 
-3.92 -1.44 40.1493 
-3.92 -1.36 40.1493 
-3.92 -1.28 40.1493 
-3.92 -1.2 40.1492 
-3.92 -1.12 40.1491 
-3.92 -1.04 40.149 
-3.92 -0.96 40.1488 
-3.92 -0.88 40.1485 
-3.92 -0.8 40.1482 
-3.92 -0.72 40.1476 
-3.92 -0.64 40.1468 
-3.92 -0.56 40.1457 
-3.92 -0.48 40.1441 
-3.92 -0.4 40.1417 
-3.92 -0.32 40.1383 
-3.92 -0.24 40.1334 
-3.92 -0.16 40.1265 
-3.92 -0.08 40.1165 
-3.92 6.93889e-16 40.1024 
-3.92 0.08 40.0827 
-3.92 0.16 40.0552 
-3.92 0.24 40.0179 
-3.92 0.32 39.9684 
-3.92 0.4 39.9051 
-3.92 0.48 39.8282 
-3.92 0.56 39.7414 
-3.92 0.64 39.6527 
-3.92 0.72 39.5738 
-3.92 0.8 39.5158 
-3.92 0.88 39.4825 
-3.92 0.96 39.4688 
-3.92 1.04 39.4647 
-3.92 1.12 39.4638 
-3.92 1.2 39.4636 
-3.92 1.28 39.4635 
-3.92 1.36 39.4635 
-3.92 1.44 39.4635 
-3.92 1.52 39.4635 
-3.92 1.6 39.4635 
-3.92 1.68 39.4635 
-3.92 1.76 39.4635 
-3.92 1.84 39.4635 
-3.92 1.92 39.4635 
-3.84 -2 40.1494 
-3.84 -1.92 40.1494 
-3.84 -1.84 40.1494 
-3.84 -1.76 40.1494 
-3.84 -1.68 40.1494 
-3.84 -1.6 40.1494 
-3.84 -1.52 40.1493 
-3.84 -1.44 40.1493 
-3.84 -1.36 40.1493 
-3.84 -1.28 40.1492 
-3.84 -1.2 40.1492 
-3.84 -1.12 40.1491 
-3.84 -1.04 40.1489 
-3.84 -0.96 40.1487 
-3.84 -0.88 40.1484 
-3.84 -0.8 40.1479 
-3.84 -0.72 40.1473 
-3.84 -0.64 40.1463 
-3.84 -0.56 40.145 
-3.84 -0.48 40.143 
-3.84 -0.4 40.1401 
-3.84 -0.32 40.1361 
-3.84 -0.24 40.1302 
-3.84 -0.16 40.1218 
-3.84 -0.08 40.1099 
-3.84 6.93889e-16 40.0929 
-3.84 0.08 40.0692 
-3.84 0.16 40.0362 
-3.84 0.24 39.9914 
-3.84 0.32 39.932 
-3.84 0.4 39.856 
-3.84 0.48 39.7638 
-3.84 0.56 39.6596 
-3.84 0.64 39.5533 
-3.84 0.72 39.4587 
-3.84 0.8 39.389 
-3.84 0.88 39.3491 
-3.84 0.96 39.3326 
-3.84 1.04 39.3277 
-3.84 1.12 39.3266 
-3.84 1.2 39.3263 
-3.84 1.28 39.3263 
-3.84 1.36 39.3263 
-3.84 1.44 39.3263 
-3.84 1.52 39.3263 
-3.84 1.6 39.3263 
-3.84 1.68 39.3263 
-3.84 1.76 39.3263 
-3.84 1.84 39.3263 
-3.84 1.92 39.3263 
-3.76 -2 40.1494 
-3.76 -1.92 40.1494 
-3.76 -1.84 40.1494 
-3.76 -1.76 40.1494 
-3.76 -1.68 40.1494 
-3.76 -1.6 40.1493 
-3.76 -1.52 40.1493 
-3.76 -1.44 40.1493 
-3.76 -1.36 40.1493 
-3.76 -1.28 40.1492 
-3.76 -1.2 40.1491 
-3.76 -1.12 40.149 
-3.76 -1.04 40.1488 
-3.76 -0.96 40.1485 
-3.76 -0.88 40.1482 
-3.76 -0.8 40.1476 
-3.76 -0.72 40.1468 
-3.76 -0.64 40.1457 
-3.76 -0.56 40.1441 
-3.76 -0.48 40.1417 
-3.76 -0.4 40.1383 
-3.76 -0.32 40.1334 
-3.76 -0.24 40.1263 
-3.76 -0.16 40.1163 
-3.76 -0.08 40.1019 
-3.76 6.93889e-16 40.0815 
-3.76 0.08 40.053 
-3.76 0.16 40.0134 
-3.76 0.24 39.9596 
-3.76 0.32 39.8882 
-3.76 0.4 39.7971 
-3.76 0.48 39.6865 
-3.76 0.56 39.5616 
-3.76 0.64 39.4341 
-3.76 0.72 39.3207 
-3.76 0.8 39.2372 
-3.76 0.88 39.1893 
-3.76 0.96 39.1694 
-3.76 1.04 39.1636 
-3.76 1.12 39.1623 
-3.76 1.2 39.162 
-3.76 1.28 39.1619 
-3.76 1.36 39.1619 
-3.76 1.44 39.1619 
-3.76 1.52 39.1619 
-3.76 1.6 39.1619 
-3.76 1.68 39.1619 
-3.76 1.76 39.1619 
-3.76 1.84 39.1619 
-3.76 1.92 39.1619 
-3.68 -2 40.1494 
-3.68 -1.92 40.1494 
-3.68 -1.84 40.1494 
-3.68 -1.76 40.1494 
-3.68 -1.68 40.1494 
-3.68 -1.6 40.1493 
-3.68 -1.52 40.1493 
-3.68 -1.44 40.1493 
-3.68 -1.36 40.1492 
-3.68 -1.28 40.1492 
-3.68 -1.2 40.1491 
-3.68 -1.12 40.1489 
-3.68 -1.04 40.1487 
-3.68 -0.96 40.1484 
-3.68 -0.88 40.1479 
-3.68 -0.8 40.1473 
-3.68 -0.72 40.1463 
-3.68 -0.64 40.1449 
-3.68 -0.56 40.143 
-3.68 -0.48 40.1401 
-3.68 -0.4 40.136 
-3.68 -0.32 40.1301 
-3.68 -0.24 40.1217 
-3.68 -0.16 40.1096 
-3.68 -0.08 40.0923 
-3.68 6.93889e-16 40.0678 
-3.68 0.08 40.0335 
-3.68 0.16 39.986 
-3.68 0.24 39.9214 
-3.68 0.32 39.8358 
-3.68 0.4 39.7264 
-3.68 0.48 39.5939 
-3.68 0.56 39.4443 
-3.68 0.64 39.2916 
-3.68 0.72 39.1557 
-3.68 0.8 39.0556 
-3.68 0.88 38.9982 
-3.68 0.96 38.9743 
-3.68 1.04 38.9673 
-3.68 1.12 38.9656 
-3.68 1.2 38.9653 
-3.68 1.28 38.9652 
-3.68 1.36 38.9652 
-3.68 1.44 38.9652 
-3.68 1.52 38.9652 
-3.68 1.6 38.9652 
-3.68 1.68 38.9652 
-3.68 1.76 38.9652 
-3.68 1.84 38.9652 
-3.68 1.92 38.9652 
-3.6 -2 40.1494 
-3.6 -1.92 40.1494 
-3.6 -1.84 40.1494 
-3.6 -1.76 40.1494 
-3.6 -1.68 40.1493 
-3.6 -1.6 40.1493 
-3.6 -1.52 40.1493 
-3.6 -1.44 40.1493 
-3.6 -1.36 40.1492 
-3.6 -1.28 40.1491 
-3.6 -1.2 40.149 
-3.6 -1.12 40.1488 
-3.6 -1.04 40.1485 
-3.6 -0.96 40.1482 
-3.6 -0.88 40.1476 
-3.6 -0.8 40.1468 
-3.6 -0.72 40.1457 
-3.6 -0.64 40.144 
-3.6 -0.56 40.1417 
-3.6 -0.48 40.1383 
-3.6 -0.4 40.1333 
-3.6 -0.32 40.1262 
-3.6 -0.24 40.1161 
-3.6 -0.16 40.1015 
-3.6 -0.08 40.0808 
-3.6 6.93889e-16 40.0514 
-3.6 0.08 40.0102 
-3.6 0.16 39.9531 
-3.6 0.24 39.8756 
-3.6 0.32 39.7729 
-3.6 0.4 39.6418 
-3.6 0.48 39.483 
-3.6 0.56 39.3039 
-3.6 0.64 39.1211 
-3.6 0.72 38.9584 
-3.6 0.8 38.8385 
-3.6 0.88 38.7697 
-3.6 0.96 38.741 
-3.6 1.04 38.7326 
-3.6 1.12 38.7306 
-3.6 1.2 38.7302 
-3.6 1.28 38.7301 
-3.6 1.36 38.7301 
-3.6 1.44 38.7301 
-3.6 1.52 38.7301 
-3.6 1.6 38.7301 
-3.6 1.68 38.7301 
-3.6 1.76 38.7301 
-3.6 1.84 38.7301 
-3.6 1.92 38.7301 
-3.52 -2 40.1494 
-3.52 -1.92 40.1494 
-3.52 -1.84 40.1494 
-3.52 -1.76 40.1494 
-3.52 -1.68 40.1493 
-3.52 -1.6 40.1493 
-3.52 -1.52 40.1493 
-3.52 -1.44 40.1492 
-3.52 -1.36 40.1492 
-3.52 -1.28 40.1491 
-3.52 -1.2 40.1489 
-3.52 -1.12 40.1487 
-3.52 -1.04 40.1484 
-3.52 -0.96 40.1479 
-3.52 -0.88 40.1473 
-3.52 -0.8 40.1463 
-3.52 -0.72 40.1449 
-3.52 -0.64 40.143 
-3.52 -0.56 40.1401 
-3.52 -0.48 40.136 
-3.52 -0.4 40.1301 
-3.52 -0.32 40.1216 
-3.52 -0.24 40.1093 
-3.52 -0.16 40.0918 
-3.52 -0.08 40.0669 
-3.52 6.93889e-16 40.0316 
-3.52 0.08 39.9821 
-3.52 0.16 39.9136 
-3.52 0.24 39.8206 
-3.52 0.32 39.6974 
-3.52 0.4 39.5404 
-3.52 0.48 39.3502 
-3.52 0.56 39.136 
-3.52 0.64 38.9174 
-3.52 0.72 38.7229 
-3.52 0.8 38.5794 
-3.52 0.88 38.497 
-3.52 0.96 38.4626 
-3.52 1.04 38.4524 
-3.52 1.12 38.45 
-3.52 1.2 38.4495 
-3.52 1.28 38.4494 
-3.52 1.36 38.4494 
-3.52 1.44 38.4494 
-3.52 1.52 38.4494 
-3.52 1.6 38.4494 
-3.52 1.68 38.4494 
-3.52 1.76 38.4494 
-3.52 1.84 38.4494 
-3.52 1.92 38.4494 
-3.44 -2 40.1494 
-3.44 -1.92 40.1494 
-3.44 -1.84 40.1494 
-3.44 -1.76 40.1493 
-3.44 -1.68 40.1493 
-3.44 -1.6 40.1493 
-3.44 -1.52 40.1493 
-3.44 -1.44 40.1492 
-3.44 -1.36 40.1491 
-3.44 -1.28 40.149 
-3.44 -1.2 40.1488 
-3.44 -1.12 40.1485 
-3.44 -1.04 40.1482 
-3.44 -0.96 40.1476 
-3.44 -0.88 40.1468 
-3.44 -0.8 40.1457 
-3.44 -0.72 40.144 
-3.44 -0.64 40.1417 
-3.44 -0.56 40.1382 
-3.44 -0.48 40.1333 
-3.44 -0.4 40.1262 
-3.44 -0.32 40.1159 
-3.44 -0.24 40.1012 
-3.44 -0.16 40.0802 
-3.44 -0.08 40.0503 
-3.44 6.93889e-16 40.0079 
-3.44 0.08 39.9485 
-3.44 0.16 39.8663 
-3.44 0.24 39.7547 
-3.44 0.32 39.6071 
-3.44 0.4 39.4191 
-3.44 0.48 39.1916 
-3.44 0.56 38.9355 
-3.44 0.64 38.6744 
-3.44 0.72 38.442 
-3.44 0.8 38.2705 
-3.44 0.88 38.1718 
-3.44 0.96 38.1306 
-3.44 1.04 38.1184 
-3.44 1.12 38.1155 
-3.44 1.2 38.1149 
-3.44 1.28 38.1148 
-3.44 1.36 38.1148 
-3.44 1.44 38.1148 
-3.44 1.52 38.1148 
-3.44 1.6 38.1148 
-3.44 1.68 38.1148 
-3.44 1.76 38.1148 
-3.44 1.84 38.1148 
-3.44 1.92 38.1148 
-3.36 -2 40.1494 
-3.36 -1.92 40.1494 
-3.36 -1.84 40.1494 
-3.36 -1.76 40.1493 
-3.36 -1.68 40.1493 
-3.36 -1.6 40.1493 
-3.36 -1.52 40.1492 
-3.36 -1.44 40.1492 
-3.36 -1.36 40.1491 
-3.36 -1.28 40.1489 
-3.36 -1.2 40.1487 
-3.36 -1.12 40.1484 
-3.36 -1.04 40.1479 
-3.36 -0.96 40.1473 
-3.36 -0.88 40.1463 
-3.36 -0.8 40.1449 
-3.36 -0.72 40.143 
-3.36 -0.64 40.1401 
-3.36 -0.56 40.136 
-3.36 -0.48 40.13 
-3.36 -0.4 40.1215 
-3.36 -0.32 40.1092 
-3.36 -0.24 40.0915 
-3.36 -0.16 40.0662 
-3.36 -0.08 40.0303 
-3.36 6.93889e-16 39.9794 
-3.36 0.08 39.9081 
-3.36 0.16 39.8094 
-3.36 0.24 39.6756 
-3.36 0.32 39.4989 
-3.36 0.4 39.274 
-3.36 0.48 39.0022 
-3.36 0.56 38.6965 
-3.36 0.64 38.3849 
-3.36 0.72 38.1077 
-3.36 0.8 37.9029 
-3.36 0.88 37.785 
-3.36 0.96 37.7356 
-3.36 1.04 37.7209 
-3.36 1.12 37.7175 
-3.36 1.2 37.7167 
-3.36 1.28 37.7166 
-3.36 1.36 37.7166 
-3.36 1.44 37.7166 
-3.36 1.52 37.7166 
-3.36 1.6 37.7166 
-3.36 1.68 37.7166 
-3.36 1.76 37.7166 
-3.36 1.84 37.7166 
-3.36 1.92 37.7166 
-3.28 -2 40.1494 
-3.28 -1.92 40.1494 
-3.28 -1.84 40.1493 
-3.28 -1.76 40.1493 
-3.28 -1.68 40.1493 
-3.28 -1.6 40.1493 
-3.28 -1.52 40.1492 
-3.28 -1.44 40.1491 
-3.28 -1.36 40.149 
-3.28 -1.28 40.1488 
-3.28 -1.2 40.1485 
-3.28 -1.12 40.1482 
-3.28 -1.04 40.1476 
-3.28 -0.96 40.1468 
-3.28 -0.88 40.1457 
-3.28 -0.8 40.144 
-3.28 -0.72 40.1417 
-3.28 -0.64 40.1382 
-3.28 -0.56 40.1333 
-3.28 -0.48 40.1261 
-3.28 -0.4 40.1159 
-3.28 -0.32 40.1011 
-3.28 -0.24 40.0798 
-3.28 -0.16 40.0495 
-3.28 -0.08 40.0063 
-3.28 6.93889e-16 39.9451 
-3.28 0.08 39.8596 
-3.28 0.16 39.7413 
-3.28 0.24 39.581 
-3.28 0.32 39.3695 
-3.28 0.4 39.1007 
-3.28 0.48 38.7763 
-3.28 0.56 38.4119 
-3.28 0.64 38.0407 
-3.28 0.72 37.7106 
-3.28 0.8 37.4665 
-3.28 0.88 37.3258 
-3.28 0.96 37.2666 
-3.28 1.04 37.249 
-3.28 1.12 37.2449 
-3.28 1.2 37.2439 
-3.28 1.28 37.2438 
-3.28 1.36 37.2437 
-3.28 1.44 37.2437 
-3.28 1.52 37.2437 
-3.28 1.6 37.2437 
-3.28 1.68 37.2437 
-3.28 1.76 37.2437 
-3.28 1.84 37.2437 
-3.28 1.92 37.2437 
-3.2 -2 40.1494 
-3.2 -1.92 40.1494 
-3.2 -1.84 40.1493 
-3.2 -1.76 40.1493 
-3.2 -1.68 40.1493 
-3.2 -1.6 40.1492 
-3.2 -1.52 40.1492 
-3.2 -1.44 40.1491 
-3.2 -1.36 40.1489 
-3.2 -1.28 40.1487 
-3.2 -1.2 40.1484 
-3.2 -1.12 40.1479 
-3.2 -1.04 40.1473 
-3.2 -0.96 40.1463 
-3.2 -0.88 40.1449 
-3.2 -0.8 40.143 
-3.2 -0.72 40.1401 
-3.2 -0.64 40.136 
-3.2 -0.56 40.13 
-3.2 -0.48 40.1214 
-3.2 -0.4 40.1091 
-3.2 -0.32 40.0913 
-3.2 -0.24 40.0658 
-3.2 -0.16 40.0293 
-3.2 -0.08 39.9774 
-3.2 6.93889e-16 39.9041 
-3.2 0.08 39.8014 
-3.2 0.16 39.6597 
-3.2 0.24 39.4678 
-3.2 0.32 39.2149 
-3.2 0.4 38.894 
-3.2 0.48 38.5073 
-3.2 0.56 38.0736 
-3.2 0.64 37.6324 
-3.2 0.72 37.24 
-3.2 0.8 36.9497 
-3.2 0.88 36.782 
-3.2 0.96 36.7114 
-3.2 1.04 36.6902 
-3.2 1.12 36.6852 
-3.2 1.2 36.6841 
-3.2 1.28 36.6839 
-3.2 1.36 36.6839 
-3.2 1.44 36.6839 
-3.2 1.52 36.6839 
-3.2 1.6 36.6839 
-3.2 1.68 36.6839 
-3.2 1.76 36.6839 
-3.2 1.84 36.6839 
-3.2 1.92 36.6839 
-3.12 -2 40.1494 
-3.12 -1.92 40.1493 
-3.12 -1.84 40.1493 
-3.12 -1.76 40.1493 
-3.12 -1.68 40.1493 
-3.12 -1.6 40.1492 
-3.12 -1.52 40.1491 
-3.12 -1.44 40.149 
-3.12 -1.36 40.1488 
-3.12 -1.28 40.1485 
-3.12 -1.2 40.1482 
-3.12 -1.12 40.1476 
-3.12 -1.04 40.1468 
-3.12 -0.96 40.1457 
-3.12 -0.88 40.144 
-3.12 -0.8 40.1417 
-3.12 -0.72 40.1382 
-3.12 -0.64 40.1333 
-3.12 -0.56 40.1261 
-3.12 -0.48 40.1158 
-3.12 -0.4 40.1009 
-3.12 -0.32 40.0796 
-3.12 -0.24 40.0489 
-3.12 -0.16 40.0051 
-3.12 -0.08 39.9428 
-3.12 6.93889e-16 39.8548 
-3.12 0.08 39.7317 
-3.12 0.16 39.5619 
-3.12 0.24 39.3323 
-3.12 0.32 39.0303 
-3.12 0.4 38.6477 
-3.12 0.48 38.1877 
-3.12 0.56 37.6725 
-3.12 0.64 37.1491 
-3.12 0.72 36.6839 
-3.12 0.8 36.3395 
-3.12 0.88 36.1403 
-3.12 0.96 36.0561 
-3.12 1.04 36.0308 
-3.12 1.12 36.0247 
-3.12 1.2 36.0233 
-3.12 1.28 36.0231 
-3.12 1.36 36.0231 
-3.12 1.44 36.0231 
-3.12 1.52 36.0231 
-3.12 1.6 36.0231 
-3.12 1.68 36.0231 
-3.12 1.76 36.0231 
-3.12 1.84 36.0231 
-3.12 1.92 36.0231 
-3.04 -2 40.1494 
-3.04 -1.92 40.1493 
-3.04 -1.84 40.1493 
-3.04 -1.76 40.1493 
-3.04 -1.68 40.1492 
-3.04 -1.6 40.1492 
-3.04 -1.52 40.1491 
-3.04 -1.44 40.1489 
-3.04 -1.36 40.1487 
-3.04 -1.28 40.1484 
-3.04 -1.2 40.1479 
-3.04 -1.12 40.1473 
-3.04 -1.04 40.1463 
-3.04 -0.96 40.1449 
-3.04 -0.88 40.143 
-3.04 -0.8 40.1401 
-3.04 -0.72 40.136 
-3.04 -0.64 40.13 
-3.04 -0.56 40.1214 
-3.04 -0.48 40.109 
-3.04 -0.4 40.0911 
-3.04 -0.32 40.0655 
-3.04 -0.24 40.0287 
-3.04 -0.16 39.9761 
-3.04 -0.08 39.9013 
-3.04 6.93889e-16 39.7957 
-3.04 0.08 39.6482 
-3.04 0.16 39.445 
-3.04 0.24 39.1706 
-3.04 0.32 38.8103 
-3.04 0.4 38.355 
-3.04 0.48 37.8087 
-3.04 0.56 37.1982 
-3.04 0.64 36.5791 
-3.04 0.72 36.0293 
-3.04 0.8 35.6221 
-3.04 0.88 35.3861 
-3.04 0.96 35.2861 
-3.04 1.04 35.2558 
-3.04 1.12 35.2485 
-3.04 1.2 35.2469 
-3.04 1.28 35.2466 
-3.04 1.36 35.2465 
-3.04 1.44 35.2465 
-3.04 1.52 35.2465 
-3.04 1.6 35.2465 
-3.04 1.68 35.2465 
-3.04 1.76 35.2465 
-3.04 1.84 35.2465 
-3.04 1.92 35.2465 
-2.96 -2 40.1493 
-2.96 -1.92 40.1493 
-2.96 -1.84 40.1493 
-2.96 -1.76 40.1493 
-2.96 -1.68 40.1492 
-2.96 -1.6 40.1491 
-2.96 -1.52 40.149 
-2.96 -1.44 40.1488 
-2.96 -1.36 40.1485 
-2.96 -1.28 40.1482 
-2.96 -1.2 40.1476 
-2.96 -1.12 40.1468 
-2.96 -1.04 40.1457 
-2.96 -0.96 40.144 
-2.96 -0.88 40.1417 
-2.96 -0.8 40.1382 
-2.96 -0.72 40.1333 
-2.96 -0.64 40.1261 
-2.96 -0.56 40.1157 
-2.96 -0.48 40.1008 
-2.96 -0.4 40.0794 
-2.96 -0.32 40.0485 
-2.96 -0.24 40.0043 
-2.96 -0.16 39.9412 
-2.96 -0.08 39.8514 
-2.96 6.93889e-16 39.7248 
-2.96 0.08 39.5482 
-2.96 0.16 39.3051 
-2.96 0.24 38.9776 
-2.96 0.32 38.5485 
-2.96 0.4 38.0076 
-2.96 0.48 37.3604 
-2.96 0.56 36.6391 
-2.96 0.64 35.9093 
-2.96 0.72 35.262 
-2.96 0.8 34.7827 
-2.96 0.88 34.5044 
-2.96 0.96 34.386 
-2.96 1.04 34.35 
-2.96 1.12 34.3412 
-2.96 1.2 34.3392 
-2.96 1.28 34.3388 
-2.96 1.36 34.3388 
-2.96 1.44 34.3388 
-2.96 1.52 34.3388 
-2.96 1.6 34.3388 
-2.96 1.68 34.3388 
-2.96 1.76 34.3388 
-2.96 1.84 34.3388 
-2.96 1.92 34.3388 
-2.88 -2 40.1493 
-2.88 -1.92 40.1493 
-2.88 -1.84 40.1493 
-2.88 -1.76 40.1492 
-2.88 -1.68 40.1492 
-2.88 -1.6 40.1491 
-2.88 -1.52 40.1489 
-2.88 -1.44 40.1487 
-2.88 -1.36 40.1484 
-2.88 -1.28 40.1479 
-2.88 -1.2 40.1473 
-2.88 -1.12 40.1463 
-2.88 -1.04 40.1449 
-2.88 -0.96 40.143 
-2.88 -0.88 40.1401 
-2.88 -0.8 40.136 
-2.88 -0.72 40.13 
-2.88 -0.64 40.1214 
-2.88 -0.56 40.1089 
-2.88 -0.48 40.091 
-2.88 -0.4 40.0652 
-2.88 -0.32 40.0282 
-2.88 -0.24 39.9751 
-2.88 -0.16 39.8993 
-2.88 -0.08 39.7917 
-2.88 6.93889e-16 39.64 
-2.88 0.08 39.4285 
-2.88 0.16 39.1382 
-2.88 0.24 38.7478 
-2.88 0.32 38.2376 
-2.88 0.4 37.5964 
-2.88 0.48 36.8318 
-2.88 0.56 35.9826 
-2.88 0.64 35.1259 
-2.88 0.72 34.3678 
-2.88 0.8 33.8068 
-2.88 0.88 33.4806 
-2.88 0.96 33.3411 
-2.88 1.04 33.2984 
-2.88 1.12 33.2879 
-2.88 1.2 33.2855 
-2.88 1.28 33.285 
-2.88 1.36 33.285 
-2.88 1.44 33.285 
-2.88 1.52 33.285 
-2.88 1.6 33.285 
-2.88 1.68 33.285 
-2.88 1.76 33.285 
-2.88 1.84 33.285 
-2.88 1.92 33.285 
-2.8 -2 40.1493 
-2.8 -1.92 40.1493 
-2.8 -1.84 40.1493 
-2.8 -1.76 40.1492 
-2.8 -1.68 40.1491 
-2.8 -1.6 40.149 
-2.8 -1.52 40.1488 
-2.8 -1.44 40.1485 
-2.8 -1.36 40.1482 
-2.8 -1.28 40.1476 
-2.8 -1.2 40.1468 
-2.8 -1.12 40.1457 
-2.8 -1.04 40.144 
-2.8 -0.96 40.1417 
-2.8 -0.88 40.1382 
-2.8 -0.8 40.1332 
-2.8 -0.72 40.1261 
-2.8 -0.64 40.1157 
-2.8 -0.56 40.1008 
-2.8 -0.48 40.0792 
-2.8 -0.4 40.0483 
-2.8 -0.32 40.0038 
-2.8 -0.24 39.94 
-2.8 -0.16 39.8491 
-2.8 -0.08 39.72 
-2.8 6.93889e-16 39.5384 
-2.8 0.08 39.2856 
-2.8 0.16 38.9391 
-2.8 0.24 38.4745 
-2.8 0.32 37.8692 
-2.8 0.4 37.1112 
-2.8 0.48 36.2109 
-2.8 0.56 35.2153 
-2.8 0.64 34.2151 
-2.8 0.72 33.333 
-2.8 0.8 32.6813 
-2.8 0.88 32.3019 
-2.8 0.96 32.1389 
-2.8 1.04 32.0885 
-2.8 1.12 32.0759 
-2.8 1.2 32.0731 
-2.8 1.28 32.0726 
-2.8 1.36 32.0725 
-2.8 1.44 32.0725 
-2.8 1.52 32.0725 
-2.8 1.6 32.0725 
-2.8 1.68 32.0725 
-2.8 1.76 32.0725 
-2.8 1.84 32.0725 
-2.8 1.92 32.0725 
-2.72 -2 40.1493 
-2.72 -1.92 40.1493 
-2.72 -1.84 40.1492 
-2.72 -1.76 40.1492 
-2.72 -1.68 40.1491 
-2.72 -1.6 40.1489 
-2.72 -1.52 40.1487 
-2.72 -1.44 40.1484 
-2.72 -1.36 40.1479 
-2.72 -1.28 40.1473 
-2.72 -1.2 40.1463 
-2.72 -1.12 40.1449 
-2.72 -1.04 40.143 
-2.72 -0.96 40.1401 
-2.72 -0.88 40.136 
-2.72 -0.8 40.13 
-2.72 -0.72 40.1214 
-2.72 -0.64 40.1089 
-2.72 -0.56 40.091 
-2.72 -0.48 40.0651 
-2.72 -0.4 40.0279 
-2.72 -0.32 39.9744 
-2.72 -0.24 39.8979 
-2.72 -0.16 39.7888 
-2.72 -0.08 39.6342 
-2.72 6.93889e-16 39.4169 
-2.72 0.08 39.1149 
-2.72 0.16 38.7021 
-2.72 0.24 38.1501 
-2.72 0.32 37.4337 
-2.72 0.4 36.5404 
-2.72 0.48 35.4848 
-2.72 0.56 34.3238 
-2.72 0.64 33.1642 
-2.72 0.72 32.1467 
-2.72 0.8 31.3972 
-2.72 0.88 30.9604 
-2.72 0.96 30.7718 
-2.72 1.04 30.7128 
-2.72 1.12 30.6979 
-2.72 1.2 30.6945 
-2.72 1.28 30.6939 
-2.72 1.36 30.6938 
-2.72 1.44 30.6938 
-2.72 1.52 30.6938 
-2.72 1.6 30.6938 
-2.72 1.68 30.6938 
-2.72 1.76 30.6938 
-2.72 1.84 30.6938 
-2.72 1.92 30.6938 
-2.64 -2 40.1493 
-2.64 -1.92 40.1493 
-2.64 -1.84 40.1492 
-2.64 -1.76 40.1491 
-2.64 -1.68 40.149 
-2.64 -1.6 40.1488 
-2.64 -1.52 40.1485 
-2.64 -1.44 40.1482 
-2.64 -1.36 40.1476 
-2.64 -1.28 40.1468 
-2.64 -1.2 40.1457 
-2.64 -1.12 40.144 
-2.64 -1.04 40.1417 
-2.64 -0.96 40.1382 
-2.64 -0.88 40.1332 
-2.64 -0.8 40.1261 
-2.64 -0.72 40.1157 
-2.64 -0.64 40.1007 
-2.64 -0.56 40.0792 
-2.64 -0.48 40.0481 
-2.64 -0.4 40.0034 
-2.64 -0.32 39.9392 
-2.64 -0.24 39.8474 
-2.64 -0.16 39.7166 
-2.64 -0.08 39.5315 
-2.64 6.93889e-16 39.2716 
-2.64 0.08 38.9114 
-2.64 0.16 38.4204 
-2.64 0.24 37.7661 
-2.64 0.32 36.9206 
-2.64 0.4 35.8719 
-2.64 0.48 34.6403 
-2.64 0.56 33.2957 
-2.64 0.64 31.9635 
-2.64 0.72 30.8032 
-2.64 0.8 29.9524 
-2.64 0.88 29.4566 
-2.64 0.96 29.2412 
-2.64 1.04 29.1729 
-2.64 1.12 29.1554 
-2.64 1.2 29.1514 
-2.64 1.28 29.1507 
-2.64 1.36 29.1506 
-2.64 1.44 29.1506 
-2.64 1.52 29.1506 
-2.64 1.6 29.1506 
-2.64 1.68 29.1506 
-2.64 1.76 29.1506 
-2.64 1.84 29.1506 
-2.64 1.92 29.1506 
-2.56 -2 40.1493 
-2.56 -1.92 40.1492 
-2.56 -1.84 40.1492 
-2.56 -1.76 40.1491 
-2.56 -1.68 40.1489 
-2.56 -1.6 40.1487 
-2.56 -1.52 40.1484 
-2.56 -1.44 40.1479 
-2.56 -1.36 40.1473 
-2.56 -1.28 40.1463 
-2.56 -1.2 40.1449 
-2.56 -1.12 40.143 
-2.56 -1.04 40.1401 
-2.56 -0.96 40.136 
-2.56 -0.88 40.13 
-2.56 -0.8 40.1213 
-2.56 -0.72 40.1089 
-2.56 -0.64 40.0909 
-2.56 -0.56 40.065 
-2.56 -0.48 40.0276 
-2.56 -0.4 39.974 
-2.56 -0.32 39.897 
-2.56 -0.24 39.7868 
-2.56 -0.16 39.6302 
-2.56 -0.08 39.4086 
-2.56 6.93889e-16 39.0983 
-2.56 0.08 38.6693 
-2.56 0.16 38.0863 
-2.56 0.24 37.3127 
-2.56 0.32 36.3183 
-2.56 0.4 35.0927 
-2.56 0.48 33.665 
-2.56 0.56 32.1214 
-2.56 0.64 30.6091 
-2.56 0.72 29.3059 
-2.56 0.8 28.3571 
-2.56 0.88 27.8046 
-2.56 0.96 27.5628 
-2.56 1.04 27.485 
-2.56 1.12 27.4647 
-2.56 1.2 27.4599 
-2.56 1.28 27.4591 
-2.56 1.36 27.459 
-2.56 1.44 27.459 
-2.56 1.52 27.459 
-2.56 1.6 27.459 
-2.56 1.68 27.459 
-2.56 1.76 27.459 
-2.56 1.84 27.459 
-2.56 1.92 27.459 
-2.48 -2 40.1493 
-2.48 -1.92 40.1492 
-2.48 -1.84 40.1491 
-2.48 -1.76 40.149 
-2.48 -1.68 40.1488 
-2.48 -1.6 40.1485 
-2.48 -1.52 40.1482 
-2.48 -1.44 40.1476 
-2.48 -1.36 40.1468 
-2.48 -1.28 40.1457 
-2.48 -1.2 40.144 
-2.48 -1.12 40.1417 
-2.48 -1.04 40.1382 
-2.48 -0.96 40.1332 
-2.48 -0.88 40.1261 
-2.48 -0.8 40.1157 
-2.48 -0.72 40.1007 
-2.48 -0.64 40.0791 
-2.48 -0.56 40.048 
-2.48 -0.48 40.0031 
-2.48 -0.4 39.9387 
-2.48 -0.32 39.8463 
-2.48 -0.24 39.7143 
-2.48 -0.16 39.5266 
-2.48 -0.08 39.2618 
-2.48 6.93889e-16 38.8918 
-2.48 0.08 38.3816 
-2.48 0.16 37.691 
-2.48 0.24 36.7792 
-2.48 0.32 35.6144 
-2.48 0.4 34.1903 
-2.48 0.48 32.5484 
-2.48 0.56 30.797 
-2.48 0.64 29.1073 
-2.48 0.72 27.6731 
-2.48 0.8 26.6393 
-2.48 0.88 26.0383 
-2.48 0.96 25.773 
-2.48 1.04 25.686 
-2.48 1.12 25.6627 
-2.48 1.2 25.6571 
-2.48 1.28 25.6562 
-2.48 1.36 25.6561 
-2.48 1.44 25.6561 
-2.48 1.52 25.6561 
-2.48 1.6 25.6561 
-2.48 1.68 25.6561 
-2.48 1.76 25.6561 
-2.48 1.84 25.6561 
-2.48 1.92 25.6561 
-2.4 -2 40.1492 
-2.4 -1.92 40.1492 
-2.4 -1.84 40.1491 
-2.4 -1.76 40.1489 
-2.4 -1.68 40.1487 
-2.4 -1.6 40.1484 
-2.4 -1.52 40.1479 
-2.4 -1.44 40.1473 
-2.4 -1.36 40.1463 
-2.4 -1.28 40.1449 
-2.4 -1.2 40.143 
-2.4 -1.12 40.1401 
-2.4 -1.04 40.136 
-2.4 -0.96 40.13 
-2.4 -0.88 40.1213 
-2.4 -0.8 40.1089 
-2.4 -0.72 40.0909 
-2.4 -0.64 40.0649 
-2.4 -0.56 40.0275 
-2.4 -0.48 39.9736 
-2.4 -0.4 39.8963 
-2.4 -0.32 39.7855 
-2.4 -0.24 39.6273 
-2.4 -0.16 39.4028 
-2.4 -0.08 39.0867 
-2.4 6.93889e-16 38.646 
-2.4 0.08 38.0405 
-2.4 0.16 37.2248 
-2.4 0.24 36.1539 
-2.4 0.32 34.7962 
-2.4 0.4 33.1532 
-2.4 0.48 31.285 
-2.4 0.56 29.328 
-2.4 0.64 27.4799 
-2.4 0.72 25.9432 
-2.4 0.8 24.851 
-2.4 0.88 24.2173 
-2.4 0.96 23.9343 
-2.4 1.04 23.8392 
-2.4 1.12 23.813 
-2.4 1.2 23.8066 
-2.4 1.28 23.8055 
-2.4 1.36 23.8054 
-2.4 1.44 23.8054 
-2.4 1.52 23.8054 
-2.4 1.6 23.8054 
-2.4 1.68 23.8054 
-2.4 1.76 23.8054 
-2.4 1.84 23.8054 
-2.4 1.92 23.8054 
-2.32 -2 40.1492 
-2.32 -1.92 40.1491 
-2.32 -1.84 40.149 
-2.32 -1.76 40.1488 
-2.32 -1.68 40.1485 
-2.32 -1.6 40.1482 
-2.32 -1.52 40.1476 
-2.32 -1.44 40.1468 
-2.32 -1.36 40.1457 
-2.32 -1.28 40.144 
-2.32 -1.2 40.1417 
-2.32 -1.12 40.1382 
-2.32 -1.04 40.1332 
-2.32 -0.96 40.1261 
-2.32 -0.88 40.1157 
-2.32 -0.8 40.1007 
-2.32 -0.72 40.0791 
-2.32 -0.64 40.0479 
-2.32 -0.56 40.0029 
-2.32 -0.48 39.9383 
-2.32 -0.4 39.8455 
-2.32 -0.32 39.7126 
-2.32 -0.24 39.5233 
-2.32 -0.16 39.255 
-2.32 -0.08 38.8779 
-2.32 6.93889e-16 38.354 
-2.32 0.08 37.6372 
-2.32 0.16 36.6766 
-2.32 0.24 35.4244 
-2.32 0.32 33.8517 
-2.32 0.4 31.9733 
-2.32 0.48 29.877 
-2.32 0.56 27.7347 
-2.32 0.64 25.7698 
-2.32 0.72 24.1807 
-2.32 0.8 23.0718 
-2.32 0.88 22.4298 
-2.32 0.96 22.1384 
-2.32 1.04 22.0373 
-2.32 1.12 22.0084 
-2.32 1.2 22.0013 
-2.32 1.28 22.0001 
-2.32 1.36 21.9999 
-2.32 1.44 21.9999 
-2.32 1.52 21.9999 
-2.32 1.6 21.9999 
-2.32 1.68 21.9999 
-2.32 1.76 21.9999 
-2.32 1.84 21.9999 
-2.32 1.92 21.9999 
-2.24 -2 40.1492 
-2.24 -1.92 40.1491 
-2.24 -1.84 40.1489 
-2.24 -1.76 40.1487 
-2.24 -1.68 40.1484 
-2.24 -1.6 40.1479 
-2.24 -1.52 40.1473 
-2.24 -1.44 40.1463 
-2.24 -1.36 40.1449 
-2.24 -1.28 40.143 
-2.24 -1.2 40.1401 
-2.24 -1.12 40.136 
-2.24 -1.04 40.13 
-2.24 -0.96 40.1213 
-2.24 -0.88 40.1089 
-2.24 -0.8 40.0908 
-2.24 -0.72 40.0649 
-2.24 -0.64 40.0274 
-2.24 -0.56 39.9734 
-2.24 -0.48 39.8958 
-2.24 -0.4 39.7845 
-2.24 -0.32 39.6254 
-2.24 -0.24 39.3988 
-2.24 -0.16 39.0785 
-2.24 -0.08 38.6295 
-2.24 6.93889e-16 38.008 
-2.24 0.08 37.1618 
-2.24 0.16 36.0349 
-2.24 0.24 34.5783 
-2.24 0.32 32.7705 
-2.24 0.4 30.6489 
-2.24 0.48 28.3398 
-2.24 0.56 26.0581 
-2.24 0.64 24.046 
-2.24 0.72 22.478 
-2.24 0.8 21.409 
-2.24 0.88 20.7903 
-2.24 0.96 20.5027 
-2.24 1.04 20.3985 
-2.24 1.12 20.3674 
-2.24 1.2 20.3596 
-2.24 1.28 20.3583 
-2.24 1.36 20.3581 
-2.24 1.44 20.3581 
-2.24 1.52 20.3581 
-2.24 1.6 20.3581 
-2.24 1.68 20.3581 
-2.24 1.76 20.3581 
-2.24 1.84 20.3581 
-2.24 1.92 20.3581 
-2.16 -2 40.1491 
-2.16 -1.92 40.149 
-2.16 -1.84 40.1488 
-2.16 -1.76 40.1485 
-2.16 -1.68 40.1482 
-2.16 -1.6 40.1476 
-2.16 -1.52 40.1468 
-2.16 -1.44 40.1457 
-2.16 -1.36 40.144 
-2.16 -1.28 40.1417 
-2.16 -1.2 40.1382 
-2.16 -1.12 40.1332 
-2.16 -1.04 40.126 
-2.16 -0.96 40.1157 
-2.16 -0.88 40.1007 
-2.16 -0.8 40.079 
-2.16 -0.72 40.0478 
-2.16 -0.64 40.0028 
-2.16 -0.56 39.938 
-2.16 -0.48 39.8449 
-2.16 -0.4 39.7115 
-2.16 -0.32 39.5209 
-2.16 -0.24 39.2502 
-2.16 -0.16 38.8682 
-2.16 -0.08 38.3346 
-2.16 6.93889e-16 37.5991 
-2.16 0.08 36.6033 
-2.16 0.16 35.2871 
-2.16 0.24 33.6038 
-2.16 0.32 31.5468 
-2.16 0.4 29.1881 
-2.16 0.48 26.707 
-2.16 0.56 24.3643 
-2.16 0.64 22.4048 
-2.16 0.72 20.9511 
-2.16 0.8 19.9883 
-2.16 0.88 19.4285 
-2.16 0.96 19.1582 
-2.16 1.04 19.0544 
-2.16 1.12 19.0218 
-2.16 1.2 19.0134 
-2.16 1.28 19.0119 
-2.16 1.36 19.0118 
-2.16 1.44 19.0118 
-2.16 1.52 19.0118 
-2.16 1.6 19.0118 
-2.16 1.68 19.0118 
-2.16 1.76 19.0118 
-2.16 1.84 19.0118 
-2.16 1.92 19.0118 
-2.08 -2 40.1491 
-2.08 -1.92 40.1489 
-2.08 -1.84 40.1487 
-2.08 -1.76 40.1484 
-2.08 -1.68 40.1479 
-2.08 -1.6 40.1473 
-2.08 -1.52 40.1463 
-2.08 -1.44 40.1449 
-2.08 -1.36 40.143 
-2.08 -1.28 40.1401 
-2.08 -1.2 40.136 
-2.08 -1.12 40.13 
-2.08 -1.04 40.1213 
-2.08 -0.96 40.1089 
-2.08 -0.88 40.0908 
-2.08 -0.8 40.0648 
-2.08 -0.72 40.0273 
-2.08 -0.64 39.9733 
-2.08 -0.56 39.8955 
-2.08 -0.48 39.7839 
-2.08 -0.4 39.624 
-2.08 -0.32 39.396 
-2.08 -0.24 39.0728 
-2.08 -0.16 38.618 
-2.08 -0.08 37.9852 
-2.08 6.93889e-16 37.1172 
-2.08 0.08 35.9498 
-2.08 0.16 34.4211 
-2.08 0.24 32.4917 
-2.08 0.32 30.1818 
-2.08 0.4 27.6149 
-2.08 0.48 25.036 
-2.08 0.56 22.7463 
-2.08 0.64 20.9642 
-2.08 0.72 19.7275 
-2.08 0.8 18.9367 
-2.08 0.88 18.4689 
-2.08 0.96 18.2286 
-2.08 1.04 18.1286 
-2.08 1.12 18.0951 
-2.08 1.2 18.0863 
-2.08 1.28 18.0848 
-2.08 1.36 18.0846 
-2.08 1.44 18.0846 
-2.08 1.52 18.0846 
-2.08 1.6 18.0846 
-2.08 1.68 18.0846 
-2.08 1.76 18.0846 
-2.08 1.84 18.0846 
-2.08 1.92 18.0846 
-2 -2 40.149 
-2 -1.92 40.1488 
-2 -1.84 40.1485 
-2 -1.76 40.1482 
-2 -1.68 40.1476 
-2 -1.6 40.1468 
-2 -1.52 40.1457 
-2 -1.44 40.144 
-2 -1.36 40.1417 
-2 -1.28 40.1382 
-2 -1.2 40.1332 
-2 -1.12 40.126 
-2 -1.04 40.1157 
-2 -0.96 40.1007 
-2 -0.88 40.079 
-2 -0.8 40.0478 
-2 -0.72 40.0027 
-2 -0.64 39.9378 
-2 -0.56 39.8445 
-2 -0.48 39.7107 
-2 -0.4 39.5193 
-2 -0.32 39.2468 
-2 -0.24 38.8614 
-2 -0.16 38.321 
-2 -0.08 37.5722 
-2 6.93889e-16 36.5513 
-2 0.08 35.1892 
-2 0.16 33.4255 
-2 0.24 31.2379 
-2 0.32 28.6889 
-2 0.4 25.9739 
-2 0.48 23.4108 
-2 0.56 21.3192 
-2 0.64 19.8494 
-2 0.72 18.9244 
-2 0.8 18.3578 
-2 0.88 18.006 
-2 0.96 17.8046 
-2 1.04 17.711 
-2 1.12 17.6773 
-2 1.2 17.6682 
-2 1.28 17.6666 
-2 1.36 17.6664 
-2 1.44 17.6664 
-2 1.52 17.6664 
-2 1.6 17.6664 
-2 1.68 17.6664 
-2 1.76 17.6664 
-2 1.84 17.6664 
-2 1.92 17.6664 
-1.92 -2 40.1489 
-1.92 -1.92 40.1487 
-1.92 -1.84 40.1484 
-1.92 -1.76 40.1479 
-1.92 -1.68 40.1473 
-1.92 -1.6 40.1463 
-1.92 -1.52 40.1449 
-1.92 -1.44 40.143 
-1.92 -1.36 40.1401 
-1.92 -1.28 40.136 
-1.92 -1.2 40.13 
-1.92 -1.12 40.1213 
-1.92 -1.04 40.1088 
-1.92 -0.96 40.0908 
-1.92 -0.88 40.0648 
-1.92 -0.8 40.0273 
-1.92 -0.72 39.9732 
-1.92 -0.64 39.8953 
-1.92 -0.56 39.7834 
-1.92 -0.48 39.623 
-1.92 -0.4 39.3941 
-1.92 -0.32 39.0688 
-1.92 -0.24 38.61 
-1.92 -0.16 37.9691 
-1.92 -0.08 37.0858 
-1.92 6.93889e-16 35.8897 
-1.92 0.08 34.3092 
-1.92 0.16 32.2921 
-1.92 0.24 29.8462 
-1.92 0.32 27.0988 
-1.92 0.4 24.3353 
-1.92 0.48 21.9393 
-1.92 0.56 20.2069 
-1.92 0.64 19.1712 
-1.92 0.72 18.6237 
-1.92 0.8 18.3073 
-1.92 0.88 18.0797 
-1.92 0.96 17.9202 
-1.92 1.04 17.8344 
-1.92 1.12 17.8009 
-1.92 1.2 17.7916 
-1.92 1.28 17.79 
-1.92 1.36 17.7898 
-1.92 1.44 17.7898 
-1.92 1.52 17.7898 
-1.92 1.6 17.7898 
-1.92 1.68 17.7898 
-1.92 1.76 17.7898 
-1.92 1.84 17.7898 
-1.92 1.92 17.7898 
-1.84 -2 40.1488 
-1.84 -1.92 40.1485 
-1.84 -1.84 40.1482 
-1.84 -1.76 40.1476 
-1.84 -1.68 40.1468 
-1.84 -1.6 40.1457 
-1.84 -1.52 40.144 
-1.84 -1.44 40.1417 
-1.84 -1.36 40.1382 
-1.84 -1.28 40.1332 
-1.84 -1.2 40.126 
-1.84 -1.12 40.1157 
-1.84 -1.04 40.1007 
-1.84 -0.96 40.079 
-1.84 -0.88 40.0477 
-1.84 -0.8 40.0026 
-1.84 -0.72 39.9377 
-1.84 -0.64 39.8443 
-1.84 -0.56 39.7101 
-1.84 -0.48 39.5181 
-1.84 -0.4 39.2445 
-1.84 -0.32 38.8567 
-1.84 -0.24 38.3115 
-1.84 -0.16 37.5534 
-1.84 -0.08 36.5148 
-1.84 6.93889e-16 35.12 
-1.84 0.08 33.2989 
-1.84 0.16 31.0176 
-1.84 0.24 28.3341 
-1.84 0.32 25.4648 
-1.84 0.4 22.7948 
-1.84 0.48 20.7431 
-1.84 0.56 19.5202 
-1.84 0.64 19.0002 
-1.84 0.72 18.8501 
-1.84 0.8 18.7758 
-1.84 0.88 18.663 
-1.84 0.96 18.542 
-1.84 1.04 18.4635 
-1.84 1.12 18.4305 
-1.84 1.2 18.4211 
-1.84 1.28 18.4194 
-1.84 1.36 18.4193 
-1.84 1.44 18.4193 
-1.84 1.52 18.4193 
-1.84 1.6 18.4193 
-1.84 1.68 18.4193 
-1.84 1.76 18.4193 
-1.84 1.84 18.4193 
-1.84 1.92 18.4193 
-1.76 -2 40.1487 
-1.76 -1.92 40.1484 
-1.76 -1.84 40.1479 
-1.76 -1.76 40.1473 
-1.76 -1.68 40.1463 
-1.76 -1.6 40.1449 
-1.76 -1.52 40.143 
-1.76 -1.44 40.1401 
-1.76 -1.36 40.136 
-1.76 -1.28 40.13 
-1.76 -1.2 40.1213 
-1.76 -1.12 40.1088 
-1.76 -1.04 40.0908 
-1.76 -0.96 40.0648 
-1.76 -0.88 40.0272 
-1.76 -0.8 39.9731 
-1.76 -0.72 39.8951 
-1.76 -0.64 39.7831 
-1.76 -0.56 39.6224 
-1.76 -0.48 39.3927 
-1.76 -0.4 39.066 
-1.76 -0.32 38.6044 
-1.76 -0.24 37.958 
-1.76 -0.16 37.0638 
-1.76 -0.08 35.8474 
-1.76 6.93889e-16 34.2303 
-1.76 0.08 32.1506 
-1.76 0.16 29.6085 
-1.76 0.24 26.7373 
-1.76 0.32 23.8657 
-1.76 0.4 21.4682 
-1.76 0.48 19.9385 
-1.76 0.56 19.3328 
-1.76 0.64 19.3475 
-1.76 0.72 19.5612 
-1.76 0.8 19.6886 
-1.76 0.88 19.666 
-1.76 0.96 19.5745 
-1.76 1.04 19.5019 
-1.76 1.12 19.4693 
-1.76 1.2 19.4599 
-1.76 1.28 19.4582 
-1.76 1.36 19.458 
-1.76 1.44 19.458 
-1.76 1.52 19.458 
-1.76 1.6 19.458 
-1.76 1.68 19.458 
-1.76 1.76 19.458 
-1.76 1.84 19.458 
-1.76 1.92 19.458 
-1.68 -2 40.1485 
-1.68 -1.92 40.1482 
-1.68 -1.84 40.1476 
-1.68 -1.76 40.1468 
-1.68 -1.68 40.1457 
-1.68 -1.6 40.144 
-1.68 -1.52 40.1417 
-1.68 -1.44 40.1382 
-1.68 -1.36 40.1332 
-1.68 -1.28 40.126 
-1.68 -1.2 40.1157 
-1.68 -1.12 40.1006 
-1.68 -1.04 40.079 
-1.68 -0.96 40.0477 
-1.68 -0.88 40.0026 
-1.68 -0.8 39.9376 
-1.68 -0.72 39.8441 
-1.68 -0.64 39.7097 
-1.68 -0.56 39.5174 
-1.68 -0.48 39.2429 
-1.68 -0.4 38.8534 
-1.68 -0.32 38.3049 
-1.68 -0.24 37.5403 
-1.68 -0.16 36.4893 
-1.68 -0.08 35.0715 
-1.68 6.93889e-16 33.2098 
-1.68 0.08 30.8622 
-1.68 0.16 28.0848 
-1.68 0.24 25.1153 
-1.68 0.32 22.4052 
-1.68 0.4 20.4758 
-1.68 0.48 19.6121 
-1.68 0.56 19.66 
-1.68 0.64 20.1581 
-1.68 0.72 20.6565 
-1.68 0.8 20.9234 
-1.68 0.88 20.9579 
-1.68 0.96 20.8844 
-1.68 1.04 20.8153 
-1.68 1.12 20.783 
-1.68 1.2 20.7736 
-1.68 1.28 20.7719 
-1.68 1.36 20.7717 
-1.68 1.44 20.7717 
-1.68 1.52 20.7717 
-1.68 1.6 20.7717 
-1.68 1.68 20.7717 
-1.68 1.76 20.7717 
-1.68 1.84 20.7717 
-1.68 1.92 20.7717 
-1.6 -2 40.1484 
-1.6 -1.92 40.1479 
-1.6 -1.84 40.1473 
-1.6 -1.76 40.1463 
-1.6 -1.68 40.1449 
-1.6 -1.6 40.143 
-1.6 -1.52 40.1401 
-1.6 -1.44 40.136 
-1.6 -1.36 40.13 
-1.6 -1.28 40.1213 
-1.6 -1.2 40.1088 
-1.6 -1.12 40.0908 
-1.6 -1.04 40.0648 
-1.6 -0.96 40.0272 
-1.6 -0.88 39.973 
-1.6 -0.8 39.895 
-1.6 -0.72 39.7829 
-1.6 -0.64 39.6219 
-1.6 -0.56 39.3918 
-1.6 -0.48 39.0641 
-1.6 -0.4 38.6005 
-1.6 -0.32 37.9502 
-1.6 -0.24 37.0485 
-1.6 -0.16 35.8179 
-1.6 -0.08 34.1749 
-1.6 6.93889e-16 32.0512 
-1.6 0.08 29.4415 
-1.6 0.16 26.4862 
-1.6 0.24 23.5533 
-1.6 0.32 21.2018 
-1.6 0.4 19.9214 
-1.6 0.48 19.7983 
-1.6 0.56 20.4515 
-1.6 0.64 21.3227 
-1.6 0.72 22.0017 
-1.6 0.8 22.34 
-1.6 0.88 22.3982 
-1.6 0.96 22.3313 
-1.6 1.04 22.2634 
-1.6 1.12 22.2313 
-1.6 1.2 22.2219 
-1.6 1.28 22.2202 
-1.6 1.36 22.22 
-1.6 1.44 22.22 
-1.6 1.52 22.22 
-1.6 1.6 22.22 
-1.6 1.68 22.22 
-1.6 1.76 22.22 
-1.6 1.84 22.22 
-1.6 1.92 22.22 
-1.52 -2 40.1482 
-1.52 -1.92 40.1476 
-1.52 -1.84 40.1468 
-1.52 -1.76 40.1457 
-1.52 -1.68 40.144 
-1.52 -1.6 40.1417 
-1.52 -1.52 40.1382 
-1.52 -1.44 40.1332 
-1.52 -1.36 40.126 
-1.52 -1.28 40.1157 
-1.52 -1.2 40.1006 
-1.52 -1.12 40.079 
-1.52 -1.04 40.0477 
-1.52 -0.96 40.0026 
-1.52 -0.88 39.9375 
-1.52 -0.8 39.8439 
-1.52 -0.72 39.7095 
-1.52 -0.64 39.5168 
-1.52 -0.56 39.2418 
-1.52 -0.48 38.8511 
-1.52 -0.4 38.3003 
-1.52 -0.32 37.5312 
-1.52 -0.24 36.4715 
-1.52 -0.16 35.0375 
-1.52 -0.08 33.1473 
-1.52 6.93889e-16 30.7533 
-1.52 0.08 27.9107 
-1.52 0.16 24.8765 
-1.52 0.24 22.1593 
-1.52 0.32 20.3718 
-1.52 0.4 19.8669 
-1.52 0.48 20.4667 
-1.52 0.56 21.6019 
-1.52 0.64 22.7049 
-1.52 0.72 23.4596 
-1.52 0.8 23.8094 
-1.52 0.88 23.8644 
-1.52 0.96 23.795 
-1.52 1.04 23.7265 
-1.52 1.12 23.6943 
-1.52 1.2 23.6849 
-1.52 1.28 23.6832 
-1.52 1.36 23.683 
-1.52 1.44 23.683 
-1.52 1.52 23.683 
-1.52 1.6 23.683 
-1.52 1.68 23.683 
-1.52 1.76 23.683 
-1.52 1.84 23.683 
-1.52 1.92 23.683 
-1.44 -2 40.1479 
-1.44 -1.92 40.1473 
-1.44 -1.84 40.1463 
-1.44 -1.76 40.1449 
-1.44 -1.68 40.143 
-1.44 -1.6 40.1401 
-1.44 -1.52 40.136 
-1.44 -1.44 40.13 
-1.44 -1.36 40.1213 
-1.44 -1.28 40.1088 
-1.44 -1.2 40.0908 
-1.44 -1.12 40.0648 
-1.44 -1.04 40.0272 
-1.44 -0.96 39.973 
-1.44 -0.88 39.895 
-1.44 -0.8 39.7827 
-1.44 -0.72 39.6216 
-1.44 -0.64 39.3911 
-1.44 -0.56 39.0628 
-1.44 -0.48 38.5978 
-1.44 -0.4 37.9448 
-1.44 -0.32 37.0379 
-1.44 -0.24 35.7973 
-1.44 -0.16 34.1363 
-1.44 -0.08 31.9817 
-1.44 6.93889e-16 29.3248 
-1.44 0.08 26.3123 
-1.44 0.16 23.3451 
-1.44 0.24 21.0526 
-1.44 0.32 20.006 
-1.44 0.4 20.3144 
-1.44 0.48 21.5272 
-1.44 0.56 22.9764 
-1.44 0.64 24.1713 
-1.44 0.72 24.9161 
-1.44 0.8 25.2338 
-1.44 0.88 25.2669 
-1.44 0.96 25.1891 
-1.44 1.04 25.1189 
-1.44 1.12 25.0866 
-1.44 1.2 25.0772 
-1.44 1.28 25.0755 
-1.44 1.36 25.0753 
-1.44 1.44 25.0753 
-1.44 1.52 25.0753 
-1.44 1.6 25.0753 
-1.44 1.68 25.0753 
-1.44 1.76 25.0753 
-1.44 1.84 25.0753 
-1.44 1.92 25.0753 
-1.36 -2 40.1476 
-1.36 -1.92 40.1468 
-1.36 -1.84 40.1457 
-1.36 -1.76 40.144 
-1.36 -1.68 40.1417 
-1.36 -1.6 40.1382 
-1.36 -1.52 40.1332 
-1.36 -1.44 40.126 
-1.36 -1.36 40.1157 
-1.36 -1.28 40.1006 
-1.36 -1.2 40.079 
-1.36 -1.12 40.0477 
-1.36 -1.04 40.0026 
-1.36 -0.96 39.9375 
-1.36 -0.88 39.8439 
-1.36 -0.8 39.7093 
-1.36 -0.72 39.5164 
-1.36 -0.64 39.241 
-1.36 -0.56 38.8495 
-1.36 -0.48 38.2971 
-1.36 -0.4 37.5249 
-1.36 -0.32 36.4591 
-1.36 -0.24 35.0139 
-1.36 -0.16 33.1038 
-1.36 -0.08 30.6772 
-1.36 6.93889e-16 27.7896 
-1.36 0.08 24.7132 
-1.36 0.16 22.0028 
-1.36 0.24 20.3449 
-1.36 0.32 20.1458 
-1.36 0.4 21.202 
-1.36 0.48 22.8512 
-1.36 0.56 24.4414 
-1.36 0.64 25.6151 
-1.36 0.72 26.2911 
-1.36 0.8 26.5505 
-1.36 0.88 26.5517 
-1.36 0.96 26.4625 
-1.36 1.04 26.3899 
-1.36 1.12 26.3574 
-1.36 1.2 26.348 
-1.36 1.28 26.3463 
-1.36 1.36 26.3461 
-1.36 1.44 26.3461 
-1.36 1.52 26.3461 
-1.36 1.6 26.3461 
-1.36 1.68 26.3461 
-1.36 1.76 26.3461 
-1.36 1.84 26.3461 
-1.36 1.92 26.3461 
-1.28 -2 40.1473 
-1.28 -1.92 40.1463 
-1.28 -1.84 40.1449 
-1.28 -1.76 40.143 
-1.28 -1.68 40.1401 
-1.28 -1.6 40.136 
-1.28 -1.52 40.13 
-1.28 -1.44 40.1213 
-1.28 -1.36 40.1088 
-1.28 -1.28 40.0908 
-1.28 -1.2 40.0648 
-1.28 -1.12 40.0272 
-1.28 -1.04 39.973 
-1.28 -0.96 39.8949 
-1.28 -0.88 39.7826 
-1.28 -0.8 39.6214 
-1.28 -0.72 39.3907 
-1.28 -0.64 39.0619 
-1.28 -0.56 38.5959 
-1.28 -0.48 37.9411 
-1.28 -0.4 37.0305 
-1.28 -0.32 35.783 
-1.28 -0.24 34.1094 
-1.28 -0.16 31.9332 
-1.28 -0.08 29.2435 
-1.28 6.93889e-16 26.1921 
-1.28 0.08 23.2056 
-1.28 0.16 20.9687 
-1.28 0.24 20.1156 
-1.28 0.32 20.7697 
-1.28 0.4 22.4169 
-1.28 0.48 24.3026 
-1.28 0.56 25.8884 
-1.28 0.64 26.9642 
-1.28 0.72 27.5389 
-1.28 0.8 27.7283 
-1.28 0.88 27.6938 
-1.28 0.96 27.5921 
-1.28 1.04 27.517 
-1.28 1.12 27.4842 
-1.28 1.2 27.4748 
-1.28 1.28 27.4731 
-1.28 1.36 27.473 
-1.28 1.44 27.473 
-1.28 1.52 27.473 
-1.28 1.6 27.473 
-1.28 1.68 27.473 
-1.28 1.76 27.473 
-1.28 1.84 27.473 
-1.28 1.92 27.473 
-1.2 -2 40.1468 
-1.2 -1.92 40.1457 
-1.2 -1.84 40.144 
-1.2 -1.76 40.1417 
-1.2 -1.68 40.1382 
-1.2 -1.6 40.1332 
-1.2 -1.52 40.126 
-1.2 -1.44 40.1157 
-1.2 -1.36 40.1006 
-1.2 -1.28 40.079 
-1.2 -1.2 40.0477 
-1.2 -1.12 40.0025 
-1.2 -1.04 39.9375 
-1.2 -0.96 39.8438 
-1.2 -0.88 39.7092 
-1.2 -0.8 39.5162 
-1.2 -0.72 39.2404 
-1.2 -0.64 38.8485 
-1.2 -0.56 38.2949 
-1.2 -0.48 37.5205 
-1.2 -0.4 36.4505 
-1.2 -0.32 34.9975 
-1.2 -0.24 33.0734 
-1.2 -0.16 30.6242 
-1.2 -0.08 27.7055 
-1.2 6.93889e-16 24.6013 
-1.2 0.08 21.9019 
-1.2 0.16 20.3498 
-1.2 0.24 20.3908 
-1.2 0.32 21.795 
-1.2 0.4 23.8234 
-1.2 0.48 25.764 
-1.2 0.56 27.2435 
-1.2 0.64 28.1798 
-1.2 0.72 28.6407 
-1.2 0.8 28.7578 
-1.2 0.88 28.6878 
-1.2 0.96 28.574 
-1.2 1.04 28.4965 
-1.2 1.12 28.4635 
-1.2 1.2 28.4542 
-1.2 1.28 28.4525 
-1.2 1.36 28.4523 
-1.2 1.44 28.4523 
-1.2 1.52 28.4523 
-1.2 1.6 28.4523 
-1.2 1.68 28.4523 
-1.2 1.76 28.4523 
-1.2 1.84 28.4523 
-1.2 1.92 28.4523 
-1.12 -2 40.1463 
-1.12 -1.92 40.1449 
-1.12 -1.84 40.143 
-1.12 -1.76 40.1401 
-1.12 -1.68 40.136 
-1.12 -1.6 40.13 
-1.12 -1.52 40.1213 
-1.12 -1.44 40.1088 
-1.12 -1.36 40.0908 
-1.12 -1.28 40.0648 
-1.12 -1.2 40.0272 
-1.12 -1.12 39.973 
-1.12 -1.04 39.8949 
-1.12 -0.96 39.7825 
-1.12 -0.88 39.6212 
-1.12 -0.8 39.3904 
-1.12 -0.72 39.0612 
-1.12 -0.64 38.5947 
-1.12 -0.56 37.9385 
-1.12 -0.48 37.0253 
-1.12 -0.4 35.7731 
-1.12 -0.32 34.0907 
-1.12 -0.24 31.8995 
-1.12 -0.16 29.187 
-1.12 -0.08 26.109 
-1.12 6.93889e-16 23.1115 
-1.12 0.08 20.9205 
-1.12 0.16 20.2174 
-1.12 0.24 21.1323 
-1.12 0.32 23.0976 
-1.12 0.4 25.2926 
-1.12 0.48 27.1512 
-1.12 0.56 28.4662 
-1.12 0.64 29.2476 
-1.12 0.72 29.5952 
-1.12 0.8 29.6437 
-1.12 0.88 29.5408 
-1.12 0.96 29.4157 
-1.12 1.04 29.336 
-1.12 1.12 29.3029 
-1.12 1.2 29.2936 
-1.12 1.28 29.2919 
-1.12 1.36 29.2917 
-1.12 1.44 29.2917 
-1.12 1.52 29.2917 
-1.12 1.6 29.2917 
-1.12 1.68 29.2917 
-1.12 1.76 29.2917 
-1.12 1.84 29.2917 
-1.12 1.92 29.2917 
-1.04 -2 40.1457 
-1.04 -1.92 40.144 
-1.04 -1.84 40.1417 
-1.04 -1.76 40.1382 
-1.04 -1.68 40.1332 
-1.04 -1.6 40.126 
-1.04 -1.52 40.1157 
-1.04 -1.44 40.1006 
-1.04 -1.36 40.079 
-1.04 -1.28 40.0477 
-1.04 -1.2 40.0025 
-1.04 -1.12 39.9375 
-1.04 -1.04 39.8438 
-1.04 -0.96 39.7091 
-1.04 -0.88 39.516 
-1.04 -0.8 39.2401 
-1.04 -0.72 38.8477 
-1.04 -0.64 38.2934 
-1.04 -0.56 37.5175 
-1.04 -0.48 36.4445 
-1.04 -0.4 34.9861 
-1.04 -0.32 33.0524 
-1.04 -0.24 30.5875 
-1.04 -0.16 27.6472 
-1.04 -0.08 24.5246 
-1.04 6.93889e-16 21.8358 
-1.04 0.08 20.3653 
-1.04 0.16 20.586 
-1.04 0.24 22.2446 
-1.04 0.32 24.5414 
-1.04 0.4 26.7237 
-1.04 0.48 28.4146 
-1.04 0.56 29.5411 
-1.04 0.64 30.1692 
-1.04 0.72 30.4114 
-1.04 0.8 30.3978 
-1.04 0.88 30.2655 
-1.04 0.96 30.1305 
-1.04 1.04 30.0489 
-1.04 1.12 30.0156 
-1.04 1.2 30.0063 
-1.04 1.28 30.0046 
-1.04 1.36 30.0045 
-1.04 1.44 30.0044 
-1.04 1.52 30.0044 
-1.04 1.6 30.0044 
-1.04 1.68 30.0044 
-1.04 1.76 30.0044 
-1.04 1.84 30.0044 
-1.04 1.92 30.0044 
-0.96 -2 40.1449 
-0.96 -1.92 40.143 
-0.96 -1.84 40.1401 
-0.96 -1.76 40.136 
-0.96 -1.68 40.13 
-0.96 -1.6 40.1213 
-0.96 -1.52 40.1088 
-0.96 -1.44 40.0908 
-0.96 -1.36 40.0647 
-0.96 -1.28 40.0272 
-0.96 -1.2 39.9729 
-0.96 -1.12 39.8948 
-0.96 -1.04 39.7825 
-0.96 -0.96 39.6211 
-0.96 -0.88 39.3901 
-0.96 -0.8 39.0608 
-0.96 -0.72 38.5938 
-0.96 -0.64 37.9367 
-0.96 -0.56 37.0218 
-0.96 -0.48 35.7662 
-0.96 -0.4 34.0777 
-0.96 -0.32 31.8761 
-0.96 -0.24 29.1478 
-0.96 -0.16 26.0517 
-0.96 -0.08 23.0476 
-0.96 6.93889e-16 20.8923 
-0.96 0.08 20.3008 
-0.96 0.16 21.4061 
-0.96 0.24 23.5977 
-0.96 0.32 26.0064 
-0.96 0.4 28.0508 
-0.96 0.48 29.5325 
-0.96 0.56 30.4695 
-0.96 0.64 30.9553 
-0.96 0.72 31.1031 
-0.96 0.8 31.0349 
-0.96 0.88 30.877 
-0.96 0.96 30.7335 
-0.96 1.04 30.6502 
-0.96 1.12 30.6169 
-0.96 1.2 30.6076 
-0.96 1.28 30.6059 
-0.96 1.36 30.6057 
-0.96 1.44 30.6057 
-0.96 1.52 30.6057 
-0.96 1.6 30.6057 
-0.96 1.68 30.6057 
-0.96 1.76 30.6057 
-0.96 1.84 30.6057 
-0.96 1.92 30.6057 
-0.88 -2 40.144 
-0.88 -1.92 40.1417 
-0.88 -1.84 40.1382 
-0.88 -1.76 40.1332 
-0.88 -1.68 40.126 
-0.88 -1.6 40.1157 
-0.88 -1.52 40.1006 
-0.88 -1.44 40.079 
-0.88 -1.36 40.0477 
-0.88 -1.28 40.0025 
-0.88 -1.2 39.9374 
-0.88 -1.12 39.8437 
-0.88 -1.04 39.709 
-0.88 -0.96 39.5159 
-0.88 -0.88 39.2398 
-0.88 -0.8 38.8472 
-0.88 -0.72 38.2923 
-0.88 -0.64 37.5153 
-0.88 -0.56 36.4404 
-0.88 -0.48 34.9782 
-0.88 -0.4 33.0378 
-0.88 -0.32 30.5619 
-0.88 -0.24 27.6069 
-0.88 -0.16 24.4718 
-0.88 -0.08 21.792 
-0.88 6.93889e-16 20.3819 
-0.88 0.08 20.7335 
-0.88 0.16 22.5739 
-0.88 0.24 25.0577 
-0.88 0.32 27.4046 
-0.88 0.4 29.2398 
-0.88 0.48 30.5021 
-0.88 0.56 31.2614 
-0.88 0.64 31.6202 
-0.88 0.72 31.6857 
-0.88 0.8 31.5705 
-0.88 0.88 31.3907 
-0.88 0.96 31.2399 
-0.88 1.04 31.1552 
-0.88 1.12 31.1218 
-0.88 1.2 31.1125 
-0.88 1.28 31.1108 
-0.88 1.36 31.1107 
-0.88 1.44 31.1107 
-0.88 1.52 31.1107 
-0.88 1.6 31.1107 
-0.88 1.68 31.1107 
-0.88 1.76 31.1107 
-0.88 1.84 31.1107 
-0.88 1.92 31.1107 
-0.8 -2 40.143 
-0.8 -1.92 40.1401 
-0.8 -1.84 40.136 
-0.8 -1.76 40.13 
-0.8 -1.68 40.1213 
-0.8 -1.6 40.1088 
-0.8 -1.52 40.0908 
-0.8 -1.44 40.0647 
-0.8 -1.36 40.0272 
-0.8 -1.28 39.9729 
-0.8 -1.2 39.8948 
-0.8 -1.12 39.7824 
-0.8 -1.04 39.6211 
-0.8 -0.96 39.39 
-0.8 -0.88 39.0605 
-0.8 -0.8 38.5931 
-0.8 -0.72 37.9354 
-0.8 -0.64 37.0193 
-0.8 -0.56 35.7614 
-0.8 -0.48 34.0687 
-0.8 -0.4 31.8599 
-0.8 -0.32 29.1207 
-0.8 -0.24 26.012 
-0.8 -0.16 23.004 
-0.8 -0.08 20.8753 
-0.8 6.93889e-16 20.3648 
-0.8 0.08 21.6063 
-0.8 0.16 23.9567 
-0.8 0.24 26.512 
-0.8 0.32 28.6826 
-0.8 0.4 30.2799 
-0.8 0.48 31.3316 
-0.8 0.56 31.9314 
-0.8 0.64 32.1796 
-0.8 0.72 32.1745 
-0.8 0.8 32.0193 
-0.8 0.88 31.8209 
-0.8 0.96 31.6639 
-0.8 1.04 31.5781 
-0.8 1.12 31.5446 
-0.8 1.2 31.5353 
-0.8 1.28 31.5337 
-0.8 1.36 31.5335 
-0.8 1.44 31.5335 
-0.8 1.52 31.5335 
-0.8 1.6 31.5335 
-0.8 1.68 31.5335 
-0.8 1.76 31.5335 
-0.8 1.84 31.5335 
-0.8 1.92 31.5335 
-0.72 -2 40.1417 
-0.72 -1.92 40.1382 
-0.72 -1.84 40.1332 
-0.72 -1.76 40.126 
-0.72 -1.68 40.1157 
-0.72 -1.6 40.1006 
-0.72 -1.52 40.079 
-0.72 -1.44 40.0477 
-0.72 -1.36 40.0025 
-0.72 -1.28 39.9374 
-0.72 -1.2 39.8437 
-0.72 -1.12 39.709 
-0.72 -1.04 39.5158 
-0.72 -0.96 39.2396 
-0.72 -0.88 38.8468 
-0.72 -0.8 38.2916 
-0.72 -0.72 37.5139 
-0.72 -0.64 36.4375 
-0.72 -0.56 34.9727 
-0.72 -0.48 33.0277 
-0.72 -0.4 30.5443 
-0.72 -0.32 27.5789 
-0.72 -0.24 24.4355 
-0.72 -0.16 21.7627 
-0.72 -0.08 20.3964 
-0.72 6.93889e-16 20.8416 
-0.72 0.08 22.8101 
-0.72 0.16 25.4232 
-0.72 0.24 27.8822 
-0.72 0.32 29.8162 
-0.72 0.4 31.1749 
-0.72 0.48 32.0347 
-0.72 0.56 32.495 
-0.72 0.64 32.6484 
-0.72 0.72 32.5834 
-0.72 0.8 32.3944 
-0.72 0.88 32.1804 
-0.72 0.96 32.0182 
-0.72 1.04 31.9314 
-0.72 1.12 31.8979 
-0.72 1.2 31.8886 
-0.72 1.28 31.887 
-0.72 1.36 31.8868 
-0.72 1.44 31.8868 
-0.72 1.52 31.8868 
-0.72 1.6 31.8868 
-0.72 1.68 31.8868 
-0.72 1.76 31.8868 
-0.72 1.84 31.8868 
-0.72 1.92 31.8868 
-0.64 -2 40.1401 
-0.64 -1.92 40.136 
-0.64 -1.84 40.13 
-0.64 -1.76 40.1213 
-0.64 -1.68 40.1088 
-0.64 -1.6 40.0908 
-0.64 -1.52 40.0647 
-0.64 -1.44 40.0272 
-0.64 -1.36 39.9729 
-0.64 -1.28 39.8948 
-0.64 -1.2 39.7824 
-0.64 -1.12 39.621 
-0.64 -1.04 39.3899 
-0.64 -0.96 39.0603 
-0.64 -0.88 38.5927 
-0.64 -0.8 37.9346 
-0.64 -0.72 37.0176 
-0.64 -0.64 35.7581 
-0.64 -0.56 34.0625 
-0.64 -0.48 31.8487 
-0.64 -0.4 29.1018 
-0.64 -0.32 25.9846 
-0.64 -0.24 22.9742 
-0.64 -0.16 20.8647 
-0.64 -0.08 20.4121 
-0.64 6.93889e-16 21.7499 
-0.64 0.08 24.211 
-0.64 0.16 26.8668 
-0.64 0.24 29.1232 
-0.64 0.32 30.8008 
-0.64 0.4 31.9364 
-0.64 0.48 32.6269 
-0.64 0.56 32.9674 
-0.64 0.64 33.0404 
-0.64 0.72 32.9248 
-0.64 0.8 32.7075 
-0.64 0.88 32.4803 
-0.64 0.96 32.3138 
-0.64 1.04 32.2262 
-0.64 1.12 32.1926 
-0.64 1.2 32.1834 
-0.64 1.28 32.1817 
-0.64 1.36 32.1816 
-0.64 1.44 32.1816 
-0.64 1.52 32.1816 
-0.64 1.6 32.1816 
-0.64 1.68 32.1816 
-0.64 1.76 32.1816 
-0.64 1.84 32.1816 
-0.64 1.92 32.1816 
-0.56 -2 40.1382 
-0.56 -1.92 40.1332 
-0.56 -1.84 40.126 
-0.56 -1.76 40.1156 
-0.56 -1.68 40.1006 
-0.56 -1.6 40.079 
-0.56 -1.52 40.0477 
-0.56 -1.44 40.0025 
-0.56 -1.36 39.9374 
-0.56 -1.28 39.8437 
-0.56 -1.2 39.709 
-0.56 -1.12 39.5157 
-0.56 -1.04 39.2395 
-0.56 -0.96 38.8466 
-0.56 -0.88 38.2911 
-0.56 -0.8 37.5129 
-0.56 -0.72 36.4355 
-0.56 -0.64 34.9689 
-0.56 -0.56 33.0206 
-0.56 -0.48 30.532 
-0.56 -0.4 27.5596 
-0.56 -0.32 24.4104 
-0.56 -0.24 21.7428 
-0.56 -0.16 20.4078 
-0.56 -0.08 20.9193 
-0.56 6.93889e-16 22.9775 
-0.56 0.08 25.6799 
-0.56 0.16 28.2153 
-0.56 0.24 30.217 
-0.56 0.32 31.644 
-0.56 0.4 32.5794 
-0.56 0.48 33.1235 
-0.56 0.56 33.3622 
-0.56 0.64 33.3675 
-0.56 0.72 33.2096 
-0.56 0.8 32.9685 
-0.56 0.88 32.7303 
-0.56 0.96 32.5602 
-0.56 1.04 32.472 
-0.56 1.12 32.4384 
-0.56 1.2 32.4291 
-0.56 1.28 32.4275 
-0.56 1.36 32.4273 
-0.56 1.44 32.4273 
-0.56 1.52 32.4273 
-0.56 1.6 32.4273 
-0.56 1.68 32.4273 
-0.56 1.76 32.4273 
-0.56 1.84 32.4273 
-0.56 1.92 32.4273 
-0.48 -2 40.136 
-0.48 -1.92 40.13 
-0.48 -1.84 40.1213 
-0.48 -1.76 40.1088 
-0.48 -1.68 40.0908 
-0.48 -1.6 40.0647 
-0.48 -1.52 40.0271 
-0.48 -1.44 39.9729 
-0.48 -1.36 39.8948 
-0.48 -1.28 39.7824 
-0.48 -1.2 39.621 
-0.48 -1.12 39.3898 
-0.48 -1.04 39.0601 
-0.48 -0.96 38.5924 
-0.48 -0.88 37.934 
-0.48 -0.8 37.0164 
-0.48 -0.72 35.7558 
-0.48 -0.64 34.0581 
-0.48 -0.56 31.8409 
-0.48 -0.48 29.0888 
-0.48 -0.4 25.9656 
-0.48 -0.32 22.9537 
-0.48 -0.24 20.858 
-0.48 -0.16 20.4463 
-0.48 -0.08 21.8518 
-0.48 6.93889e-16 24.3897 
-0.48 0.08 27.1144 
-0.48 0.16 29.4295 
-0.48 0.24 31.1629 
-0.48 0.32 32.3591 
-0.48 0.4 33.1196 
-0.48 0.48 33.5389 
-0.48 0.56 33.6917 
-0.48 0.64 33.6401 
-0.48 0.72 33.4468 
-0.48 0.8 33.1859 
-0.48 0.88 32.9386 
-0.48 0.96 32.7655 
-0.48 1.04 32.6767 
-0.48 1.12 32.643 
-0.48 1.2 32.6338 
-0.48 1.28 32.6322 
-0.48 1.36 32.632 
-0.48 1.44 32.632 
-0.48 1.52 32.632 
-0.48 1.6 32.632 
-0.48 1.68 32.632 
-0.48 1.76 32.632 
-0.48 1.84 32.632 
-0.48 1.92 32.632 
-0.4 -2 40.1332 
-0.4 -1.92 40.126 
-0.4 -1.84 40.1156 
-0.4 -1.76 40.1006 
-0.4 -1.68 40.079 
-0.4 -1.6 40.0477 
-0.4 -1.52 40.0025 
-0.4 -1.44 39.9374 
-0.4 -1.36 39.8437 
-0.4 -1.28 39.7089 
-0.4 -1.2 39.5157 
-0.4 -1.12 39.2394 
-0.4 -1.04 38.8464 
-0.4 -0.96 38.2908 
-0.4 -0.88 37.5122 
-0.4 -0.8 36.4342 
-0.4 -0.72 34.9663 
-0.4 -0.64 33.0158 
-0.4 -0.56 30.5235 
-0.4 -0.48 27.5462 
-0.4 -0.4 24.3931 
-0.4 -0.32 21.7293 
-0.4 -0.24 20.4164 
-0.4 -0.16 20.9744 
-0.4 -0.08 23.0952 
-0.4 6.93889e-16 25.8592 
-0.4 0.08 28.4469 
-0.4 0.16 30.4952 
-0.4 0.24 31.9705 
-0.4 0.32 32.9615 
-0.4 0.4 33.5718 
-0.4 0.48 33.8856 
-0.4 0.56 33.9664 
-0.4 0.64 33.8672 
-0.4 0.72 33.6444 
-0.4 0.8 33.3669 
-0.4 0.88 33.112 
-0.4 0.96 32.9364 
-0.4 1.04 32.8471 
-0.4 1.12 32.8135 
-0.4 1.2 32.8043 
-0.4 1.28 32.8026 
-0.4 1.36 32.8024 
-0.4 1.44 32.8024 
-0.4 1.52 32.8024 
-0.4 1.6 32.8024 
-0.4 1.68 32.8024 
-0.4 1.76 32.8024 
-0.4 1.84 32.8024 
-0.4 1.92 32.8024 
-0.32 -2 40.13 
-0.32 -1.92 40.1213 
-0.32 -1.84 40.1088 
-0.32 -1.76 40.0908 
-0.32 -1.68 40.0647 
-0.32 -1.6 40.0271 
-0.32 -1.52 39.9729 
-0.32 -1.44 39.8948 
-0.32 -1.36 39.7824 
-0.32 -1.28 39.6209 
-0.32 -1.2 39.3898 
-0.32 -1.12 39.06 
-0.32 -1.04 38.5922 
-0.32 -0.96 37.9335 
-0.32 -0.88 37.0156 
-0.32 -0.8 35.7542 
-0.32 -0.72 34.0552 
-0.32 -0.64 31.8355 
-0.32 -0.56 29.0798 
-0.32 -0.48 25.9525 
-0.32 -0.4 22.9396 
-0.32 -0.32 20.8537 
-0.32 -0.24 20.4707 
-0.32 -0.16 21.9234 
-0.32 -0.08 24.5146 
-0.32 6.93889e-16 27.2866 
-0.32 0.08 29.642 
-0.32 0.16 31.4142 
-0.32 0.24 32.6538 
-0.32 0.32 33.4668 
-0.32 0.4 33.9496 
-0.32 0.48 34.1746 
-0.32 0.56 34.1951 
-0.32 0.64 34.0563 
-0.32 0.72 33.8088 
-0.32 0.8 33.5175 
-0.32 0.88 33.2563 
-0.32 0.96 33.0786 
-0.32 1.04 32.989 
-0.32 1.12 32.9553 
-0.32 1.2 32.9461 
-0.32 1.28 32.9445 
-0.32 1.36 32.9443 
-0.32 1.44 32.9443 
-0.32 1.52 32.9443 
-0.32 1.6 32.9443 
-0.32 1.68 32.9443 
-0.32 1.76 32.9443 
-0.32 1.84 32.9443 
-0.32 1.92 32.9443 
-0.24 -2 40.126 
-0.24 -1.92 40.1156 
-0.24 -1.84 40.1006 
-0.24 -1.76 40.079 
-0.24 -1.68 40.0477 
-0.24 -1.6 40.0025 
-0.24 -1.52 39.9374 
-0.24 -1.44 39.8437 
-0.24 -1.36 39.7089 
-0.24 -1.28 39.5156 
-0.24 -1.2 39.2394 
-0.24 -1.12 38.8463 
-0.24 -1.04 38.2905 
-0.24 -0.96 37.5117 
-0.24 -0.88 36.4332 
-0.24 -0.8 34.9644 
-0.24 -0.72 33.0124 
-0.24 -0.64 30.5176 
-0.24 -0.56 27.5369 
-0.24 -0.48 24.3811 
-0.24 -0.4 21.7201 
-0.24 -0.32 20.4227 
-0.24 -0.24 21.0132 
-0.24 -0.16 23.1775 
-0.24 -0.08 25.984 
-0.24 6.93889e-16 28.6076 
-0.24 0.08 30.6881 
-0.24 0.16 32.1972 
-0.24 0.24 33.2287 
-0.24 0.32 33.8894 
-0.24 0.4 34.2647 
-0.24 0.48 34.4154 
-0.24 0.56 34.3855 
-0.24 0.64 34.2137 
-0.24 0.72 33.9456 
-0.24 0.8 33.6429 
-0.24 0.88 33.3764 
-0.24 0.96 33.197 
-0.24 1.04 33.107 
-0.24 1.12 33.0734 
-0.24 1.2 33.0642 
-0.24 1.28 33.0625 
-0.24 1.36 33.0624 
-0.24 1.44 33.0624 
-0.24 1.52 33.0624 
-0.24 1.6 33.0624 
-0.24 1.68 33.0624 
-0.24 1.76 33.0624 
-0.24 1.84 33.0624 
-0.24 1.92 33.0624 
-0.16 -2 40.1213 
-0.16 -1.92 40.1088 
-0.16 -1.84 40.0908 
-0.16 -1.76 40.0647 
-0.16 -1.68 40.0271 
-0.16 -1.6 39.9729 
-0.16 -1.52 39.8948 
-0.16 -1.44 39.7824 
-0.16 -1.36 39.6209 
-0.16 -1.28 39.3897 
-0.16 -1.2 39.0599 
-0.16 -1.12 38.5921 
-0.16 -1.04 37.9333 
-0.16 -0.96 37.0151 
-0.16 -0.88 35.7531 
-0.16 -0.8 34.0531 
-0.16 -0.72 31.8318 
-0.16 -0.64 29.0735 
-0.16 -0.56 25.9434 
-0.16 -0.48 22.9299 
-0.16 -0.4 20.8508 
-0.16 -0.32 20.4879 
-0.16 -0.24 21.9735 
-0.16 -0.16 24.6016 
-0.16 -0.08 27.4062 
-0.16 6.93889e-16 29.7893 
-0.16 0.08 31.5884 
-0.16 0.16 32.8589 
-0.16 0.24 33.7105 
-0.16 0.32 34.2422 
-0.16 0.4 34.5272 
-0.16 0.48 34.6158 
-0.16 0.56 34.544 
-0.16 0.64 34.3446 
-0.16 0.72 34.0595 
-0.16 0.8 33.7472 
-0.16 0.88 33.4763 
-0.16 0.96 33.2955 
-0.16 1.04 33.2053 
-0.16 1.12 33.1716 
-0.16 1.2 33.1624 
-0.16 1.28 33.1608 
-0.16 1.36 33.1606 
-0.16 1.44 33.1606 
-0.16 1.52 33.1606 
-0.16 1.6 33.1606 
-0.16 1.68 33.1606 
-0.16 1.76 33.1606 
-0.16 1.84 33.1606 
-0.16 1.92 33.1606 
-0.08 -2 40.1156 
-0.08 -1.92 40.1006 
-0.08 -1.84 40.079 
-0.08 -1.76 40.0477 
-0.08 -1.68 40.0025 
-0.08 -1.6 39.9374 
-0.08 -1.52 39.8437 
-0.08 -1.44 39.7089 
-0.08 -1.36 39.5156 
-0.08 -1.28 39.2393 
-0.08 -1.2 38.8462 
-0.08 -1.12 38.2903 
-0.08 -1.04 37.5114 
-0.08 -0.96 36.4326 
-0.08 -0.88 34.9632 
-0.08 -0.8 33.0101 
-0.08 -0.72 30.5136 
-0.08 -0.64 27.5305 
-0.08 -0.56 24.3729 
-0.08 -0.48 21.7137 
-0.08 -0.4 20.4272 
-0.08 -0.32 21.0403 
-0.08 -0.24 23.2349 
-0.08 -0.16 26.0707 
-0.08 -0.08 28.7191 
-0.08 6.93889e-16 30.8217 
-0.08 0.08 32.3545 
-0.08 0.16 33.4151 
-0.08 0.24 34.1131 
-0.08 0.32 34.5362 
-0.08 0.4 34.7457 
-0.08 0.48 34.7825 
-0.08 0.56 34.6758 
-0.08 0.64 34.4536 
-0.08 0.72 34.1542 
-0.08 0.8 33.834 
-0.08 0.88 33.5595 
-0.08 0.96 33.3774 
-0.08 1.04 33.287 
-0.08 1.12 33.2533 
-0.08 1.2 33.2442 
-0.08 1.28 33.2425 
-0.08 1.36 33.2423 
-0.08 1.44 33.2423 
-0.08 1.52 33.2423 
-0.08 1.6 33.2423 
-0.08 1.68 33.2423 
-0.08 1.76 33.2423 
-0.08 1.84 33.2423 
-0.08 1.92 33.2423 
