-4 -2 40.1494 
-4 -1.93333 40.1494 
-4 -1.86667 40.1494 
-4 -1.8 40.1494 
-4 -1.73333 40.1494 
-4 -1.66667 40.1494 
-4 -1.6 40.1494 
-4 -1.53333 40.1494 
-4 -1.46667 40.1493 
-4 -1.4 40.1493 
-4 -1.33333 40.1493 
-4 -1.26667 40.1493 
-4 -1.2 40.1492 
-4 -1.13333 40.1492 
-4 -1.06667 40.1491 
-4 -1 40.149 
-4 -0.933333 40.1488 
-4 -0.866667 40.1486 
-4 -0.8 40.1483 
-4 -0.733333 40.1479 
-4 -0.666667 40.1474 
-4 -0.6 40.1467 
-4 -0.533333 40.1458 
-4 -0.466667 40.1445 
-4 -0.4 40.1427 
-4 -0.333333 40.1403 
-4 -0.266667 40.1371 
-4 -0.2 40.1328 
-4 -0.133333 40.1269 
-4 -0.0666667 40.1191 
-4 -4.16334e-16 40.1086 
-4 0.0666667 40.0947 
-4 0.133333 40.0765 
-4 0.2 40.0529 
-4 0.266667 40.0226 
-4 0.333333 39.9848 
-4 0.4 39.9389 
-4 0.466667 39.8853 
-4 0.533333 39.8256 
-4 0.6 39.7636 
-4 0.666667 39.7046 
-4 0.733333 39.6546 
-4 0.8 39.6182 
-4 0.866667 39.5965 
-4 0.933333 39.5865 
-4 1 39.5833 
-4 1.06667 39.5826 
-4 1.13333 39.5825 
-4 1.2 39.5825 
-4 1.26667 39.5825 
-4 1.33333 39.5825 
-4 1.4 39.5825 
-4 1.46667 39.5825 
-4 1.53333 39.5825 
-4 1.6 39.5825 
-4 1.66667 39.5825 
-4 1.73333 39.5825 
-4 1.8 39.5825 
-4 1.86667 39.5825 
-4 1.93333 39.5825 
-4 2 39.5825 
-3.93333 -2 40.1494 
-3.93333 -1.93333 40.1494 
-3.93333 -1.86667 40.1494 
-3.93333 -1.8 40.1494 
-3.93333 -1.73333 40.1494 
-3.93333 -1.66667 40.1494 
-3.93333 -1.6 40.1494 
-3.93333 -1.53333 40.1493 
-3.93333 -1.46667 40.1493 
-3.93333 -1.4 40.1493 
-3.93333 -1.33333 40.1493 
-3.93333 -1.26667 40.1492 
-3.93333 -1.2 40.1492 
-3.93333 -1.13333 40.1491 
-3.93333 -1.06667 40.149 
-3.93333 -1 40.1489 
-3.93333 -0.933333 40.1487 
-3.93333 -0.866667 40.1485 
-3.93333 -0.8 40.1481 
-3.93333 -0.733333 40.1477 
-3.93333 -0.666667 40.1471 
-3.93333 -0.6 40.1463 
-3.93333 -0.533333 40.1452 
-3.93333 -0.466667 40.1436 
-3.93333 -0.4 40.1416 
-3.93333 -0.333333 40.1388 
-3.93333 -0.266667 40.1351 
-3.93333 -0.2 40.13 
-3.93333 -0.133333 40.1232 
-3.93333 -0.0666667 40.114 
-3.93333 -4.16334e-16 40.1019 
-3.93333 0.0666667 40.0857 
-3.93333 0.133333 40.0645 
-3.93333 0.2 40.0369 
-3.93333 0.266667 40.0017 
-3.93333 0.333333 39.9577 
-3.93333 0.4 39.9043 
-3.93333 0.466667 39.8418 
-3.93333 0.533333 39.7725 
-3.93333 0.6 39.7004 
-3.93333 0.666667 39.6318 
-3.93333 0.733333 39.5737 
-3.93333 0.8 39.5313 
-3.93333 0.866667 39.5061 
-3.93333 0.933333 39.4944 
-3.93333 1 39.4907 
-3.93333 1.06667 39.4899 
-3.93333 1.13333 39.4898 
-3.93333 1.2 39.4898 
-3.93333 1.26667 39.4898 
-3.93333 1.33333 39.4898 
-3.93333 1.4 39.4898 
-3.93333 1.46667 39.4898 
-3.93333 1.53333 39.4898 
-3.93333 1.6 39.4898 
-3.93333 1.66667 39.4898 
-3.93333 1.73333 39.4898 
-3.93333 1.8 39.4898 
-3.93333 1.86667 39.4898 
-3.93333 1.93333 39.4898 
-3.93333 2 39.4898 
-3.86667 -2 40.1494 
-3.86667 -1.93333 40.1494 
-3.86667 -1.86667 40.1494 
-3.86667 -1.8 40.1494 
-3.86667 -1.73333 40.1494 
-3.86667 -1.66667 40.1494 
-3.86667 -1.6 40.1494 
-3.86667 -1.53333 40.1493 
-3.86667 -1.46667 40.1493 
-3.86667 -1.4 40.1493 
-3.86667 -1.33333 40.1493 
-3.86667 -1.26667 40.1492 
-3.86667 -1.2 40.1492 
-3.86667 -1.13333 40.1491 
-3.86667 -1.06667 40.149 
-3.86667 -1 40.1488 
-3.86667 -0.933333 40.1486 
-3.86667 -0.866667 40.1483 
-3.86667 -0.8 40.1479 
-3.86667 -0.733333 40.1474 
-3.86667 -0.666667 40.1467 
-3.86667 -0.6 40.1458 
-3.86667 -0.533333 40.1445 
-3.86667 -0.466667 40.1427 
-3.86667 -0.4 40.1403 
-3.86667 -0.333333 40.1371 
-3.86667 -0.266667 40.1327 
-3.86667 -0.2 40.1268 
-3.86667 -0.133333 40.1188 
-3.86667 -0.0666667 40.1082 
-3.86667 -4.16334e-16 40.094 
-3.86667 0.0666667 40.0752 
-3.86667 0.133333 40.0504 
-3.86667 0.2 40.0183 
-3.86667 0.266667 39.9773 
-3.86667 0.333333 39.9261 
-3.86667 0.4 39.864 
-3.86667 0.466667 39.7913 
-3.86667 0.533333 39.7107 
-3.86667 0.6 39.6269 
-3.86667 0.666667 39.5472 
-3.86667 0.733333 39.4796 
-3.86667 0.8 39.4304 
-3.86667 0.866667 39.401 
-3.86667 0.933333 39.3875 
-3.86667 1 39.3831 
-3.86667 1.06667 39.3822 
-3.86667 1.13333 39.3821 
-3.86667 1.2 39.3821 
-3.86667 1.26667 39.3821 
-3.86667 1.33333 39.3821 
-3.86667 1.4 39.3821 
-3.86667 1.46667 39.3821 
-3.86667 1.53333 39.3821 
-3.86667 1.6 39.3821 
-3.86667 1.66667 39.3821 
-3.86667 1.73333 39.3821 
-3.86667 1.8 39.3821 
-3.86667 1.86667 39.3821 
-3.86667 1.93333 39.3821 
-3.86667 2 39.3821 
-3.8 -2 40.1494 
-3.8 -1.93333 40.1494 
-3.8 -1.86667 40.1494 
-3.8 -1.8 40.1494 
-3.8 -1.73333 40.1494 
-3.8 -1.66667 40.1494 
-3.8 -1.6 40.1493 
-3.8 -1.53333 40.1493 
-3.8 -1.46667 40.1493 
-3.8 -1.4 40.1493 
-3.8 -1.33333 40.1492 
-3.8 -1.26667 40.1492 
-3.8 -1.2 40.1491 
-3.8 -1.13333 40.149 
-3.8 -1.06667 40.1489 
-3.8 -1 40.1487 
-3.8 -0.933333 40.1485 
-3.8 -0.866667 40.1481 
-3.8 -0.8 40.1477 
-3.8 -0.733333 40.1471 
-3.8 -0.666667 40.1463 
-3.8 -0.6 40.1452 
-3.8 -0.533333 40.1436 
-3.8 -0.466667 40.1416 
-3.8 -0.4 40.1388 
-3.8 -0.333333 40.135 
-3.8 -0.266667 40.1299 
-3.8 -0.2 40.123 
-3.8 -0.133333 40.1138 
-3.8 -0.0666667 40.1014 
-3.8 -4.16334e-16 40.0848 
-3.8 0.0666667 40.0629 
-3.8 0.133333 40.0341 
-3.8 0.2 39.9967 
-3.8 0.266667 39.949 
-3.8 0.333333 39.8894 
-3.8 0.4 39.8171 
-3.8 0.466667 39.7326 
-3.8 0.533333 39.6389 
-3.8 0.6 39.5416 
-3.8 0.666667 39.449 
-3.8 0.733333 39.3705 
-3.8 0.8 39.3134 
-3.8 0.866667 39.2792 
-3.8 0.933333 39.2634 
-3.8 1 39.2583 
-3.8 1.06667 39.2572 
-3.8 1.13333 39.2571 
-3.8 1.2 39.2571 
-3.8 1.26667 39.2571 
-3.8 1.33333 39.2571 
-3.8 1.4 39.2571 
-3.8 1.46667 39.2571 
-3.8 1.53333 39.2571 
-3.8 1.6 39.2571 
-3.8 1.66667 39.2571 
-3.8 1.73333 39.2571 
-3.8 1.8 39.2571 
-3.8 1.86667 39.2571 
-3.8 1.93333 39.2571 
-3.8 2 39.2571 
-3.73333 -2 40.1494 
-3.73333 -1.93333 40.1494 
-3.73333 -1.86667 40.1494 
-3.73333 -1.8 40.1494 
-3.73333 -1.73333 40.1494 
-3.73333 -1.66667 40.1494 
-3.73333 -1.6 40.1493 
-3.73333 -1.53333 40.1493 
-3.73333 -1.46667 40.1493 
-3.73333 -1.4 40.1493 
-3.73333 -1.33333 40.1492 
-3.73333 -1.26667 40.1492 
-3.73333 -1.2 40.1491 
-3.73333 -1.13333 40.149 
-3.73333 -1.06667 40.1488 
-3.73333 -1 40.1486 
-3.73333 -0.933333 40.1483 
-3.73333 -0.866667 40.1479 
-3.73333 -0.8 40.1474 
-3.73333 -0.733333 40.1467 
-3.73333 -0.666667 40.1458 
-3.73333 -0.6 40.1445 
-3.73333 -0.533333 40.1427 
-3.73333 -0.466667 40.1403 
-3.73333 -0.4 40.137 
-3.73333 -0.333333 40.1326 
-3.73333 -0.266667 40.1267 
-3.73333 -0.2 40.1187 
-3.73333 -0.133333 40.1079 
-3.73333 -0.0666667 40.0934 
-3.73333 -4.16334e-16 40.0741 
-3.73333 0.0666667 40.0486 
-3.73333 0.133333 40.015 
-3.73333 0.2 39.9715 
-3.73333 0.266667 39.916 
-3.73333 0.333333 39.8467 
-3.73333 0.4 39.7626 
-3.73333 0.466667 39.6645 
-3.73333 0.533333 39.5556 
-3.73333 0.6 39.4426 
-3.73333 0.666667 39.3352 
-3.73333 0.733333 39.2441 
-3.73333 0.8 39.1776 
-3.73333 0.866667 39.1379 
-3.73333 0.933333 39.1196 
-3.73333 1 39.1136 
-3.73333 1.06667 39.1124 
-3.73333 1.13333 39.1123 
-3.73333 1.2 39.1123 
-3.73333 1.26667 39.1123 
-3.73333 1.33333 39.1123 
-3.73333 1.4 39.1123 
-3.73333 1.46667 39.1123 
-3.73333 1.53333 39.1123 
-3.73333 1.6 39.1123 
-3.73333 1.66667 39.1123 
-3.73333 1.73333 39.1123 
-3.73333 1.8 39.1123 
-3.73333 1.86667 39.1123 
-3.73333 1.93333 39.1123 
-3.73333 2 39.1123 
-3.66667 -2 40.1494 
-3.66667 -1.93333 40.1494 
-3.66667 -1.86667 40.1494 
-3.66667 -1.8 40.1494 
-3.66667 -1.73333 40.1494 
-3.66667 -1.66667 40.1493 
-3.66667 -1.6 40.1493 
-3.66667 -1.53333 40.1493 
-3.66667 -1.46667 40.1493 
-3.66667 -1.4 40.1492 
-3.66667 -1.33333 40.1492 
-3.66667 -1.26667 40.1491 
-3.66667 -1.2 40.149 
-3.66667 -1.13333 40.1489 
-3.66667 -1.06667 40.1487 
-3.66667 -1 40.1485 
-3.66667 -0.933333 40.1481 
-3.66667 -0.866667 40.1477 
-3.66667 -0.8 40.1471 
-3.66667 -0.733333 40.1463 
-3.66667 -0.666667 40.1452 
-3.66667 -0.6 40.1436 
-3.66667 -0.533333 40.1416 
-3.66667 -0.466667 40.1388 
-3.66667 -0.4 40.135 
-3.66667 -0.333333 40.1299 
-3.66667 -0.266667 40.1229 
-3.66667 -0.2 40.1136 
-3.66667 -0.133333 40.101 
-3.66667 -0.0666667 40.0841 
-3.66667 -4.16334e-16 40.0617 
-3.66667 0.0666667 40.0319 
-3.66667 0.133333 39.9928 
-3.66667 0.2 39.9422 
-3.66667 0.266667 39.8776 
-3.66667 0.333333 39.797 
-3.66667 0.4 39.6993 
-3.66667 0.466667 39.5854 
-3.66667 0.533333 39.459 
-3.66667 0.6 39.3279 
-3.66667 0.666667 39.2032 
-3.66667 0.733333 39.0975 
-3.66667 0.8 39.0204 
-3.66667 0.866667 38.9743 
-3.66667 0.933333 38.953 
-3.66667 1 38.9461 
-3.66667 1.06667 38.9446 
-3.66667 1.13333 38.9445 
-3.66667 1.2 38.9445 
-3.66667 1.26667 38.9445 
-3.66667 1.33333 38.9445 
-3.66667 1.4 38.9445 
-3.66667 1.46667 38.9445 
-3.66667 1.53333 38.9445 
-3.66667 1.6 38.9445 
-3.66667 1.66667 38.9445 
-3.66667 1.73333 38.9445 
-3.66667 1.8 38.9445 
-3.66667 1.86667 38.9445 
-3.66667 1.93333 38.9445 
-3.66667 2 38.9445 
-3.6 -2 40.1494 
-3.6 -1.93333 40.1494 
-3.6 -1.86667 40.1494 
-3.6 -1.8 40.1494 
-3.6 -1.73333 40.1494 
-3.6 -1.66667 40.1493 
-3.6 -1.6 40.1493 
-3.6 -1.53333 40.1493 
-3.6 -1.46667 40.1493 
-3.6 -1.4 40.1492 
-3.6 -1.33333 40.1492 
-3.6 -1.26667 40.1491 
-3.6 -1.2 40.149 
-3.6 -1.13333 40.1488 
-3.6 -1.06667 40.1486 
-3.6 -1 40.1483 
-3.6 -0.933333 40.1479 
-3.6 -0.866667 40.1474 
-3.6 -0.8 40.1467 
-3.6 -0.733333 40.1458 
-3.6 -0.666667 40.1444 
-3.6 -0.6 40.1427 
-3.6 -0.533333 40.1403 
-3.6 -0.466667 40.137 
-3.6 -0.4 40.1326 
-3.6 -0.333333 40.1266 
-3.6 -0.266667 40.1185 
-3.6 -0.2 40.1076 
-3.6 -0.133333 40.093 
-3.6 -0.0666667 40.0734 
-3.6 -4.16334e-16 40.0472 
-3.6 0.0666667 40.0125 
-3.6 0.133333 39.967 
-3.6 0.2 39.9081 
-3.6 0.266667 39.8329 
-3.6 0.333333 39.7393 
-3.6 0.4 39.6258 
-3.6 0.466667 39.4935 
-3.6 0.533333 39.347 
-3.6 0.6 39.195 
-3.6 0.666667 39.0505 
-3.6 0.733333 38.9279 
-3.6 0.8 38.8385 
-3.6 0.866667 38.785 
-3.6 0.933333 38.7603 
-3.6 1 38.7522 
-3.6 1.06667 38.7505 
-3.6 1.13333 38.7503 
-3.6 1.2 38.7503 
-3.6 1.26667 38.7503 
-3.6 1.33333 38.7503 
-3.6 1.4 38.7503 
-3.6 1.46667 38.7503 
-3.6 1.53333 38.7503 
-3.6 1.6 38.7503 
-3.6 1.66667 38.7503 
-3.6 1.73333 38.7503 
-3.6 1.8 38.7503 
-3.6 1.86667 38.7503 
-3.6 1.93333 38.7503 
-3.6 2 38.7503 
-3.53333 -2 40.1494 
-3.53333 -1.93333 40.1494 
-3.53333 -1.86667 40.1494 
-3.53333 -1.8 40.1494 
-3.53333 -1.73333 40.1493 
-3.53333 -1.66667 40.1493 
-3.53333 -1.6 40.1493 
-3.53333 -1.53333 40.1493 
-3.53333 -1.46667 40.1492 
-3.53333 -1.4 40.1492 
-3.53333 -1.33333 40.1491 
-3.53333 -1.26667 40.149 
-3.53333 -1.2 40.1489 
-3.53333 -1.13333 40.1487 
-3.53333 -1.06667 40.1485 
-3.53333 -1 40.1481 
-3.53333 -0.933333 40.1477 
-3.53333 -0.866667 40.1471 
-3.53333 -0.8 40.1463 
-3.53333 -0.733333 40.1451 
-3.53333 -0.666667 40.1436 
-3.53333 -0.6 40.1416 
-3.53333 -0.533333 40.1388 
-3.53333 -0.466667 40.135 
-3.53333 -0.4 40.1298 
-3.53333 -0.333333 40.1229 
-3.53333 -0.266667 40.1134 
-3.53333 -0.2 40.1007 
-3.53333 -0.133333 40.0837 
-3.53333 -0.0666667 40.0608 
-3.53333 -4.16334e-16 40.0303 
-3.53333 0.0666667 39.9899 
-3.53333 0.133333 39.937 
-3.53333 0.2 39.8684 
-3.53333 0.266667 39.7811 
-3.53333 0.333333 39.6722 
-3.53333 0.4 39.5405 
-3.53333 0.466667 39.3871 
-3.53333 0.533333 39.2173 
-3.53333 0.6 39.0412 
-3.53333 0.666667 38.8738 
-3.53333 0.733333 38.7319 
-3.53333 0.8 38.6282 
-3.53333 0.866667 38.5661 
-3.53333 0.933333 38.5375 
-3.53333 1 38.5281 
-3.53333 1.06667 38.5261 
-3.53333 1.13333 38.5259 
-3.53333 1.2 38.5259 
-3.53333 1.26667 38.5259 
-3.53333 1.33333 38.5259 
-3.53333 1.4 38.5259 
-3.53333 1.46667 38.5259 
-3.53333 1.53333 38.5259 
-3.53333 1.6 38.5259 
-3.53333 1.66667 38.5259 
-3.53333 1.73333 38.5259 
-3.53333 1.8 38.5259 
-3.53333 1.86667 38.5259 
-3.53333 1.93333 38.5259 
-3.53333 2 38.5259 
-3.46667 -2 40.1494 
-3.46667 -1.93333 40.1494 
-3.46667 -1.86667 40.1494 
-3.46667 -1.8 40.1494 
-3.46667 -1.73333 40.1493 
-3.46667 -1.66667 40.1493 
-3.46667 -1.6 40.1493 
-3.46667 -1.53333 40.1493 
-3.46667 -1.46667 40.1492 
-3.46667 -1.4 40.1492 
-3.46667 -1.33333 40.1491 
-3.46667 -1.26667 40.149 
-3.46667 -1.2 40.1488 
-3.46667 -1.13333 40.1486 
-3.46667 -1.06667 40.1483 
-3.46667 -1 40.1479 
-3.46667 -0.933333 40.1474 
-3.46667 -0.866667 40.1467 
-3.46667 -0.8 40.1458 
-3.46667 -0.733333 40.1444 
-3.46667 -0.666667 40.1427 
-3.46667 -0.6 40.1403 
-3.46667 -0.533333 40.137 
-3.46667 -0.466667 40.1326 
-3.46667 -0.4 40.1266 
-3.46667 -0.333333 40.1185 
-3.46667 -0.266667 40.1075 
-3.46667 -0.2 40.0927 
-3.46667 -0.133333 40.0728 
-3.46667 -0.0666667 40.0461 
-3.46667 -4.16334e-16 40.0106 
-3.46667 0.0666667 39.9636 
-3.46667 0.133333 39.902 
-3.46667 0.2 39.8223 
-3.46667 0.266667 39.7208 
-3.46667 0.333333 39.5944 
-3.46667 0.4 39.4416 
-3.46667 0.466667 39.2639 
-3.46667 0.533333 39.0672 
-3.46667 0.6 38.8634 
-3.46667 0.666667 38.6698 
-3.46667 0.733333 38.5055 
-3.46667 0.8 38.3856 
-3.46667 0.866667 38.3136 
-3.46667 0.933333 38.2803 
-3.46667 1 38.2694 
-3.46667 1.06667 38.2672 
-3.46667 1.13333 38.2669 
-3.46667 1.2 38.2669 
-3.46667 1.26667 38.2669 
-3.46667 1.33333 38.2669 
-3.46667 1.4 38.2669 
-3.46667 1.46667 38.2669 
-3.46667 1.53333 38.2669 
-3.46667 1.6 38.2669 
-3.46667 1.66667 38.2669 
-3.46667 1.73333 38.2669 
-3.46667 1.8 38.2669 
-3.46667 1.86667 38.2669 
-3.46667 1.93333 38.2669 
-3.46667 2 38.2669 
-3.4 -2 40.1494 
-3.4 -1.93333 40.1494 
-3.4 -1.86667 40.1494 
-3.4 -1.8 40.1493 
-3.4 -1.73333 40.1493 
-3.4 -1.66667 40.1493 
-3.4 -1.6 40.1493 
-3.4 -1.53333 40.1492 
-3.4 -1.46667 40.1492 
-3.4 -1.4 40.1491 
-3.4 -1.33333 40.149 
-3.4 -1.26667 40.1489 
-3.4 -1.2 40.1487 
-3.4 -1.13333 40.1485 
-3.4 -1.06667 40.1481 
-3.4 -1 40.1477 
-3.4 -0.933333 40.1471 
-3.4 -0.866667 40.1463 
-3.4 -0.8 40.1451 
-3.4 -0.733333 40.1436 
-3.4 -0.666667 40.1416 
-3.4 -0.6 40.1388 
-3.4 -0.533333 40.1349 
-3.4 -0.466667 40.1298 
-3.4 -0.4 40.1228 
-3.4 -0.333333 40.1133 
-3.4 -0.266667 40.1005 
-3.4 -0.2 40.0833 
-3.4 -0.133333 40.0601 
-3.4 -0.0666667 40.0291 
-3.4 -4.16334e-16 39.9877 
-3.4 0.0666667 39.933 
-3.4 0.133333 39.8614 
-3.4 0.2 39.7687 
-3.4 0.266667 39.6508 
-3.4 0.333333 39.5042 
-3.4 0.4 39.3271 
-3.4 0.466667 39.1213 
-3.4 0.533333 38.8937 
-3.4 0.6 38.6582 
-3.4 0.666667 38.4345 
-3.4 0.733333 38.2446 
-3.4 0.8 38.1059 
-3.4 0.866667 38.0226 
-3.4 0.933333 37.984 
-3.4 1 37.9714 
-3.4 1.06667 37.9688 
-3.4 1.13333 37.9685 
-3.4 1.2 37.9684 
-3.4 1.26667 37.9684 
-3.4 1.33333 37.9684 
-3.4 1.4 37.9684 
-3.4 1.46667 37.9684 
-3.4 1.53333 37.9684 
-3.4 1.6 37.9684 
-3.4 1.66667 37.9684 
-3.4 1.73333 37.9684 
-3.4 1.8 37.9684 
-3.4 1.86667 37.9684 
-3.4 1.93333 37.9684 
-3.4 2 37.9684 
-3.33333 -2 40.1494 
-3.33333 -1.93333 40.1494 
-3.33333 -1.86667 40.1494 
-3.33333 -1.8 40.1493 
-3.33333 -1.73333 40.1493 
-3.33333 -1.66667 40.1493 
-3.33333 -1.6 40.1493 
-3.33333 -1.53333 40.1492 
-3.33333 -1.46667 40.1492 
-3.33333 -1.4 40.1491 
-3.33333 -1.33333 40.149 
-3.33333 -1.26667 40.1488 
-3.33333 -1.2 40.1486 
-3.33333 -1.13333 40.1483 
-3.33333 -1.06667 40.1479 
-3.33333 -1 40.1474 
-3.33333 -0.933333 40.1467 
-3.33333 -0.866667 40.1458 
-3.33333 -0.8 40.1444 
-3.33333 -0.733333 40.1427 
-3.33333 -0.666667 40.1403 
-3.33333 -0.6 40.137 
-3.33333 -0.533333 40.1326 
-3.33333 -0.466667 40.1265 
-3.33333 -0.4 40.1184 
-3.33333 -0.333333 40.1074 
-3.33333 -0.266667 40.0924 
-3.33333 -0.2 40.0724 
-3.33333 -0.133333 40.0453 
-3.33333 -0.0666667 40.0092 
-3.33333 -4.16334e-16 39.9611 
-3.33333 0.0666667 39.8974 
-3.33333 0.133333 39.8141 
-3.33333 0.2 39.7064 
-3.33333 0.266667 39.5696 
-3.33333 0.333333 39.3996 
-3.33333 0.4 39.1945 
-3.33333 0.466667 38.9564 
-3.33333 0.533333 38.6936 
-3.33333 0.6 38.4217 
-3.33333 0.666667 38.1635 
-3.33333 0.733333 37.9444 
-3.33333 0.8 37.7841 
-3.33333 0.866667 37.6878 
-3.33333 0.933333 37.6432 
-3.33333 1 37.6286 
-3.33333 1.06667 37.6255 
-3.33333 1.13333 37.6252 
-3.33333 1.2 37.6251 
-3.33333 1.26667 37.6251 
-3.33333 1.33333 37.6251 
-3.33333 1.4 37.6251 
-3.33333 1.46667 37.6251 
-3.33333 1.53333 37.6251 
-3.33333 1.6 37.6251 
-3.33333 1.66667 37.6251 
-3.33333 1.73333 37.6251 
-3.33333 1.8 37.6251 
-3.33333 1.86667 37.6251 
-3.33333 1.93333 37.6251 
-3.33333 2 37.6251 
-3.26667 -2 40.1494 
-3.26667 -1.93333 40.1494 
-3.26667 -1.86667 40.1493 
-3.26667 -1.8 40.1493 
-3.26667 -1.73333 40.1493 
-3.26667 -1.66667 40.1493 
-3.26667 -1.6 40.1492 
-3.26667 -1.53333 40.1492 
-3.26667 -1.46667 40.1491 
-3.26667 -1.4 40.149 
-3.26667 -1.33333 40.1489 
-3.26667 -1.26667 40.1487 
-3.26667 -1.2 40.1485 
-3.26667 -1.13333 40.1481 
-3.26667 -1.06667 40.1477 
-3.26667 -1 40.1471 
-3.26667 -0.933333 40.1463 
-3.26667 -0.866667 40.1451 
-3.26667 -0.8 40.1436 
-3.26667 -0.733333 40.1416 
-3.26667 -0.666667 40.1387 
-3.26667 -0.6 40.1349 
-3.26667 -0.533333 40.1298 
-3.26667 -0.466667 40.1227 
-3.26667 -0.4 40.1132 
-3.26667 -0.333333 40.1004 
-3.26667 -0.266667 40.083 
-3.26667 -0.2 40.0596 
-3.26667 -0.133333 40.0282 
-3.26667 -0.0666667 39.9861 
-3.26667 -4.16334e-16 39.93 
-3.26667 0.0666667 39.856 
-3.26667 0.133333 39.7592 
-3.26667 0.2 39.6341 
-3.26667 0.266667 39.4754 
-3.26667 0.333333 39.2785 
-3.26667 0.4 39.0413 
-3.26667 0.466667 38.7662 
-3.26667 0.533333 38.4629 
-3.26667 0.6 38.1495 
-3.26667 0.666667 37.8519 
-3.26667 0.733333 37.5995 
-3.26667 0.8 37.4147 
-3.26667 0.866667 37.3035 
-3.26667 0.933333 37.252 
-3.26667 1 37.235 
-3.26667 1.06667 37.2315 
-3.26667 1.13333 37.2311 
-3.26667 1.2 37.231 
-3.26667 1.26667 37.231 
-3.26667 1.33333 37.231 
-3.26667 1.4 37.231 
-3.26667 1.46667 37.231 
-3.26667 1.53333 37.231 
-3.26667 1.6 37.231 
-3.26667 1.66667 37.231 
-3.26667 1.73333 37.231 
-3.26667 1.8 37.231 
-3.26667 1.86667 37.231 
-3.26667 1.93333 37.231 
-3.26667 2 37.231 
-3.2 -2 40.1494 
-3.2 -1.93333 40.1494 
-3.2 -1.86667 40.1493 
-3.2 -1.8 40.1493 
-3.2 -1.73333 40.1493 
-3.2 -1.66667 40.1493 
-3.2 -1.6 40.1492 
-3.2 -1.53333 40.1492 
-3.2 -1.46667 40.1491 
-3.2 -1.4 40.149 
-3.2 -1.33333 40.1488 
-3.2 -1.26667 40.1486 
-3.2 -1.2 40.1483 
-3.2 -1.13333 40.1479 
-3.2 -1.06667 40.1474 
-3.2 -1 40.1467 
-3.2 -0.933333 40.1458 
-3.2 -0.866667 40.1444 
-3.2 -0.8 40.1427 
-3.2 -0.733333 40.1403 
-3.2 -0.666667 40.137 
-3.2 -0.6 40.1325 
-3.2 -0.533333 40.1265 
-3.2 -0.466667 40.1183 
-3.2 -0.4 40.1073 
-3.2 -0.333333 40.0923 
-3.2 -0.266667 40.072 
-3.2 -0.2 40.0448 
-3.2 -0.133333 40.0081 
-3.2 -0.0666667 39.9591 
-3.2 -4.16334e-16 39.894 
-3.2 0.0666667 39.8079 
-3.2 0.133333 39.6954 
-3.2 0.2 39.5503 
-3.2 0.266667 39.3664 
-3.2 0.333333 39.1384 
-3.2 0.4 38.8643 
-3.2 0.466667 38.547 
-3.2 0.533333 38.1975 
-3.2 0.6 37.8368 
-3.2 0.666667 37.4946 
-3.2 0.733333 37.2042 
-3.2 0.8 36.9915 
-3.2 0.866667 36.8634 
-3.2 0.933333 36.8039 
-3.2 1 36.7843 
-3.2 1.06667 36.7802 
-3.2 1.13333 36.7797 
-3.2 1.2 36.7797 
-3.2 1.26667 36.7797 
-3.2 1.33333 36.7797 
-3.2 1.4 36.7797 
-3.2 1.46667 36.7797 
-3.2 1.53333 36.7797 
-3.2 1.6 36.7797 
-3.2 1.66667 36.7797 
-3.2 1.73333 36.7797 
-3.2 1.8 36.7797 
-3.2 1.86667 36.7797 
-3.2 1.93333 36.7797 
-3.2 2 36.7797 
-3.13333 -2 40.1494 
-3.13333 -1.93333 40.1493 
-3.13333 -1.86667 40.1493 
-3.13333 -1.8 40.1493 
-3.13333 -1.73333 40.1493 
-3.13333 -1.66667 40.1492 
-3.13333 -1.6 40.1492 
-3.13333 -1.53333 40.1491 
-3.13333 -1.46667 40.149 
-3.13333 -1.4 40.1489 
-3.13333 -1.33333 40.1487 
-3.13333 -1.26667 40.1485 
-3.13333 -1.2 40.1481 
-3.13333 -1.13333 40.1477 
-3.13333 -1.06667 40.1471 
-3.13333 -1 40.1463 
-3.13333 -0.933333 40.1451 
-3.13333 -0.866667 40.1436 
-3.13333 -0.8 40.1416 
-3.13333 -0.733333 40.1387 
-3.13333 -0.666667 40.1349 
-3.13333 -0.6 40.1297 
-3.13333 -0.533333 40.1227 
-3.13333 -0.466667 40.1132 
-3.13333 -0.4 40.1003 
-3.13333 -0.333333 40.0828 
-3.13333 -0.266667 40.0592 
-3.13333 -0.2 40.0275 
-3.13333 -0.133333 39.9848 
-3.13333 -0.0666667 39.9278 
-3.13333 -4.16334e-16 39.852 
-3.13333 0.0666667 39.752 
-3.13333 0.133333 39.6214 
-3.13333 0.2 39.4531 
-3.13333 0.266667 39.2401 
-3.13333 0.333333 38.9766 
-3.13333 0.4 38.6603 
-3.13333 0.466667 38.2947 
-3.13333 0.533333 37.8928 
-3.13333 0.6 37.4784 
-3.13333 0.666667 37.0856 
-3.13333 0.733333 36.7522 
-3.13333 0.8 36.508 
-3.13333 0.866667 36.3607 
-3.13333 0.933333 36.2922 
-3.13333 1 36.2696 
-3.13333 1.06667 36.2648 
-3.13333 1.13333 36.2643 
-3.13333 1.2 36.2643 
-3.13333 1.26667 36.2643 
-3.13333 1.33333 36.2643 
-3.13333 1.4 36.2643 
-3.13333 1.46667 36.2643 
-3.13333 1.53333 36.2643 
-3.13333 1.6 36.2643 
-3.13333 1.66667 36.2643 
-3.13333 1.73333 36.2643 
-3.13333 1.8 36.2643 
-3.13333 1.86667 36.2643 
-3.13333 1.93333 36.2643 
-3.13333 2 36.2643 
-3.06667 -2 40.1494 
-3.06667 -1.93333 40.1493 
-3.06667 -1.86667 40.1493 
-3.06667 -1.8 40.1493 
-3.06667 -1.73333 40.1493 
-3.06667 -1.66667 40.1492 
-3.06667 -1.6 40.1492 
-3.06667 -1.53333 40.1491 
-3.06667 -1.46667 40.149 
-3.06667 -1.4 40.1488 
-3.06667 -1.33333 40.1486 
-3.06667 -1.26667 40.1483 
-3.06667 -1.2 40.1479 
-3.06667 -1.13333 40.1474 
-3.06667 -1.06667 40.1467 
-3.06667 -1 40.1457 
-3.06667 -0.933333 40.1444 
-3.06667 -0.866667 40.1427 
-3.06667 -0.8 40.1403 
-3.06667 -0.733333 40.137 
-3.06667 -0.666667 40.1325 
-3.06667 -0.6 40.1265 
-3.06667 -0.533333 40.1183 
-3.06667 -0.466667 40.1072 
-3.06667 -0.4 40.0921 
-3.06667 -0.333333 40.0718 
-3.06667 -0.266667 40.0443 
-3.06667 -0.2 40.0074 
-3.06667 -0.133333 39.9577 
-3.06667 -0.0666667 39.8914 
-3.06667 -4.16334e-16 39.8032 
-3.06667 0.0666667 39.6871 
-3.06667 0.133333 39.5355 
-3.06667 0.2 39.3406 
-3.06667 0.266667 39.0942 
-3.06667 0.333333 38.79 
-3.06667 0.4 38.4254 
-3.06667 0.466667 38.005 
-3.06667 0.533333 37.5437 
-3.06667 0.6 37.0687 
-3.06667 0.666667 36.6188 
-3.06667 0.733333 36.2371 
-3.06667 0.8 35.9572 
-3.06667 0.866667 35.7883 
-3.06667 0.933333 35.7096 
-3.06667 1 35.6836 
-3.06667 1.06667 35.6782 
-3.06667 1.13333 35.6775 
-3.06667 1.2 35.6775 
-3.06667 1.26667 35.6775 
-3.06667 1.33333 35.6775 
-3.06667 1.4 35.6775 
-3.06667 1.46667 35.6775 
-3.06667 1.53333 35.6775 
-3.06667 1.6 35.6775 
-3.06667 1.66667 35.6775 
-3.06667 1.73333 35.6775 
-3.06667 1.8 35.6775 
-3.06667 1.86667 35.6775 
-3.06667 1.93333 35.6775 
-3.06667 2 35.6775 
-3 -2 40.1493 
-3 -1.93333 40.1493 
-3 -1.86667 40.1493 
-3 -1.8 40.1493 
-3 -1.73333 40.1492 
-3 -1.66667 40.1492 
-3 -1.6 40.1491 
-3 -1.53333 40.149 
-3 -1.46667 40.1489 
-3 -1.4 40.1487 
-3 -1.33333 40.1485 
-3 -1.26667 40.1481 
-3 -1.2 40.1477 
-3 -1.13333 40.1471 
-3 -1.06667 40.1463 
-3 -1 40.1451 
-3 -0.933333 40.1436 
-3 -0.866667 40.1416 
-3 -0.8 40.1387 
-3 -0.733333 40.1349 
-3 -0.666667 40.1297 
-3 -0.6 40.1227 
-3 -0.533333 40.1131 
-3 -0.466667 40.1002 
-3 -0.4 40.0827 
-3 -0.333333 40.059 
-3 -0.266667 40.027 
-3 -0.2 39.9839 
-3 -0.133333 39.9262 
-3 -0.0666667 39.849 
-3 -4.16334e-16 39.7466 
-3 0.0666667 39.6117 
-3 0.133333 39.436 
-3 0.2 39.2104 
-3 0.266667 38.9257 
-3 0.333333 38.5749 
-3 0.4 38.1556 
-3 0.466667 37.673 
-3 0.533333 37.1445 
-3 0.6 36.6014 
-3 0.666667 36.0875 
-3 0.733333 35.6518 
-3 0.8 35.3322 
-3 0.866667 35.1391 
-3 0.933333 35.049 
-3 1 35.0191 
-3 1.06667 35.0129 
-3 1.13333 35.0121 
-3 1.2 35.0121 
-3 1.26667 35.0121 
-3 1.33333 35.0121 
-3 1.4 35.0121 
-3 1.46667 35.0121 
-3 1.53333 35.0121 
-3 1.6 35.0121 
-3 1.66667 35.0121 
-3 1.73333 35.0121 
-3 1.8 35.0121 
-3 1.86667 35.0121 
-3 1.93333 35.0121 
-3 2 35.0121 
-2.93333 -2 40.1493 
-2.93333 -1.93333 40.1493 
-2.93333 -1.86667 40.1493 
-2.93333 -1.8 40.1493 
-2.93333 -1.73333 40.1492 
-2.93333 -1.66667 40.1492 
-2.93333 -1.6 40.1491 
-2.93333 -1.53333 40.149 
-2.93333 -1.46667 40.1488 
-2.93333 -1.4 40.1486 
-2.93333 -1.33333 40.1483 
-2.93333 -1.26667 40.1479 
-2.93333 -1.2 40.1474 
-2.93333 -1.13333 40.1467 
-2.93333 -1.06667 40.1457 
-2.93333 -1 40.1444 
-2.93333 -0.933333 40.1427 
-2.93333 -0.866667 40.1403 
-2.93333 -0.8 40.137 
-2.93333 -0.733333 40.1325 
-2.93333 -0.666667 40.1265 
-2.93333 -0.6 40.1183 
-2.93333 -0.533333 40.1071 
-2.93333 -0.466667 40.0921 
-2.93333 -0.4 40.0716 
-2.93333 -0.333333 40.044 
-2.93333 -0.266667 40.0068 
-2.93333 -0.2 39.9567 
-2.93333 -0.133333 39.8894 
-2.93333 -0.0666667 39.7997 
-2.93333 -4.16334e-16 39.6808 
-2.93333 0.0666667 39.5243 
-2.93333 0.133333 39.3208 
-2.93333 0.2 39.0599 
-2.93333 0.266667 38.7314 
-2.93333 0.333333 38.3277 
-2.93333 0.4 37.8461 
-2.93333 0.466667 37.2934 
-2.93333 0.533333 36.6896 
-2.93333 0.6 36.0702 
-2.93333 0.666667 35.4852 
-2.93333 0.733333 34.9895 
-2.93333 0.8 34.6259 
-2.93333 0.866667 34.406 
-2.93333 0.933333 34.3032 
-2.93333 1 34.2691 
-2.93333 1.06667 34.2619 
-2.93333 1.13333 34.2611 
-2.93333 1.2 34.261 
-2.93333 1.26667 34.261 
-2.93333 1.33333 34.261 
-2.93333 1.4 34.261 
-2.93333 1.46667 34.261 
-2.93333 1.53333 34.261 
-2.93333 1.6 34.261 
-2.93333 1.66667 34.261 
-2.93333 1.73333 34.261 
-2.93333 1.8 34.261 
-2.93333 1.86667 34.261 
-2.93333 1.93333 34.261 
-2.93333 2 34.261 
-2.86667 -2 40.1493 
-2.86667 -1.93333 40.1493 
-2.86667 -1.86667 40.1493 
-2.86667 -1.8 40.1492 
-2.86667 -1.73333 40.1492 
-2.86667 -1.66667 40.1491 
-2.86667 -1.6 40.149 
-2.86667 -1.53333 40.1489 
-2.86667 -1.46667 40.1487 
-2.86667 -1.4 40.1485 
-2.86667 -1.33333 40.1481 
-2.86667 -1.26667 40.1477 
-2.86667 -1.2 40.1471 
-2.86667 -1.13333 40.1463 
-2.86667 -1.06667 40.1451 
-2.86667 -1 40.1436 
-2.86667 -0.933333 40.1416 
-2.86667 -0.866667 40.1387 
-2.86667 -0.8 40.1349 
-2.86667 -0.733333 40.1297 
-2.86667 -0.666667 40.1227 
-2.86667 -0.6 40.1131 
-2.86667 -0.533333 40.1001 
-2.86667 -0.466667 40.0826 
-2.86667 -0.4 40.0588 
-2.86667 -0.333333 40.0266 
-2.86667 -0.266667 39.9833 
-2.86667 -0.2 39.9249 
-2.86667 -0.133333 39.8468 
-2.86667 -0.0666667 39.7425 
-2.86667 -4.16334e-16 39.6044 
-2.86667 0.0666667 39.4231 
-2.86667 0.133333 39.1876 
-2.86667 0.2 38.8862 
-2.86667 0.266667 38.5078 
-2.86667 0.333333 38.0438 
-2.86667 0.4 37.492 
-2.86667 0.466667 36.8606 
-2.86667 0.533333 36.1725 
-2.86667 0.6 35.4685 
-2.86667 0.666667 34.805 
-2.86667 0.733333 34.2435 
-2.86667 0.8 33.8318 
-2.86667 0.866667 33.5826 
-2.86667 0.933333 33.4659 
-2.86667 1 33.4271 
-2.86667 1.06667 33.4189 
-2.86667 1.13333 33.418 
-2.86667 1.2 33.4179 
-2.86667 1.26667 33.4179 
-2.86667 1.33333 33.4179 
-2.86667 1.4 33.4179 
-2.86667 1.46667 33.4179 
-2.86667 1.53333 33.4179 
-2.86667 1.6 33.4179 
-2.86667 1.66667 33.4179 
-2.86667 1.73333 33.4179 
-2.86667 1.8 33.4179 
-2.86667 1.86667 33.4179 
-2.86667 1.93333 33.4179 
-2.86667 2 33.4179 
-2.8 -2 40.1493 
-2.8 -1.93333 40.1493 
-2.8 -1.86667 40.1493 
-2.8 -1.8 40.1492 
-2.8 -1.73333 40.1492 
-2.8 -1.66667 40.1491 
-2.8 -1.6 40.149 
-2.8 -1.53333 40.1488 
-2.8 -1.46667 40.1486 
-2.8 -1.4 40.1483 
-2.8 -1.33333 40.1479 
-2.8 -1.26667 40.1474 
-2.8 -1.2 40.1467 
-2.8 -1.13333 40.1457 
-2.8 -1.06667 40.1444 
-2.8 -1 40.1427 
-2.8 -0.933333 40.1403 
-2.8 -0.866667 40.137 
-2.8 -0.8 40.1325 
-2.8 -0.733333 40.1265 
-2.8 -0.666667 40.1182 
-2.8 -0.6 40.1071 
-2.8 -0.533333 40.092 
-2.8 -0.466667 40.0715 
-2.8 -0.4 40.0438 
-2.8 -0.333333 40.0063 
-2.8 -0.266667 39.9559 
-2.8 -0.2 39.888 
-2.8 -0.133333 39.7971 
-2.8 -0.0666667 39.6761 
-2.8 -4.16334e-16 39.5159 
-2.8 0.0666667 39.3059 
-2.8 0.133333 39.0337 
-2.8 0.2 38.6861 
-2.8 0.266667 38.2508 
-2.8 0.333333 37.7187 
-2.8 0.4 37.0879 
-2.8 0.466667 36.3684 
-2.8 0.533333 35.5869 
-2.8 0.6 34.7899 
-2.8 0.666667 34.0407 
-2.8 0.733333 33.4081 
-2.8 0.8 32.9446 
-2.8 0.866667 32.664 
-2.8 0.933333 32.5323 
-2.8 1 32.4885 
-2.8 1.06667 32.4792 
-2.8 1.13333 32.4781 
-2.8 1.2 32.4781 
-2.8 1.26667 32.4781 
-2.8 1.33333 32.4781 
-2.8 1.4 32.4781 
-2.8 1.46667 32.4781 
-2.8 1.53333 32.4781 
-2.8 1.6 32.4781 
-2.8 1.66667 32.4781 
-2.8 1.73333 32.4781 
-2.8 1.8 32.4781 
-2.8 1.86667 32.4781 
-2.8 1.93333 32.4781 
-2.8 2 32.4781 
-2.73333 -2 40.1493 
-2.73333 -1.93333 40.1493 
-2.73333 -1.86667 40.1492 
-2.73333 -1.8 40.1492 
-2.73333 -1.73333 40.1491 
-2.73333 -1.66667 40.149 
-2.73333 -1.6 40.1489 
-2.73333 -1.53333 40.1487 
-2.73333 -1.46667 40.1485 
-2.73333 -1.4 40.1481 
-2.73333 -1.33333 40.1477 
-2.73333 -1.26667 40.1471 
-2.73333 -1.2 40.1463 
-2.73333 -1.13333 40.1451 
-2.73333 -1.06667 40.1436 
-2.73333 -1 40.1415 
-2.73333 -0.933333 40.1387 
-2.73333 -0.866667 40.1349 
-2.73333 -0.8 40.1297 
-2.73333 -0.733333 40.1227 
-2.73333 -0.666667 40.1131 
-2.73333 -0.6 40.1001 
-2.73333 -0.533333 40.0825 
-2.73333 -0.466667 40.0586 
-2.73333 -0.4 40.0263 
-2.73333 -0.333333 39.9828 
-2.73333 -0.266667 39.924 
-2.73333 -0.2 39.8451 
-2.73333 -0.133333 39.7395 
-2.73333 -0.0666667 39.599 
-2.73333 -4.16334e-16 39.4134 
-2.73333 0.0666667 39.1703 
-2.73333 0.133333 38.8561 
-2.73333 0.2 38.4559 
-2.73333 0.266667 37.9561 
-2.73333 0.333333 37.3473 
-2.73333 0.4 36.628 
-2.73333 0.466667 35.8107 
-2.73333 0.533333 34.9265 
-2.73333 0.6 34.0283 
-2.73333 0.666667 33.1873 
-2.73333 0.733333 32.4792 
-2.73333 0.8 31.9613 
-2.73333 0.866667 31.6476 
-2.73333 0.933333 31.5003 
-2.73333 1 31.4511 
-2.73333 1.06667 31.4407 
-2.73333 1.13333 31.4395 
-2.73333 1.2 31.4394 
-2.73333 1.26667 31.4394 
-2.73333 1.33333 31.4394 
-2.73333 1.4 31.4394 
-2.73333 1.46667 31.4394 
-2.73333 1.53333 31.4394 
-2.73333 1.6 31.4394 
-2.73333 1.66667 31.4394 
-2.73333 1.73333 31.4394 
-2.73333 1.8 31.4394 
-2.73333 1.86667 31.4394 
-2.73333 1.93333 31.4394 
-2.73333 2 31.4394 
-2.66667 -2 40.1493 
-2.66667 -1.93333 40.1493 
-2.66667 -1.86667 40.1492 
-2.66667 -1.8 40.1492 
-2.66667 -1.73333 40.1491 
-2.66667 -1.66667 40.149 
-2.66667 -1.6 40.1488 
-2.66667 -1.53333 40.1486 
-2.66667 -1.46667 40.1483 
-2.66667 -1.4 40.1479 
-2.66667 -1.33333 40.1474 
-2.66667 -1.26667 40.1467 
-2.66667 -1.2 40.1457 
-2.66667 -1.13333 40.1444 
-2.66667 -1.06667 40.1427 
-2.66667 -1 40.1402 
-2.66667 -0.933333 40.137 
-2.66667 -0.866667 40.1325 
-2.66667 -0.8 40.1265 
-2.66667 -0.733333 40.1182 
-2.66667 -0.666667 40.1071 
-2.66667 -0.6 40.0919 
-2.66667 -0.533333 40.0714 
-2.66667 -0.466667 40.0436 
-2.66667 -0.4 40.006 
-2.66667 -0.333333 39.9553 
-2.66667 -0.266667 39.887 
-2.66667 -0.2 39.7952 
-2.66667 -0.133333 39.6726 
-2.66667 -0.0666667 39.5096 
-2.66667 -4.16334e-16 39.2946 
-2.66667 0.0666667 39.0138 
-2.66667 0.133333 38.6515 
-2.66667 0.2 38.1915 
-2.66667 0.266667 37.619 
-2.66667 0.333333 36.924 
-2.66667 0.4 36.1063 
-2.66667 0.466667 35.1812 
-2.66667 0.533333 34.1853 
-2.66667 0.6 33.1789 
-2.66667 0.666667 32.2414 
-2.66667 0.733333 31.4553 
-2.66667 0.8 30.882 
-2.66667 0.866667 30.535 
-2.66667 0.933333 30.3717 
-2.66667 1 30.3171 
-2.66667 1.06667 30.3055 
-2.66667 1.13333 30.3041 
-2.66667 1.2 30.3041 
-2.66667 1.26667 30.3041 
-2.66667 1.33333 30.3041 
-2.66667 1.4 30.3041 
-2.66667 1.46667 30.3041 
-2.66667 1.53333 30.3041 
-2.66667 1.6 30.3041 
-2.66667 1.66667 30.3041 
-2.66667 1.73333 30.3041 
-2.66667 1.8 30.3041 
-2.66667 1.86667 30.3041 
-2.66667 1.93333 30.3041 
-2.66667 2 30.3041 
-2.6 -2 40.1493 
-2.6 -1.93333 40.1492 
-2.6 -1.86667 40.1492 
-2.6 -1.8 40.1491 
-2.6 -1.73333 40.149 
-2.6 -1.66667 40.1489 
-2.6 -1.6 40.1487 
-2.6 -1.53333 40.1485 
-2.6 -1.46667 40.1481 
-2.6 -1.4 40.1477 
-2.6 -1.33333 40.1471 
-2.6 -1.26667 40.1463 
-2.6 -1.2 40.1451 
-2.6 -1.13333 40.1436 
-2.6 -1.06667 40.1415 
-2.6 -1 40.1387 
-2.6 -0.933333 40.1349 
-2.6 -0.866667 40.1297 
-2.6 -0.8 40.1227 
-2.6 -0.733333 40.1131 
-2.6 -0.666667 40.1001 
-2.6 -0.6 40.0824 
-2.6 -0.533333 40.0585 
-2.6 -0.466667 40.0261 
-2.6 -0.4 39.9824 
-2.6 -0.333333 39.9233 
-2.6 -0.266667 39.8439 
-2.6 -0.2 39.7373 
-2.6 -0.133333 39.5949 
-2.6 -0.0666667 39.4061 
-2.6 -4.16334e-16 39.1574 
-2.6 0.0666667 38.8333 
-2.6 0.133333 38.4163 
-2.6 0.2 37.8885 
-2.6 0.266667 37.2341 
-2.6 0.333333 36.443 
-2.6 0.4 35.5166 
-2.6 0.466667 34.474 
-2.6 0.533333 33.3585 
-2.6 0.6 32.2388 
-2.6 0.666667 31.2028 
-2.6 0.733333 30.3395 
-2.6 0.8 29.7122 
-2.6 0.866667 29.333 
-2.6 0.933333 29.1544 
-2.6 1 29.0945 
-2.6 1.06667 29.0817 
-2.6 1.13333 29.0802 
-2.6 1.2 29.0801 
-2.6 1.26667 29.0801 
-2.6 1.33333 29.0801 
-2.6 1.4 29.0801 
-2.6 1.46667 29.0801 
-2.6 1.53333 29.0801 
-2.6 1.6 29.0801 
-2.6 1.66667 29.0801 
-2.6 1.73333 29.0801 
-2.6 1.8 29.0801 
-2.6 1.86667 29.0801 
-2.6 1.93333 29.0801 
-2.6 2 29.0801 
-2.53333 -2 40.1493 
-2.53333 -1.93333 40.1492 
-2.53333 -1.86667 40.1492 
-2.53333 -1.8 40.1491 
-2.53333 -1.73333 40.149 
-2.53333 -1.66667 40.1488 
-2.53333 -1.6 40.1486 
-2.53333 -1.53333 40.1483 
-2.53333 -1.46667 40.1479 
-2.53333 -1.4 40.1474 
-2.53333 -1.33333 40.1467 
-2.53333 -1.26667 40.1457 
-2.53333 -1.2 40.1444 
-2.53333 -1.13333 40.1427 
-2.53333 -1.06667 40.1402 
-2.53333 -1 40.137 
-2.53333 -0.933333 40.1325 
-2.53333 -0.866667 40.1264 
-2.53333 -0.8 40.1182 
-2.53333 -0.733333 40.1071 
-2.53333 -0.666667 40.0919 
-2.53333 -0.6 40.0713 
-2.53333 -0.533333 40.0435 
-2.53333 -0.466667 40.0058 
-2.53333 -0.4 39.9549 
-2.53333 -0.333333 39.8862 
-2.53333 -0.266667 39.7938 
-2.53333 -0.2 39.67 
-2.53333 -0.133333 39.5049 
-2.53333 -0.0666667 39.2862 
-2.53333 -4.16334e-16 38.9989 
-2.53333 0.0666667 38.6253 
-2.53333 0.133333 38.1462 
-2.53333 0.2 37.542 
-2.53333 0.266667 36.796 
-2.53333 0.333333 35.8983 
-2.53333 0.4 34.8529 
-2.53333 0.466667 33.684 
-2.53333 0.533333 32.443 
-2.53333 0.6 31.2082 
-2.53333 0.666667 30.0762 
-2.53333 0.733333 29.1405 
-2.53333 0.8 28.4645 
-2.53333 0.866667 28.0566 
-2.53333 0.933333 27.8643 
-2.53333 1 27.7995 
-2.53333 1.06667 27.7856 
-2.53333 1.13333 27.784 
-2.53333 1.2 27.7839 
-2.53333 1.26667 27.7839 
-2.53333 1.33333 27.7839 
-2.53333 1.4 27.7839 
-2.53333 1.46667 27.7839 
-2.53333 1.53333 27.7839 
-2.53333 1.6 27.7839 
-2.53333 1.66667 27.7839 
-2.53333 1.73333 27.7839 
-2.53333 1.8 27.7839 
-2.53333 1.86667 27.7839 
-2.53333 1.93333 27.7839 
-2.53333 2 27.7839 
-2.46667 -2 40.1492 
-2.46667 -1.93333 40.1492 
-2.46667 -1.86667 40.1491 
-2.46667 -1.8 40.149 
-2.46667 -1.73333 40.1489 
-2.46667 -1.66667 40.1487 
-2.46667 -1.6 40.1485 
-2.46667 -1.53333 40.1481 
-2.46667 -1.46667 40.1477 
-2.46667 -1.4 40.1471 
-2.46667 -1.33333 40.1463 
-2.46667 -1.26667 40.1451 
-2.46667 -1.2 40.1436 
-2.46667 -1.13333 40.1415 
-2.46667 -1.06667 40.1387 
-2.46667 -1 40.1349 
-2.46667 -0.933333 40.1297 
-2.46667 -0.866667 40.1226 
-2.46667 -0.8 40.1131 
-2.46667 -0.733333 40.1 
-2.46667 -0.666667 40.0824 
-2.46667 -0.6 40.0584 
-2.46667 -0.533333 40.026 
-2.46667 -0.466667 39.9821 
-2.46667 -0.4 39.9228 
-2.46667 -0.333333 39.843 
-2.46667 -0.266667 39.7356 
-2.46667 -0.2 39.5919 
-2.46667 -0.133333 39.4007 
-2.46667 -0.0666667 39.1477 
-2.46667 -4.16334e-16 38.8161 
-2.46667 0.0666667 38.3863 
-2.46667 0.133333 37.8369 
-2.46667 0.2 37.1469 
-2.46667 0.266667 36.2988 
-2.46667 0.333333 35.2839 
-2.46667 0.4 34.1097 
-2.46667 0.466667 32.8074 
-2.46667 0.533333 31.4384 
-2.46667 0.6 30.092 
-2.46667 0.666667 28.8726 
-2.46667 0.733333 27.8756 
-2.46667 0.8 27.1606 
-2.46667 0.866667 26.7305 
-2.46667 0.933333 26.5275 
-2.46667 1 26.4589 
-2.46667 1.06667 26.4441 
-2.46667 1.13333 26.4423 
-2.46667 1.2 26.4423 
-2.46667 1.26667 26.4423 
-2.46667 1.33333 26.4423 
-2.46667 1.4 26.4423 
-2.46667 1.46667 26.4423 
-2.46667 1.53333 26.4423 
-2.46667 1.6 26.4423 
-2.46667 1.66667 26.4423 
-2.46667 1.73333 26.4423 
-2.46667 1.8 26.4423 
-2.46667 1.86667 26.4423 
-2.46667 1.93333 26.4423 
-2.46667 2 26.4423 
-2.4 -2 40.1492 
-2.4 -1.93333 40.1492 
-2.4 -1.86667 40.1491 
-2.4 -1.8 40.149 
-2.4 -1.73333 40.1488 
-2.4 -1.66667 40.1486 
-2.4 -1.6 40.1483 
-2.4 -1.53333 40.1479 
-2.4 -1.46667 40.1474 
-2.4 -1.4 40.1467 
-2.4 -1.33333 40.1457 
-2.4 -1.26667 40.1444 
-2.4 -1.2 40.1427 
-2.4 -1.13333 40.1402 
-2.4 -1.06667 40.137 
-2.4 -1 40.1325 
-2.4 -0.933333 40.1264 
-2.4 -0.866667 40.1182 
-2.4 -0.8 40.107 
-2.4 -0.733333 40.0919 
-2.4 -0.666667 40.0713 
-2.4 -0.6 40.0434 
-2.4 -0.533333 40.0056 
-2.4 -0.466667 39.9545 
-2.4 -0.4 39.8856 
-2.4 -0.333333 39.7927 
-2.4 -0.266667 39.6681 
-2.4 -0.2 39.5015 
-2.4 -0.133333 39.28 
-2.4 -0.0666667 38.9878 
-2.4 -4.16334e-16 38.6057 
-2.4 0.0666667 38.1121 
-2.4 0.133333 37.4835 
-2.4 0.2 36.6976 
-2.4 0.266667 35.7366 
-2.4 0.333333 34.5941 
-2.4 0.4 33.2826 
-2.4 0.466667 31.843 
-2.4 0.533333 30.3489 
-2.4 0.6 28.9017 
-2.4 0.666667 27.6118 
-2.4 0.733333 26.5722 
-2.4 0.8 25.8338 
-2.4 0.866667 25.3914 
-2.4 0.933333 25.1823 
-2.4 1 25.1112 
-2.4 1.06667 25.0958 
-2.4 1.13333 25.094 
-2.4 1.2 25.0939 
-2.4 1.26667 25.0939 
-2.4 1.33333 25.0939 
-2.4 1.4 25.0939 
-2.4 1.46667 25.0939 
-2.4 1.53333 25.0939 
-2.4 1.6 25.0939 
-2.4 1.66667 25.0939 
-2.4 1.73333 25.0939 
-2.4 1.8 25.0939 
-2.4 1.86667 25.0939 
-2.4 1.93333 25.0939 
-2.4 2 25.0939 
-2.33333 -2 40.1492 
-2.33333 -1.93333 40.1491 
-2.33333 -1.86667 40.149 
-2.33333 -1.8 40.1489 
-2.33333 -1.73333 40.1487 
-2.33333 -1.66667 40.1485 
-2.33333 -1.6 40.1481 
-2.33333 -1.53333 40.1477 
-2.33333 -1.46667 40.1471 
-2.33333 -1.4 40.1463 
-2.33333 -1.33333 40.1451 
-2.33333 -1.26667 40.1436 
-2.33333 -1.2 40.1415 
-2.33333 -1.13333 40.1387 
-2.33333 -1.06667 40.1349 
-2.33333 -1 40.1297 
-2.33333 -0.933333 40.1226 
-2.33333 -0.866667 40.113 
-2.33333 -0.8 40.1 
-2.33333 -0.733333 40.0823 
-2.33333 -0.666667 40.0584 
-2.33333 -0.6 40.0259 
-2.33333 -0.533333 39.9819 
-2.33333 -0.466667 39.9225 
-2.33333 -0.4 39.8423 
-2.33333 -0.333333 39.7344 
-2.33333 -0.266667 39.5897 
-2.33333 -0.2 39.3966 
-2.33333 -0.133333 39.1405 
-2.33333 -0.0666667 38.8033 
-2.33333 -4.16334e-16 38.3638 
-2.33333 0.0666667 37.798 
-2.33333 0.133333 37.0807 
-2.33333 0.2 36.1882 
-2.33333 0.266667 35.1035 
-2.33333 0.333333 33.8237 
-2.33333 0.4 32.3691 
-2.33333 0.466667 30.7932 
-2.33333 0.533333 29.1848 
-2.33333 0.6 27.6575 
-2.33333 0.666667 26.3243 
-2.33333 0.733333 25.2694 
-2.33333 0.8 24.5295 
-2.33333 0.866667 24.0882 
-2.33333 0.933333 23.8791 
-2.33333 1 23.8076 
-2.33333 1.06667 23.792 
-2.33333 1.13333 23.7902 
-2.33333 1.2 23.7901 
-2.33333 1.26667 23.7901 
-2.33333 1.33333 23.7901 
-2.33333 1.4 23.7901 
-2.33333 1.46667 23.7901 
-2.33333 1.53333 23.7901 
-2.33333 1.6 23.7901 
-2.33333 1.66667 23.7901 
-2.33333 1.73333 23.7901 
-2.33333 1.8 23.7901 
-2.33333 1.86667 23.7901 
-2.33333 1.93333 23.7901 
-2.33333 2 23.7901 
-2.26667 -2 40.1492 
-2.26667 -1.93333 40.1491 
-2.26667 -1.86667 40.149 
-2.26667 -1.8 40.1488 
-2.26667 -1.73333 40.1486 
-2.26667 -1.66667 40.1483 
-2.26667 -1.6 40.1479 
-2.26667 -1.53333 40.1474 
-2.26667 -1.46667 40.1467 
-2.26667 -1.4 40.1457 
-2.26667 -1.33333 40.1444 
-2.26667 -1.26667 40.1427 
-2.26667 -1.2 40.1402 
-2.26667 -1.13333 40.137 
-2.26667 -1.06667 40.1325 
-2.26667 -1 40.1264 
-2.26667 -0.933333 40.1182 
-2.26667 -0.866667 40.107 
-2.26667 -0.8 40.0918 
-2.26667 -0.733333 40.0713 
-2.26667 -0.666667 40.0433 
-2.26667 -0.6 40.0055 
-2.26667 -0.533333 39.9543 
-2.26667 -0.466667 39.8852 
-2.26667 -0.4 39.7919 
-2.26667 -0.333333 39.6666 
-2.26667 -0.266667 39.4989 
-2.26667 -0.2 39.2753 
-2.26667 -0.133333 38.9795 
-2.26667 -0.0666667 38.591 
-2.26667 -4.16334e-16 38.0864 
-2.26667 0.0666667 37.4393 
-2.26667 0.133333 36.6229 
-2.26667 0.2 35.6128 
-2.26667 0.266667 34.394 
-2.26667 0.333333 32.9691 
-2.26667 0.4 31.3698 
-2.26667 0.466667 29.666 
-2.26667 0.533333 27.9646 
-2.26667 0.6 26.3901 
-2.26667 0.666667 25.0523 
-2.26667 0.733333 24.0185 
-2.26667 0.8 23.3047 
-2.26667 0.866667 22.8812 
-2.26667 0.933333 22.6797 
-2.26667 1 22.6102 
-2.26667 1.06667 22.5949 
-2.26667 1.13333 22.593 
-2.26667 1.2 22.5929 
-2.26667 1.26667 22.5929 
-2.26667 1.33333 22.5929 
-2.26667 1.4 22.5929 
-2.26667 1.46667 22.5929 
-2.26667 1.53333 22.5929 
-2.26667 1.6 22.5929 
-2.26667 1.66667 22.5929 
-2.26667 1.73333 22.5929 
-2.26667 1.8 22.5929 
-2.26667 1.86667 22.5929 
-2.26667 1.93333 22.5929 
-2.26667 2 22.5929 
-2.2 -2 40.1491 
-2.2 -1.93333 40.149 
-2.2 -1.86667 40.1489 
-2.2 -1.8 40.1487 
-2.2 -1.73333 40.1485 
-2.2 -1.66667 40.1481 
-2.2 -1.6 40.1477 
-2.2 -1.53333 40.1471 
-2.2 -1.46667 40.1463 
-2.2 -1.4 40.1451 
-2.2 -1.33333 40.1436 
-2.2 -1.26667 40.1415 
-2.2 -1.2 40.1387 
-2.2 -1.13333 40.1349 
-2.2 -1.06667 40.1297 
-2.2 -1 40.1226 
-2.2 -0.933333 40.113 
-2.2 -0.866667 40.1 
-2.2 -0.8 40.0823 
-2.2 -0.733333 40.0583 
-2.2 -0.666667 40.0258 
-2.2 -0.6 39.9818 
-2.2 -0.533333 39.9222 
-2.2 -0.466667 39.8418 
-2.2 -0.4 39.7335 
-2.2 -0.333333 39.5881 
-2.2 -0.266667 39.3937 
-2.2 -0.2 39.1352 
-2.2 -0.133333 38.7938 
-2.2 -0.0666667 38.3471 
-2.2 -4.16334e-16 37.7689 
-2.2 0.0666667 37.0307 
-2.2 0.133333 36.1043 
-2.2 0.2 34.9657 
-2.2 0.266667 33.6033 
-2.2 0.333333 32.0288 
-2.2 0.4 30.2897 
-2.2 0.466667 28.4769 
-2.2 0.533333 26.717 
-2.2 0.6 25.142 
-2.2 0.666667 23.8498 
-2.2 0.733333 22.8811 
-2.2 0.8 22.2251 
-2.2 0.866667 21.8378 
-2.2 0.933333 21.6523 
-2.2 1 21.5875 
-2.2 1.06667 21.573 
-2.2 1.13333 21.5712 
-2.2 1.2 21.5711 
-2.2 1.26667 21.5711 
-2.2 1.33333 21.5711 
-2.2 1.4 21.5711 
-2.2 1.46667 21.5711 
-2.2 1.53333 21.5711 
-2.2 1.6 21.5711 
-2.2 1.66667 21.5711 
-2.2 1.73333 21.5711 
-2.2 1.8 21.5711 
-2.2 1.86667 21.5711 
-2.2 1.93333 21.5711 
-2.2 2 21.5711 
-2.13333 -2 40.1491 
-2.13333 -1.93333 40.149 
-2.13333 -1.86667 40.1488 
-2.13333 -1.8 40.1486 
-2.13333 -1.73333 40.1483 
-2.13333 -1.66667 40.1479 
-2.13333 -1.6 40.1474 
-2.13333 -1.53333 40.1467 
-2.13333 -1.46667 40.1457 
-2.13333 -1.4 40.1444 
-2.13333 -1.33333 40.1427 
-2.13333 -1.26667 40.1402 
-2.13333 -1.2 40.137 
-2.13333 -1.13333 40.1325 
-2.13333 -1.06667 40.1264 
-2.13333 -1 40.1182 
-2.13333 -0.933333 40.107 
-2.13333 -0.866667 40.0918 
-2.13333 -0.8 40.0712 
-2.13333 -0.733333 40.0433 
-2.13333 -0.666667 40.0054 
-2.13333 -0.6 39.9541 
-2.13333 -0.533333 39.8848 
-2.13333 -0.466667 39.7914 
-2.13333 -0.4 39.6656 
-2.13333 -0.333333 39.497 
-2.13333 -0.266667 39.2719 
-2.13333 -0.2 38.9733 
-2.13333 -0.133333 38.5801 
-2.13333 -0.0666667 38.0673 
-2.13333 -4.16334e-16 37.4063 
-2.13333 0.0666667 36.5666 
-2.13333 0.133333 35.519 
-2.13333 0.2 34.2415 
-2.13333 0.266667 32.7285 
-2.13333 0.333333 31.0051 
-2.13333 0.4 29.1402 
-2.13333 0.466667 27.2506 
-2.13333 0.533333 25.4822 
-2.13333 0.6 23.9671 
-2.13333 0.666667 22.7798 
-2.13333 0.733333 21.9246 
-2.13333 0.8 21.3591 
-2.13333 0.866667 21.0264 
-2.13333 0.933333 20.8651 
-2.13333 1 20.8075 
-2.13333 1.06667 20.7944 
-2.13333 1.13333 20.7927 
-2.13333 1.2 20.7926 
-2.13333 1.26667 20.7926 
-2.13333 1.33333 20.7926 
-2.13333 1.4 20.7926 
-2.13333 1.46667 20.7926 
-2.13333 1.53333 20.7926 
-2.13333 1.6 20.7926 
-2.13333 1.66667 20.7926 
-2.13333 1.73333 20.7926 
-2.13333 1.8 20.7926 
-2.13333 1.86667 20.7926 
-2.13333 1.93333 20.7926 
-2.13333 2 20.7926 
-2.06667 -2 40.149 
-2.06667 -1.93333 40.1489 
-2.06667 -1.86667 40.1487 
-2.06667 -1.8 40.1485 
-2.06667 -1.73333 40.1481 
-2.06667 -1.66667 40.1477 
-2.06667 -1.6 40.1471 
-2.06667 -1.53333 40.1463 
-2.06667 -1.46667 40.1451 
-2.06667 -1.4 40.1436 
-2.06667 -1.33333 40.1415 
-2.06667 -1.26667 40.1387 
-2.06667 -1.2 40.1349 
-2.06667 -1.13333 40.1297 
-2.06667 -1.06667 40.1226 
-2.06667 -1 40.113 
-2.06667 -0.933333 40.1 
-2.06667 -0.866667 40.0823 
-2.06667 -0.8 40.0583 
-2.06667 -0.733333 40.0258 
-2.06667 -0.666667 39.9817 
-2.06667 -0.6 39.922 
-2.06667 -0.533333 39.8414 
-2.06667 -0.466667 39.7328 
-2.06667 -0.4 39.5869 
-2.06667 -0.333333 39.3915 
-2.06667 -0.266667 39.1312 
-2.06667 -0.2 38.7867 
-2.06667 -0.133333 38.3346 
-2.06667 -0.0666667 37.7471 
-2.06667 -4.16334e-16 36.9933 
-2.06667 0.0666667 36.0411 
-2.06667 0.133333 34.8614 
-2.06667 0.2 33.4358 
-2.06667 0.266667 31.769 
-2.06667 0.333333 29.9051 
-2.06667 0.4 27.941 
-2.06667 0.466667 26.0228 
-2.06667 0.533333 24.3116 
-2.06667 0.6 22.9281 
-2.06667 0.666667 21.9094 
-2.06667 0.733333 21.2147 
-2.06667 0.8 20.7693 
-2.06667 0.866667 20.507 
-2.06667 0.933333 20.3765 
-2.06667 1 20.3284 
-2.06667 1.06667 20.317 
-2.06667 1.13333 20.3156 
-2.06667 1.2 20.3155 
-2.06667 1.26667 20.3155 
-2.06667 1.33333 20.3155 
-2.06667 1.4 20.3155 
-2.06667 1.46667 20.3155 
-2.06667 1.53333 20.3155 
-2.06667 1.6 20.3155 
-2.06667 1.66667 20.3155 
-2.06667 1.73333 20.3155 
-2.06667 1.8 20.3155 
-2.06667 1.86667 20.3155 
-2.06667 1.93333 20.3155 
-2.06667 2 20.3155 
-2 -2 40.149 
-2 -1.93333 40.1488 
-2 -1.86667 40.1486 
-2 -1.8 40.1483 
-2 -1.73333 40.1479 
-2 -1.66667 40.1474 
-2 -1.6 40.1467 
-2 -1.53333 40.1457 
-2 -1.46667 40.1444 
-2 -1.4 40.1427 
-2 -1.33333 40.1402 
-2 -1.26667 40.137 
-2 -1.2 40.1325 
-2 -1.13333 40.1264 
-2 -1.06667 40.1182 
-2 -1 40.107 
-2 -0.933333 40.0918 
-2 -0.866667 40.0712 
-2 -0.8 40.0432 
-2 -0.733333 40.0053 
-2 -0.666667 39.954 
-2 -0.6 39.8846 
-2 -0.533333 39.7909 
-2 -0.466667 39.6648 
-2 -0.4 39.4956 
-2 -0.333333 39.2694 
-2 -0.266667 38.9688 
-2 -0.2 38.572 
-2 -0.133333 38.053 
-2 -0.0666667 37.3816 
-2 -4.16334e-16 36.5245 
-2 0.0666667 35.4485 
-2 0.133333 34.1263 
-2 0.2 32.5461 
-2 0.266667 30.7283 
-2 0.333333 28.7432 
-2 0.4 26.7222 
-2 0.466667 24.8407 
-2 0.533333 23.2662 
-2 0.6 22.0911 
-2 0.666667 21.3016 
-2 0.733333 20.8067 
-2 0.8 20.5031 
-2 0.866667 20.3215 
-2 0.933333 20.2261 
-2 1 20.1887 
-2 1.06667 20.1794 
-2 1.13333 20.1782 
-2 1.2 20.1781 
-2 1.26667 20.1781 
-2 1.33333 20.1781 
-2 1.4 20.1781 
-2 1.46667 20.1781 
-2 1.53333 20.1781 
-2 1.6 20.1781 
-2 1.66667 20.1781 
-2 1.73333 20.1781 
-2 1.8 20.1781 
-2 1.86667 20.1781 
-2 1.93333 20.1781 
-2 2 20.1781 
-1.93333 -2 40.1489 
-1.93333 -1.93333 40.1487 
-1.93333 -1.86667 40.1485 
-1.93333 -1.8 40.1481 
-1.93333 -1.73333 40.1477 
-1.93333 -1.66667 40.1471 
-1.93333 -1.6 40.1463 
-1.93333 -1.53333 40.1451 
-1.93333 -1.46667 40.1436 
-1.93333 -1.4 40.1415 
-1.93333 -1.33333 40.1387 
-1.93333 -1.26667 40.1349 
-1.93333 -1.2 40.1297 
-1.93333 -1.13333 40.1226 
-1.93333 -1.06667 40.113 
-1.93333 -1 40.1 
-1.93333 -0.933333 40.0823 
-1.93333 -0.866667 40.0583 
-1.93333 -0.8 40.0257 
-1.93333 -0.733333 39.9816 
-1.93333 -0.666667 39.9219 
-1.93333 -0.6 39.8411 
-1.93333 -0.533333 39.7323 
-1.93333 -0.466667 39.586 
-1.93333 -0.4 39.3898 
-1.93333 -0.333333 39.1283 
-1.93333 -0.266667 38.7815 
-1.93333 -0.2 38.3253 
-1.93333 -0.133333 37.7309 
-1.93333 -0.0666667 36.9654 
-1.93333 -4.16334e-16 35.9939 
-1.93333 0.0666667 34.7832 
-1.93333 0.133333 33.3096 
-1.93333 0.2 31.5728 
-1.93333 0.266667 29.6154 
-1.93333 0.333333 27.5427 
-1.93333 0.4 25.5248 
-1.93333 0.466667 23.762 
-1.93333 0.533333 22.4112 
-1.93333 0.6 21.518 
-1.93333 0.666667 21.0059 
-1.93333 0.733333 20.7355 
-1.93333 0.8 20.5832 
-1.93333 0.866667 20.4852 
-1.93333 0.933333 20.4258 
-1.93333 1 20.3994 
-1.93333 1.06667 20.3923 
-1.93333 1.13333 20.3913 
-1.93333 1.2 20.3912 
-1.93333 1.26667 20.3912 
-1.93333 1.33333 20.3912 
-1.93333 1.4 20.3912 
-1.93333 1.46667 20.3912 
-1.93333 1.53333 20.3912 
-1.93333 1.6 20.3912 
-1.93333 1.66667 20.3912 
-1.93333 1.73333 20.3912 
-1.93333 1.8 20.3912 
-1.93333 1.86667 20.3912 
-1.93333 1.93333 20.3912 
-1.93333 2 20.3912 
-1.86667 -2 40.1488 
-1.86667 -1.93333 40.1486 
-1.86667 -1.86667 40.1483 
-1.86667 -1.8 40.1479 
-1.86667 -1.73333 40.1474 
-1.86667 -1.66667 40.1467 
-1.86667 -1.6 40.1457 
-1.86667 -1.53333 40.1444 
-1.86667 -1.46667 40.1427 
-1.86667 -1.4 40.1402 
-1.86667 -1.33333 40.137 
-1.86667 -1.26667 40.1325 
-1.86667 -1.2 40.1264 
-1.86667 -1.13333 40.1182 
-1.86667 -1.06667 40.107 
-1.86667 -1 40.0918 
-1.86667 -0.933333 40.0712 
-1.86667 -0.866667 40.0432 
-1.86667 -0.8 40.0053 
-1.86667 -0.733333 39.9539 
-1.86667 -0.666667 39.8844 
-1.86667 -0.6 39.7906 
-1.86667 -0.533333 39.6643 
-1.86667 -0.466667 39.4945 
-1.86667 -0.4 39.2675 
-1.86667 -0.333333 38.9654 
-1.86667 -0.266667 38.566 
-1.86667 -0.2 38.0425 
-1.86667 -0.133333 37.3632 
-1.86667 -0.0666667 36.4931 
-1.86667 -4.16334e-16 35.3959 
-1.86667 0.0666667 34.04 
-1.86667 0.133333 32.4091 
-1.86667 0.2 30.5203 
-1.86667 0.266667 28.4472 
-1.86667 0.333333 26.3375 
-1.86667 0.4 24.4012 
-1.86667 0.466667 22.8503 
-1.86667 0.533333 21.8092 
-1.86667 0.6 21.2568 
-1.86667 0.666667 21.0495 
-1.86667 0.733333 21.0083 
-1.86667 0.8 21.0025 
-1.86667 0.866667 20.9828 
-1.86667 0.933333 20.9565 
-1.86667 1 20.9403 
-1.86667 1.06667 20.9352 
-1.86667 1.13333 20.9344 
-1.86667 1.2 20.9344 
-1.86667 1.26667 20.9344 
-1.86667 1.33333 20.9344 
-1.86667 1.4 20.9344 
-1.86667 1.46667 20.9344 
-1.86667 1.53333 20.9344 
-1.86667 1.6 20.9344 
-1.86667 1.66667 20.9344 
-1.86667 1.73333 20.9344 
-1.86667 1.8 20.9344 
-1.86667 1.86667 20.9344 
-1.86667 1.93333 20.9344 
-1.86667 2 20.9344 
-1.8 -2 40.1487 
-1.8 -1.93333 40.1485 
-1.8 -1.86667 40.1481 
-1.8 -1.8 40.1477 
-1.8 -1.73333 40.1471 
-1.8 -1.66667 40.1463 
-1.8 -1.6 40.1451 
-1.8 -1.53333 40.1436 
-1.8 -1.46667 40.1415 
-1.8 -1.4 40.1387 
-1.8 -1.33333 40.1349 
-1.8 -1.26667 40.1297 
-1.8 -1.2 40.1226 
-1.8 -1.13333 40.113 
-1.8 -1.06667 40.1 
-1.8 -1 40.0823 
-1.8 -0.933333 40.0583 
-1.8 -0.866667 40.0257 
-1.8 -0.8 39.9815 
-1.8 -0.733333 39.9217 
-1.8 -0.666667 39.841 
-1.8 -0.6 39.732 
-1.8 -0.533333 39.5853 
-1.8 -0.466667 39.3886 
-1.8 -0.4 39.1261 
-1.8 -0.333333 38.7776 
-1.8 -0.266667 38.3185 
-1.8 -0.2 37.7189 
-1.8 -0.133333 36.9447 
-1.8 -0.0666667 35.9588 
-1.8 -4.16334e-16 34.7247 
-1.8 0.0666667 33.2151 
-1.8 0.133333 31.4258 
-1.8 0.2 29.3992 
-1.8 0.266667 27.2495 
-1.8 0.333333 25.1729 
-1.8 0.4 23.4121 
-1.8 0.466667 22.1696 
-1.8 0.533333 21.5104 
-1.8 0.6 21.3327 
-1.8 0.666667 21.4305 
-1.8 0.733333 21.6014 
-1.8 0.8 21.7233 
-1.8 0.866667 21.7692 
-1.8 0.933333 21.7701 
-1.8 1 21.7622 
-1.8 1.06667 21.7587 
-1.8 1.13333 21.7581 
-1.8 1.2 21.758 
-1.8 1.26667 21.758 
-1.8 1.33333 21.758 
-1.8 1.4 21.758 
-1.8 1.46667 21.758 
-1.8 1.53333 21.758 
-1.8 1.6 21.758 
-1.8 1.66667 21.758 
-1.8 1.73333 21.758 
-1.8 1.8 21.758 
-1.8 1.86667 21.758 
-1.8 1.93333 21.758 
-1.8 2 21.758 
-1.73333 -2 40.1486 
-1.73333 -1.93333 40.1483 
-1.73333 -1.86667 40.1479 
-1.73333 -1.8 40.1474 
-1.73333 -1.73333 40.1467 
-1.73333 -1.66667 40.1457 
-1.73333 -1.6 40.1444 
-1.73333 -1.53333 40.1427 
-1.73333 -1.46667 40.1402 
-1.73333 -1.4 40.137 
-1.73333 -1.33333 40.1325 
-1.73333 -1.26667 40.1264 
-1.73333 -1.2 40.1182 
-1.73333 -1.13333 40.107 
-1.73333 -1.06667 40.0918 
-1.73333 -1 40.0712 
-1.73333 -0.933333 40.0432 
-1.73333 -0.866667 40.0053 
-1.73333 -0.8 39.9539 
-1.73333 -0.733333 39.8843 
-1.73333 -0.666667 39.7904 
-1.73333 -0.6 39.6638 
-1.73333 -0.533333 39.4938 
-1.73333 -0.466667 39.2661 
-1.73333 -0.4 38.9629 
-1.73333 -0.333333 38.5616 
-1.73333 -0.266667 38.0347 
-1.73333 -0.2 37.3497 
-1.73333 -0.133333 36.4698 
-1.73333 -0.0666667 35.3567 
-1.73333 -4.16334e-16 33.9756 
-1.73333 0.0666667 32.3068 
-1.73333 0.133333 30.3651 
-1.73333 0.2 28.228 
-1.73333 0.266667 26.0595 
-1.73333 0.333333 24.1044 
-1.73333 0.4 22.6219 
-1.73333 0.466667 21.7749 
-1.73333 0.533333 21.5441 
-1.73333 0.6 21.7421 
-1.73333 0.666667 22.1164 
-1.73333 0.733333 22.4631 
-1.73333 0.8 22.6832 
-1.73333 0.866667 22.777 
-1.73333 0.933333 22.7972 
-1.73333 1 22.7951 
-1.73333 1.06667 22.7927 
-1.73333 1.13333 22.7922 
-1.73333 1.2 22.7922 
-1.73333 1.26667 22.7922 
-1.73333 1.33333 22.7922 
-1.73333 1.4 22.7922 
-1.73333 1.46667 22.7922 
-1.73333 1.53333 22.7922 
-1.73333 1.6 22.7922 
-1.73333 1.66667 22.7922 
-1.73333 1.73333 22.7922 
-1.73333 1.8 22.7922 
-1.73333 1.86667 22.7922 
-1.73333 1.93333 22.7922 
-1.73333 2 22.7922 
-1.66667 -2 40.1485 
-1.66667 -1.93333 40.1481 
-1.66667 -1.86667 40.1477 
-1.66667 -1.8 40.1471 
-1.66667 -1.73333 40.1463 
-1.66667 -1.66667 40.1451 
-1.66667 -1.6 40.1436 
-1.66667 -1.53333 40.1415 
-1.66667 -1.46667 40.1387 
-1.66667 -1.4 40.1349 
-1.66667 -1.33333 40.1297 
-1.66667 -1.26667 40.1226 
-1.66667 -1.2 40.113 
-1.66667 -1.13333 40.1 
-1.66667 -1.06667 40.0823 
-1.66667 -1 40.0582 
-1.66667 -0.933333 40.0257 
-1.66667 -0.866667 39.9815 
-1.66667 -0.8 39.9217 
-1.66667 -0.733333 39.8408 
-1.66667 -0.666667 39.7317 
-1.66667 -0.6 39.5848 
-1.66667 -0.533333 39.3878 
-1.66667 -0.466667 39.1245 
-1.66667 -0.4 38.7748 
-1.66667 -0.333333 38.3134 
-1.66667 -0.266667 37.7101 
-1.66667 -0.2 36.9294 
-1.66667 -0.133333 35.9327 
-1.66667 -0.0666667 34.6813 
-1.66667 -4.16334e-16 33.1447 
-1.66667 0.0666667 31.3163 
-1.66667 0.133333 29.2387 
-1.66667 0.2 27.0349 
-1.66667 0.266667 24.9253 
-1.66667 0.333333 23.1945 
-1.66667 0.4 22.0907 
-1.66667 0.466667 21.7033 
-1.66667 0.533333 21.9112 
-1.66667 0.6 22.4511 
-1.66667 0.666667 23.0492 
-1.66667 0.733333 23.5225 
-1.66667 0.8 23.806 
-1.66667 0.866667 23.9281 
-1.66667 0.933333 23.9591 
-1.66667 1 23.9601 
-1.66667 1.06667 23.9584 
-1.66667 1.13333 23.958 
-1.66667 1.2 23.9579 
-1.66667 1.26667 23.9579 
-1.66667 1.33333 23.9579 
-1.66667 1.4 23.9579 
-1.66667 1.46667 23.9579 
-1.66667 1.53333 23.9579 
-1.66667 1.6 23.9579 
-1.66667 1.66667 23.9579 
-1.66667 1.73333 23.9579 
-1.66667 1.8 23.9579 
-1.66667 1.86667 23.9579 
-1.66667 1.93333 23.9579 
-1.66667 2 23.9579 
-1.6 -2 40.1483 
-1.6 -1.93333 40.1479 
-1.6 -1.86667 40.1474 
-1.6 -1.8 40.1467 
-1.6 -1.73333 40.1457 
-1.6 -1.66667 40.1444 
-1.6 -1.6 40.1427 
-1.6 -1.53333 40.1402 
-1.6 -1.46667 40.137 
-1.6 -1.4 40.1325 
-1.6 -1.33333 40.1264 
-1.6 -1.26667 40.1182 
-1.6 -1.2 40.107 
-1.6 -1.13333 40.0918 
-1.6 -1.06667 40.0712 
-1.6 -1 40.0432 
-1.6 -0.933333 40.0052 
-1.6 -0.866667 39.9538 
-1.6 -0.8 39.8842 
-1.6 -0.733333 39.7902 
-1.6 -0.666667 39.6635 
-1.6 -0.6 39.4932 
-1.6 -0.533333 39.2651 
-1.6 -0.466667 38.9611 
-1.6 -0.4 38.5583 
-1.6 -0.333333 38.0289 
-1.6 -0.266667 37.3396 
-1.6 -0.2 36.4525 
-1.6 -0.133333 35.3276 
-1.6 -0.0666667 33.9277 
-1.6 -4.16334e-16 32.2306 
-1.6 0.0666667 30.2499 
-1.6 0.133333 28.0663 
-1.6 0.2 25.8591 
-1.6 0.266667 23.9046 
-1.6 0.333333 22.5065 
-1.6 0.4 21.8652 
-1.6 0.466667 21.9659 
-1.6 0.533333 22.5827 
-1.6 0.6 23.4006 
-1.6 0.666667 24.1548 
-1.6 0.733333 24.7012 
-1.6 0.8 25.0138 
-1.6 0.866667 25.1458 
-1.6 0.933333 25.1799 
-1.6 1 25.1817 
-1.6 1.06667 25.1801 
-1.6 1.13333 25.1797 
-1.6 1.2 25.1797 
-1.6 1.26667 25.1797 
-1.6 1.33333 25.1797 
-1.6 1.4 25.1797 
-1.6 1.46667 25.1797 
-1.6 1.53333 25.1797 
-1.6 1.6 25.1797 
-1.6 1.66667 25.1797 
-1.6 1.73333 25.1797 
-1.6 1.8 25.1797 
-1.6 1.86667 25.1797 
-1.6 1.93333 25.1797 
-1.6 2 25.1797 
-1.53333 -2 40.1481 
-1.53333 -1.93333 40.1477 
-1.53333 -1.86667 40.1471 
-1.53333 -1.8 40.1463 
-1.53333 -1.73333 40.1451 
-1.53333 -1.66667 40.1436 
-1.53333 -1.6 40.1415 
-1.53333 -1.53333 40.1387 
-1.53333 -1.46667 40.1349 
-1.53333 -1.4 40.1297 
-1.53333 -1.33333 40.1226 
-1.53333 -1.26667 40.113 
-1.53333 -1.2 40.1 
-1.53333 -1.13333 40.0823 
-1.53333 -1.06667 40.0582 
-1.53333 -1 40.0256 
-1.53333 -0.933333 39.9814 
-1.53333 -0.866667 39.9216 
-1.53333 -0.8 39.8407 
-1.53333 -0.733333 39.7315 
-1.53333 -0.666667 39.5845 
-1.53333 -0.6 39.3871 
-1.53333 -0.533333 39.1233 
-1.53333 -0.466667 38.7727 
-1.53333 -0.4 38.3097 
-1.53333 -0.333333 37.7035 
-1.53333 -0.266667 36.918 
-1.53333 -0.2 35.9133 
-1.53333 -0.133333 34.649 
-1.53333 -0.0666667 33.0925 
-1.53333 -4.16334e-16 31.235 
-1.53333 0.0666667 29.1199 
-1.53333 0.133333 26.878 
-1.53333 0.2 24.751 
-1.53333 0.266667 23.0604 
-1.53333 0.333333 22.0963 
-1.53333 0.4 21.9703 
-1.53333 0.466667 22.5441 
-1.53333 0.533333 23.5033 
-1.53333 0.6 24.5164 
-1.53333 0.666667 25.3553 
-1.53333 0.733333 25.9255 
-1.53333 0.8 26.2378 
-1.53333 0.866667 26.3649 
-1.53333 0.933333 26.3959 
-1.53333 1 26.3966 
-1.53333 1.06667 26.3948 
-1.53333 1.13333 26.3944 
-1.53333 1.2 26.3943 
-1.53333 1.26667 26.3943 
-1.53333 1.33333 26.3943 
-1.53333 1.4 26.3943 
-1.53333 1.46667 26.3943 
-1.53333 1.53333 26.3943 
-1.53333 1.6 26.3943 
-1.53333 1.66667 26.3943 
-1.53333 1.73333 26.3943 
-1.53333 1.8 26.3943 
-1.53333 1.86667 26.3943 
-1.53333 1.93333 26.3943 
-1.53333 2 26.3943 
-1.46667 -2 40.1479 
-1.46667 -1.93333 40.1474 
-1.46667 -1.86667 40.1467 
-1.46667 -1.8 40.1457 
-1.46667 -1.73333 40.1444 
-1.46667 -1.66667 40.1427 
-1.46667 -1.6 40.1402 
-1.46667 -1.53333 40.137 
-1.46667 -1.46667 40.1325 
-1.46667 -1.4 40.1264 
-1.46667 -1.33333 40.1182 
-1.46667 -1.26667 40.107 
-1.46667 -1.2 40.0918 
-1.46667 -1.13333 40.0712 
-1.46667 -1.06667 40.0432 
-1.46667 -1 40.0052 
-1.46667 -0.933333 39.9538 
-1.46667 -0.866667 39.8842 
-1.46667 -0.8 39.7901 
-1.46667 -0.733333 39.6633 
-1.46667 -0.666667 39.4928 
-1.46667 -0.6 39.2643 
-1.46667 -0.533333 38.9597 
-1.46667 -0.466667 38.5559 
-1.46667 -0.4 38.0247 
-1.46667 -0.333333 37.3322 
-1.46667 -0.266667 36.4398 
-1.46667 -0.2 35.3061 
-1.46667 -0.133333 33.8923 
-1.46667 -0.0666667 32.1742 
-1.46667 -4.16334e-16 30.1645 
-1.46667 0.0666667 27.9473 
-1.46667 0.133333 25.7145 
-1.46667 0.2 23.7695 
-1.46667 0.266667 22.4546 
-1.46667 0.333333 22.0029 
-1.46667 0.4 22.402 
-1.46667 0.466667 23.3908 
-1.46667 0.533333 24.6005 
-1.46667 0.6 25.7212 
-1.46667 0.666667 26.5807 
-1.46667 0.733333 27.1347 
-1.46667 0.8 27.4248 
-1.46667 0.866667 27.5363 
-1.46667 0.933333 27.5599 
-1.46667 1 27.5583 
-1.46667 1.06667 27.5559 
-1.46667 1.13333 27.5555 
-1.46667 1.2 27.5554 
-1.46667 1.26667 27.5554 
-1.46667 1.33333 27.5554 
-1.46667 1.4 27.5554 
-1.46667 1.46667 27.5554 
-1.46667 1.53333 27.5554 
-1.46667 1.6 27.5554 
-1.46667 1.66667 27.5554 
-1.46667 1.73333 27.5554 
-1.46667 1.8 27.5554 
-1.46667 1.86667 27.5554 
-1.46667 1.93333 27.5554 
-1.46667 2 27.5554 
-1.4 -2 40.1477 
-1.4 -1.93333 40.1471 
-1.4 -1.86667 40.1463 
-1.4 -1.8 40.1451 
-1.4 -1.73333 40.1436 
-1.4 -1.66667 40.1415 
-1.4 -1.6 40.1387 
-1.4 -1.53333 40.1349 
-1.4 -1.46667 40.1297 
-1.4 -1.4 40.1226 
-1.4 -1.33333 40.113 
-1.4 -1.26667 40.1 
-1.4 -1.2 40.0823 
-1.4 -1.13333 40.0582 
-1.4 -1.06667 40.0256 
-1.4 -1 39.9814 
-1.4 -0.933333 39.9216 
-1.4 -0.866667 39.8406 
-1.4 -0.8 39.7313 
-1.4 -0.733333 39.5842 
-1.4 -0.666667 39.3866 
-1.4 -0.6 39.1225 
-1.4 -0.533333 38.7711 
-1.4 -0.466667 38.3069 
-1.4 -0.4 37.6987 
-1.4 -0.333333 36.9097 
-1.4 -0.266667 35.8991 
-1.4 -0.2 34.6252 
-1.4 -0.133333 33.0538 
-1.4 -0.0666667 31.1748 
-1.4 -4.16334e-16 29.0322 
-1.4 0.0666667 26.7633 
-1.4 0.133333 24.6277 
-1.4 0.2 22.9778 
-1.4 0.266667 22.139 
-1.4 0.333333 22.2406 
-1.4 0.4 23.1271 
-1.4 0.466667 24.4387 
-1.4 0.533333 25.7973 
-1.4 0.6 26.9459 
-1.4 0.666667 27.7751 
-1.4 0.733333 28.2848 
-1.4 0.8 28.5384 
-1.4 0.866667 28.6279 
-1.4 0.933333 28.6415 
-1.4 1 28.6368 
-1.4 1.06667 28.6339 
-1.4 1.13333 28.6333 
-1.4 1.2 28.6333 
-1.4 1.26667 28.6333 
-1.4 1.33333 28.6333 
-1.4 1.4 28.6333 
-1.4 1.46667 28.6333 
-1.4 1.53333 28.6333 
-1.4 1.6 28.6333 
-1.4 1.66667 28.6333 
-1.4 1.73333 28.6333 
-1.4 1.8 28.6333 
-1.4 1.86667 28.6333 
-1.4 1.93333 28.6333 
-1.4 2 28.6333 
-1.33333 -2 40.1474 
-1.33333 -1.93333 40.1467 
-1.33333 -1.86667 40.1457 
-1.33333 -1.8 40.1444 
-1.33333 -1.73333 40.1427 
-1.33333 -1.66667 40.1402 
-1.33333 -1.6 40.137 
-1.33333 -1.53333 40.1325 
-1.33333 -1.46667 40.1264 
-1.33333 -1.4 40.1182 
-1.33333 -1.33333 40.107 
-1.33333 -1.26667 40.0918 
-1.33333 -1.2 40.0712 
-1.33333 -1.13333 40.0432 
-1.33333 -1.06667 40.0052 
-1.33333 -1 39.9537 
-1.33333 -0.933333 39.8841 
-1.33333 -0.866667 39.79 
-1.33333 -0.8 39.6631 
-1.33333 -0.733333 39.4925 
-1.33333 -0.666667 39.2638 
-1.33333 -0.6 38.9587 
-1.33333 -0.533333 38.5542 
-1.33333 -0.466667 38.0215 
-1.33333 -0.4 37.3267 
-1.33333 -0.333333 36.4304 
-1.33333 -0.266667 35.2902 
-1.33333 -0.2 33.866 
-1.33333 -0.133333 32.1324 
-1.33333 -0.0666667 30.1014 
-1.33333 -4.16334e-16 27.8598 
-1.33333 0.0666667 25.6099 
-1.33333 0.133333 23.6773 
-1.33333 0.2 22.4362 
-1.33333 0.266667 22.1459 
-1.33333 0.333333 22.7942 
-1.33333 0.4 24.0873 
-1.33333 0.466667 25.6111 
-1.33333 0.533333 27.0229 
-1.33333 0.6 28.1362 
-1.33333 0.666667 28.9001 
-1.33333 0.733333 29.3483 
-1.33333 0.8 29.5579 
-1.33333 0.866667 29.6222 
-1.33333 0.933333 29.6248 
-1.33333 1 29.6167 
-1.33333 1.06667 29.6131 
-1.33333 1.13333 29.6125 
-1.33333 1.2 29.6124 
-1.33333 1.26667 29.6124 
-1.33333 1.33333 29.6124 
-1.33333 1.4 29.6124 
-1.33333 1.46667 29.6124 
-1.33333 1.53333 29.6124 
-1.33333 1.6 29.6124 
-1.33333 1.66667 29.6124 
-1.33333 1.73333 29.6124 
-1.33333 1.8 29.6124 
-1.33333 1.86667 29.6124 
-1.33333 1.93333 29.6124 
-1.33333 2 29.6124 
-1.26667 -2 40.1471 
-1.26667 -1.93333 40.1463 
-1.26667 -1.86667 40.1451 
-1.26667 -1.8 40.1436 
-1.26667 -1.73333 40.1415 
-1.26667 -1.66667 40.1387 
-1.26667 -1.6 40.1349 
-1.26667 -1.53333 40.1297 
-1.26667 -1.46667 40.1226 
-1.26667 -1.4 40.113 
-1.26667 -1.33333 40.1 
-1.26667 -1.26667 40.0823 
-1.26667 -1.2 40.0582 
-1.26667 -1.13333 40.0256 
-1.26667 -1.06667 39.9814 
-1.26667 -1 39.9215 
-1.26667 -0.933333 39.8406 
-1.26667 -0.866667 39.7312 
-1.26667 -0.8 39.584 
-1.26667 -0.733333 39.3863 
-1.26667 -0.666667 39.1218 
-1.26667 -0.6 38.77 
-1.26667 -0.533333 38.3049 
-1.26667 -0.466667 37.6951 
-1.26667 -0.4 36.9035 
-1.26667 -0.333333 35.8885 
-1.26667 -0.266667 34.6076 
-1.26667 -0.2 33.0252 
-1.26667 -0.133333 31.1304 
-1.26667 -0.0666667 28.9675 
-1.26667 -4.16334e-16 26.6794 
-1.26667 0.0666667 24.5399 
-1.26667 0.133333 22.9265 
-1.26667 0.2 22.1928 
-1.26667 0.266667 22.4815 
-1.26667 0.333333 23.62 
-1.26667 0.4 25.2091 
-1.26667 0.466667 26.8342 
-1.26667 0.533333 28.2207 
-1.26667 0.6 29.2546 
-1.26667 0.666667 29.9329 
-1.26667 0.733333 30.3115 
-1.26667 0.8 30.4743 
-1.26667 0.866667 30.5128 
-1.26667 0.933333 30.5043 
-1.26667 1 30.4927 
-1.26667 1.06667 30.4884 
-1.26667 1.13333 30.4877 
-1.26667 1.2 30.4877 
-1.26667 1.26667 30.4877 
-1.26667 1.33333 30.4877 
-1.26667 1.4 30.4877 
-1.26667 1.46667 30.4877 
-1.26667 1.53333 30.4877 
-1.26667 1.6 30.4877 
-1.26667 1.66667 30.4877 
-1.26667 1.73333 30.4877 
-1.26667 1.8 30.4877 
-1.26667 1.86667 30.4877 
-1.26667 1.93333 30.4877 
-1.26667 2 30.4877 
-1.2 -2 40.1467 
-1.2 -1.93333 40.1457 
-1.2 -1.86667 40.1444 
-1.2 -1.8 40.1427 
-1.2 -1.73333 40.1402 
-1.2 -1.66667 40.137 
-1.2 -1.6 40.1325 
-1.2 -1.53333 40.1264 
-1.2 -1.46667 40.1182 
-1.2 -1.4 40.107 
-1.2 -1.33333 40.0918 
-1.2 -1.26667 40.0712 
-1.2 -1.2 40.0432 
-1.2 -1.13333 40.0052 
-1.2 -1.06667 39.9537 
-1.2 -1 39.8841 
-1.2 -0.933333 39.7899 
-1.2 -0.866667 39.663 
-1.2 -0.8 39.4923 
-1.2 -0.733333 39.2634 
-1.2 -0.666667 38.958 
-1.2 -0.6 38.5528 
-1.2 -0.533333 38.0192 
-1.2 -0.466667 37.3227 
-1.2 -0.4 36.4234 
-1.2 -0.333333 35.2784 
-1.2 -0.266667 33.8467 
-1.2 -0.2 32.1016 
-1.2 -0.133333 30.0548 
-1.2 -0.0666667 27.7955 
-1.2 -4.16334e-16 25.534 
-1.2 0.0666667 23.6137 
-1.2 0.133333 22.4341 
-1.2 0.2 22.2748 
-1.2 0.266667 23.122 
-1.2 0.333333 24.6529 
-1.2 0.4 26.4163 
-1.2 0.466667 28.0464 
-1.2 0.533333 29.3508 
-1.2 0.6 30.2794 
-1.2 0.666667 30.863 
-1.2 0.733333 31.1705 
-1.2 0.8 31.2873 
-1.2 0.866667 31.3008 
-1.2 0.933333 31.2816 
-1.2 1 31.2667 
-1.2 1.06667 31.2618 
-1.2 1.13333 31.261 
-1.2 1.2 31.261 
-1.2 1.26667 31.261 
-1.2 1.33333 31.261 
-1.2 1.4 31.261 
-1.2 1.46667 31.261 
-1.2 1.53333 31.261 
-1.2 1.6 31.261 
-1.2 1.66667 31.261 
-1.2 1.73333 31.261 
-1.2 1.8 31.261 
-1.2 1.86667 31.261 
-1.2 1.93333 31.261 
-1.2 2 31.261 
-1.13333 -2 40.1463 
-1.13333 -1.93333 40.1451 
-1.13333 -1.86667 40.1436 
-1.13333 -1.8 40.1415 
-1.13333 -1.73333 40.1387 
-1.13333 -1.66667 40.1349 
-1.13333 -1.6 40.1297 
-1.13333 -1.53333 40.1226 
-1.13333 -1.46667 40.113 
-1.13333 -1.4 40.1 
-1.13333 -1.33333 40.0823 
-1.13333 -1.26667 40.0582 
-1.13333 -1.2 40.0256 
-1.13333 -1.13333 39.9814 
-1.13333 -1.06667 39.9215 
-1.13333 -1 39.8405 
-1.13333 -0.933333 39.7312 
-1.13333 -0.866667 39.5839 
-1.13333 -0.8 39.386 
-1.13333 -0.733333 39.1214 
-1.13333 -0.666667 38.7692 
-1.13333 -0.6 38.3034 
-1.13333 -0.533333 37.6925 
-1.13333 -0.466667 36.8989 
-1.13333 -0.4 35.8807 
-1.13333 -0.333333 34.5946 
-1.13333 -0.266667 33.0041 
-1.13333 -0.2 31.0975 
-1.13333 -0.133333 28.9198 
-1.13333 -0.0666667 26.618 
-1.13333 -4.16334e-16 24.4771 
-1.13333 0.0666667 22.8943 
-1.13333 0.133333 22.2452 
-1.13333 0.2 22.682 
-1.13333 0.266667 24.0168 
-1.13333 0.333333 25.8171 
-1.13333 0.4 27.6405 
-1.13333 0.466667 29.2021 
-1.13333 0.533333 30.3894 
-1.13333 0.6 31.2011 
-1.13333 0.666667 31.6892 
-1.13333 0.733333 31.928 
-1.13333 0.8 32.0016 
-1.13333 0.866667 31.9919 
-1.13333 0.933333 31.9627 
-1.13333 1 31.9448 
-1.13333 1.06667 31.9393 
-1.13333 1.13333 31.9385 
-1.13333 1.2 31.9384 
-1.13333 1.26667 31.9384 
-1.13333 1.33333 31.9384 
-1.13333 1.4 31.9384 
-1.13333 1.46667 31.9384 
-1.13333 1.53333 31.9384 
-1.13333 1.6 31.9384 
-1.13333 1.66667 31.9384 
-1.13333 1.73333 31.9384 
-1.13333 1.8 31.9384 
-1.13333 1.86667 31.9384 
-1.13333 1.93333 31.9384 
-1.13333 2 31.9384 
-1.06667 -2 40.1457 
-1.06667 -1.93333 40.1444 
-1.06667 -1.86667 40.1427 
-1.06667 -1.8 40.1402 
-1.06667 -1.73333 40.137 
-1.06667 -1.66667 40.1325 
-1.06667 -1.6 40.1264 
-1.06667 -1.53333 40.1182 
-1.06667 -1.46667 40.107 
-1.06667 -1.4 40.0918 
-1.06667 -1.33333 40.0712 
-1.06667 -1.26667 40.0432 
-1.06667 -1.2 40.0052 
-1.06667 -1.13333 39.9537 
-1.06667 -1.06667 39.884 
-1.06667 -1 39.7899 
-1.06667 -0.933333 39.6629 
-1.06667 -0.866667 39.4921 
-1.06667 -0.8 39.2631 
-1.06667 -0.733333 38.9575 
-1.06667 -0.666667 38.5519 
-1.06667 -0.6 38.0175 
-1.06667 -0.533333 37.3197 
-1.06667 -0.466667 36.4183 
-1.06667 -0.4 35.2698 
-1.06667 -0.333333 33.8324 
-1.06667 -0.266667 32.0788 
-1.06667 -0.2 30.0205 
-1.06667 -0.133333 27.7482 
-1.06667 -0.0666667 25.4788 
-1.06667 -4.16334e-16 23.5694 
-1.06667 0.0666667 22.439 
-1.06667 0.133333 22.383 
-1.06667 0.2 23.3845 
-1.06667 0.266667 25.0966 
-1.06667 0.333333 27.0384 
-1.06667 0.4 28.8281 
-1.06667 0.466667 30.2725 
-1.06667 0.533333 31.3256 
-1.06667 0.6 32.0189 
-1.06667 0.666667 32.4155 
-1.06667 0.733333 32.5908 
-1.06667 0.8 32.6247 
-1.06667 0.866667 32.5939 
-1.06667 0.933333 32.5559 
-1.06667 1 32.5352 
-1.06667 1.06667 32.5292 
-1.06667 1.13333 32.5283 
-1.06667 1.2 32.5282 
-1.06667 1.26667 32.5282 
-1.06667 1.33333 32.5282 
-1.06667 1.4 32.5282 
-1.06667 1.46667 32.5282 
-1.06667 1.53333 32.5282 
-1.06667 1.6 32.5282 
-1.06667 1.66667 32.5282 
-1.06667 1.73333 32.5282 
-1.06667 1.8 32.5282 
-1.06667 1.86667 32.5282 
-1.06667 1.93333 32.5282 
-1.06667 2 32.5282 
-1 -2 40.1451 
-1 -1.93333 40.1436 
-1 -1.86667 40.1415 
-1 -1.8 40.1387 
-1 -1.73333 40.1349 
-1 -1.66667 40.1297 
-1 -1.6 40.1226 
-1 -1.53333 40.113 
-1 -1.46667 40.1 
-1 -1.4 40.0823 
-1 -1.33333 40.0582 
-1 -1.26667 40.0256 
-1 -1.2 39.9814 
-1 -1.13333 39.9215 
-1 -1.06667 39.8405 
-1 -1 39.7311 
-1 -0.933333 39.5837 
-1 -0.866667 39.3858 
-1 -0.8 39.121 
-1 -0.733333 38.7685 
-1 -0.666667 38.3023 
-1 -0.6 37.6905 
-1 -0.533333 36.8956 
-1 -0.466667 35.875 
-1 -0.4 34.585 
-1 -0.333333 32.9885 
-1 -0.266667 31.0733 
-1 -0.2 28.8847 
-1 -0.133333 26.573 
-1 -0.0666667 24.4318 
-1 -4.16334e-16 22.8736 
-1 0.0666667 22.2908 
-1 0.133333 22.8424 
-1 0.2 24.3268 
-1 0.266667 26.285 
-1 0.333333 28.2537 
-1 0.4 29.9424 
-1 0.466667 31.2427 
-1 0.533333 32.1574 
-1 0.6 32.7373 
-1 0.666667 33.0495 
-1 0.733333 33.1671 
-1 0.8 33.1656 
-1 0.866667 33.1161 
-1 0.933333 33.0701 
-1 1 33.047 
-1 1.06667 33.0405 
-1 1.13333 33.0396 
-1 1.2 33.0395 
-1 1.26667 33.0395 
-1 1.33333 33.0395 
-1 1.4 33.0395 
-1 1.46667 33.0395 
-1 1.53333 33.0395 
-1 1.6 33.0395 
-1 1.66667 33.0395 
-1 1.73333 33.0395 
-1 1.8 33.0395 
-1 1.86667 33.0395 
-1 1.93333 33.0395 
-1 2 33.0395 
-0.933333 -2 40.1444 
-0.933333 -1.93333 40.1427 
-0.933333 -1.86667 40.1402 
-0.933333 -1.8 40.137 
-0.933333 -1.73333 40.1325 
-0.933333 -1.66667 40.1264 
-0.933333 -1.6 40.1182 
-0.933333 -1.53333 40.107 
-0.933333 -1.46667 40.0918 
-0.933333 -1.4 40.0712 
-0.933333 -1.33333 40.0431 
-0.933333 -1.26667 40.0052 
-0.933333 -1.2 39.9537 
-0.933333 -1.13333 39.884 
-0.933333 -1.06667 39.7899 
-0.933333 -1 39.6628 
-0.933333 -0.933333 39.492 
-0.933333 -0.866667 39.2629 
-0.933333 -0.8 38.9571 
-0.933333 -0.733333 38.5512 
-0.933333 -0.666667 38.0163 
-0.933333 -0.6 37.3175 
-0.933333 -0.533333 36.4145 
-0.933333 -0.466667 35.2634 
-0.933333 -0.4 33.8219 
-0.933333 -0.333333 32.062 
-0.933333 -0.266667 29.9951 
-0.933333 -0.2 27.7134 
-0.933333 -0.133333 25.4385 
-0.933333 -0.0666667 23.5381 
-0.933333 -4.16334e-16 22.4462 
-0.933333 0.0666667 22.4698 
-0.933333 0.133333 23.5891 
-0.933333 0.2 25.4372 
-0.933333 0.266667 27.5104 
-0.933333 0.333333 29.416 
-0.933333 0.4 30.9621 
-0.933333 0.466667 32.1084 
-0.933333 0.533333 32.8889 
-0.933333 0.6 33.3639 
-0.933333 0.666667 33.6 
-0.933333 0.733333 33.6662 
-0.933333 0.8 33.6334 
-0.933333 0.866667 33.5674 
-0.933333 0.933333 33.5145 
-0.933333 1 33.4893 
-0.933333 1.06667 33.4824 
-0.933333 1.13333 33.4814 
-0.933333 1.2 33.4813 
-0.933333 1.26667 33.4813 
-0.933333 1.33333 33.4813 
-0.933333 1.4 33.4813 
-0.933333 1.46667 33.4813 
-0.933333 1.53333 33.4813 
-0.933333 1.6 33.4813 
-0.933333 1.66667 33.4813 
-0.933333 1.73333 33.4813 
-0.933333 1.8 33.4813 
-0.933333 1.86667 33.4813 
-0.933333 1.93333 33.4813 
-0.933333 2 33.4813 
-0.866667 -2 40.1436 
-0.866667 -1.93333 40.1415 
-0.866667 -1.86667 40.1387 
-0.866667 -1.8 40.1349 
-0.866667 -1.73333 40.1297 
-0.866667 -1.66667 40.1226 
-0.866667 -1.6 40.113 
-0.866667 -1.53333 40.1 
-0.866667 -1.46667 40.0823 
-0.866667 -1.4 40.0582 
-0.866667 -1.33333 40.0256 
-0.866667 -1.26667 39.9814 
-0.866667 -1.2 39.9215 
-0.866667 -1.13333 39.8405 
-0.866667 -1.06667 39.7311 
-0.866667 -1 39.5837 
-0.866667 -0.933333 39.3857 
-0.866667 -0.866667 39.1208 
-0.866667 -0.8 38.7681 
-0.866667 -0.733333 38.3015 
-0.866667 -0.666667 37.6891 
-0.866667 -0.6 36.8931 
-0.866667 -0.533333 35.8708 
-0.866667 -0.466667 34.578 
-0.866667 -0.4 32.9771 
-0.866667 -0.333333 31.0555 
-0.866667 -0.266667 28.8589 
-0.866667 -0.2 26.54 
-0.866667 -0.133333 24.3991 
-0.866667 -0.0666667 22.8601 
-0.866667 -4.16334e-16 22.3284 
-0.866667 0.0666667 22.9673 
-0.866667 0.133333 24.5645 
-0.866667 0.2 26.6396 
-0.866667 0.266667 28.7142 
-0.866667 0.333333 30.4949 
-0.866667 0.4 31.8783 
-0.866667 0.466667 32.8718 
-0.866667 0.533333 33.5274 
-0.866667 0.6 33.9076 
-0.866667 0.666667 34.0761 
-0.866667 0.733333 34.0972 
-0.866667 0.8 34.037 
-0.866667 0.866667 33.9566 
-0.866667 0.933333 33.8976 
-0.866667 1 33.8706 
-0.866667 1.06667 33.8633 
-0.866667 1.13333 33.8622 
-0.866667 1.2 33.8622 
-0.866667 1.26667 33.8622 
-0.866667 1.33333 33.8622 
-0.866667 1.4 33.8622 
-0.866667 1.46667 33.8622 
-0.866667 1.53333 33.8622 
-0.866667 1.6 33.8622 
-0.866667 1.66667 33.8622 
-0.866667 1.73333 33.8622 
-0.866667 1.8 33.8622 
-0.866667 1.86667 33.8622 
-0.866667 1.93333 33.8622 
-0.866667 2 33.8622 
-0.8 -2 40.1427 
-0.8 -1.93333 40.1402 
-0.8 -1.86667 40.137 
-0.8 -1.8 40.1325 
-0.8 -1.73333 40.1264 
-0.8 -1.66667 40.1182 
-0.8 -1.6 40.107 
-0.8 -1.53333 40.0918 
-0.8 -1.46667 40.0712 
-0.8 -1.4 40.0431 
-0.8 -1.33333 40.0052 
-0.8 -1.26667 39.9537 
-0.8 -1.2 39.884 
-0.8 -1.13333 39.7898 
-0.8 -1.06667 39.6628 
-0.8 -1 39.4919 
-0.8 -0.933333 39.2627 
-0.8 -0.866667 38.9568 
-0.8 -0.8 38.5507 
-0.8 -0.733333 38.0153 
-0.8 -0.666667 37.3159 
-0.8 -0.6 36.4117 
-0.8 -0.533333 35.2587 
-0.8 -0.466667 33.8141 
-0.8 -0.4 32.0497 
-0.8 -0.333333 29.9765 
-0.8 -0.266667 27.6878 
-0.8 -0.2 25.4091 
-0.8 -0.133333 23.5159 
-0.8 -0.0666667 22.4535 
-0.8 -4.16334e-16 22.5377 
-0.8 0.0666667 23.7459 
-0.8 0.133333 25.6952 
-0.8 0.2 27.8647 
-0.8 0.266667 29.8543 
-0.8 0.333333 31.4744 
-0.8 0.4 32.6903 
-0.8 0.466667 33.5395 
-0.8 0.533333 34.0817 
-0.8 0.6 34.3778 
-0.8 0.666667 34.4868 
-0.8 0.733333 34.4685 
-0.8 0.8 34.3845 
-0.8 0.866667 34.2916 
-0.8 0.933333 34.2274 
-0.8 1 34.1988 
-0.8 1.06667 34.1911 
-0.8 1.13333 34.1901 
-0.8 1.2 34.19 
-0.8 1.26667 34.19 
-0.8 1.33333 34.19 
-0.8 1.4 34.19 
-0.8 1.46667 34.19 
-0.8 1.53333 34.19 
-0.8 1.6 34.19 
-0.8 1.66667 34.19 
-0.8 1.73333 34.19 
-0.8 1.8 34.19 
-0.8 1.86667 34.19 
-0.8 1.93333 34.19 
-0.8 2 34.19 
-0.733333 -2 40.1415 
-0.733333 -1.93333 40.1387 
-0.733333 -1.86667 40.1349 
-0.733333 -1.8 40.1297 
-0.733333 -1.73333 40.1226 
-0.733333 -1.66667 40.113 
-0.733333 -1.6 40.1 
-0.733333 -1.53333 40.0823 
-0.733333 -1.46667 40.0582 
-0.733333 -1.4 40.0256 
-0.733333 -1.33333 39.9814 
-0.733333 -1.26667 39.9215 
-0.733333 -1.2 39.8404 
-0.733333 -1.13333 39.731 
-0.733333 -1.06667 39.5836 
-0.733333 -1 39.3856 
-0.733333 -0.933333 39.1206 
-0.733333 -0.866667 38.7678 
-0.733333 -0.8 38.3009 
-0.733333 -0.733333 37.6881 
-0.733333 -0.666667 36.8913 
-0.733333 -0.6 35.8677 
-0.733333 -0.533333 34.5727 
-0.733333 -0.466667 32.9686 
-0.733333 -0.4 31.0423 
-0.733333 -0.333333 28.8398 
-0.733333 -0.266667 26.5158 
-0.733333 -0.2 24.3753 
-0.733333 -0.133333 22.8512 
-0.733333 -0.0666667 22.3582 
-0.733333 -4.16334e-16 23.0631 
-0.733333 0.0666667 24.7444 
-0.733333 0.133333 26.9058 
-0.733333 0.2 29.0575 
-0.733333 0.266667 30.9049 
-0.733333 0.333333 32.3492 
-0.733333 0.4 33.403 
-0.733333 0.466667 34.12 
-0.733333 0.533333 34.561 
-0.733333 0.6 34.7832 
-0.733333 0.666667 34.8404 
-0.733333 0.733333 34.788 
-0.733333 0.8 34.6833 
-0.733333 0.866667 34.5797 
-0.733333 0.933333 34.5109 
-0.733333 1 34.4809 
-0.733333 1.06667 34.473 
-0.733333 1.13333 34.472 
-0.733333 1.2 34.4719 
-0.733333 1.26667 34.4719 
-0.733333 1.33333 34.4719 
-0.733333 1.4 34.4719 
-0.733333 1.46667 34.4719 
-0.733333 1.53333 34.4719 
-0.733333 1.6 34.4719 
-0.733333 1.66667 34.4719 
-0.733333 1.73333 34.4719 
-0.733333 1.8 34.4719 
-0.733333 1.86667 34.4719 
-0.733333 1.93333 34.4719 
-0.733333 2 34.4719 
-0.666667 -2 40.1402 
-0.666667 -1.93333 40.137 
-0.666667 -1.86667 40.1325 
-0.666667 -1.8 40.1264 
-0.666667 -1.73333 40.1182 
-0.666667 -1.66667 40.107 
-0.666667 -1.6 40.0918 
-0.666667 -1.53333 40.0712 
-0.666667 -1.46667 40.0431 
-0.666667 -1.4 40.0052 
-0.666667 -1.33333 39.9537 
-0.666667 -1.26667 39.884 
-0.666667 -1.2 39.7898 
-0.666667 -1.13333 39.6628 
-0.666667 -1.06667 39.4918 
-0.666667 -1 39.2626 
-0.666667 -0.933333 38.9566 
-0.666667 -0.866667 38.5503 
-0.666667 -0.8 38.0147 
-0.666667 -0.733333 37.3147 
-0.666667 -0.666667 36.4097 
-0.666667 -0.6 35.2552 
-0.666667 -0.533333 33.8084 
-0.666667 -0.466667 32.0406 
-0.666667 -0.4 29.9628 
-0.666667 -0.333333 27.669 
-0.666667 -0.266667 25.3876 
-0.666667 -0.2 23.4999 
-0.666667 -0.133333 22.46 
-0.666667 -0.0666667 22.5899 
-0.666667 -4.16334e-16 23.8645 
-0.666667 0.0666667 25.8889 
-0.666667 0.133333 28.129 
-0.666667 0.2 30.1794 
-0.666667 0.266667 31.8535 
-0.666667 0.333333 33.1213 
-0.666667 0.4 34.0241 
-0.666667 0.466667 34.6224 
-0.666667 0.533333 34.9744 
-0.666667 0.6 35.1321 
-0.666667 0.666667 35.1445 
-0.666667 0.733333 35.0625 
-0.666667 0.8 34.9401 
-0.666667 0.866667 34.8271 
-0.666667 0.933333 34.7545 
-0.666667 1 34.7233 
-0.666667 1.06667 34.7152 
-0.666667 1.13333 34.7141 
-0.666667 1.2 34.714 
-0.666667 1.26667 34.714 
-0.666667 1.33333 34.714 
-0.666667 1.4 34.714 
-0.666667 1.46667 34.714 
-0.666667 1.53333 34.714 
-0.666667 1.6 34.714 
-0.666667 1.66667 34.714 
-0.666667 1.73333 34.714 
-0.666667 1.8 34.714 
-0.666667 1.86667 34.714 
-0.666667 1.93333 34.714 
-0.666667 2 34.714 
-0.6 -2 40.1387 
-0.6 -1.93333 40.1349 
-0.6 -1.86667 40.1297 
-0.6 -1.8 40.1226 
-0.6 -1.73333 40.113 
-0.6 -1.66667 40.1 
-0.6 -1.6 40.0823 
-0.6 -1.53333 40.0582 
-0.6 -1.46667 40.0256 
-0.6 -1.4 39.9814 
-0.6 -1.33333 39.9215 
-0.6 -1.26667 39.8404 
-0.6 -1.2 39.731 
-0.6 -1.13333 39.5836 
-0.6 -1.06667 39.3855 
-0.6 -1 39.1204 
-0.6 -0.933333 38.7675 
-0.6 -0.866667 38.3005 
-0.6 -0.8 37.6873 
-0.6 -0.733333 36.8899 
-0.6 -0.666667 35.8654 
-0.6 -0.6 34.5689 
-0.6 -0.533333 32.9624 
-0.6 -0.466667 31.0326 
-0.6 -0.4 28.8258 
-0.6 -0.333333 26.498 
-0.6 -0.266667 24.358 
-0.6 -0.2 22.8451 
-0.6 -0.133333 22.3813 
-0.6 -0.0666667 23.1356 
-0.6 -4.16334e-16 24.8795 
-0.6 0.0666667 27.1044 
-0.6 0.133333 29.3122 
-0.6 0.2 31.2081 
-0.6 0.266667 32.6974 
-0.6 0.333333 33.7968 
-0.6 0.4 34.5628 
-0.6 0.466667 35.0561 
-0.6 0.533333 35.3303 
-0.6 0.6 35.4321 
-0.6 0.666667 35.4058 
-0.6 0.733333 35.2983 
-0.6 0.8 35.1606 
-0.6 0.866667 35.0396 
-0.6 0.933333 34.9637 
-0.6 1 34.9314 
-0.6 1.06667 34.9231 
-0.6 1.13333 34.922 
-0.6 1.2 34.9219 
-0.6 1.26667 34.9219 
-0.6 1.33333 34.9219 
-0.6 1.4 34.9219 
-0.6 1.46667 34.9219 
-0.6 1.53333 34.9219 
-0.6 1.6 34.9219 
-0.6 1.66667 34.9219 
-0.6 1.73333 34.9219 
-0.6 1.8 34.9219 
-0.6 1.86667 34.9219 
-0.6 1.93333 34.9219 
-0.6 2 34.9219 
-0.533333 -2 40.137 
-0.533333 -1.93333 40.1325 
-0.533333 -1.86667 40.1264 
-0.533333 -1.8 40.1182 
-0.533333 -1.73333 40.107 
-0.533333 -1.66667 40.0918 
-0.533333 -1.6 40.0712 
-0.533333 -1.53333 40.0431 
-0.533333 -1.46667 40.0052 
-0.533333 -1.4 39.9537 
-0.533333 -1.33333 39.884 
-0.533333 -1.26667 39.7898 
-0.533333 -1.2 39.6627 
-0.533333 -1.13333 39.4918 
-0.533333 -1.06667 39.2625 
-0.533333 -1 38.9564 
-0.533333 -0.933333 38.55 
-0.533333 -0.866667 38.0142 
-0.533333 -0.8 37.3138 
-0.533333 -0.733333 36.4082 
-0.533333 -0.666667 35.2527 
-0.533333 -0.6 33.8042 
-0.533333 -0.533333 32.0338 
-0.533333 -0.466667 29.9527 
-0.533333 -0.4 27.6552 
-0.533333 -0.333333 25.3718 
-0.533333 -0.266667 23.4884 
-0.533333 -0.2 22.4654 
-0.533333 -0.133333 22.6295 
-0.533333 -0.0666667 23.9536 
-0.533333 -4.16334e-16 26.0335 
-0.533333 0.0666667 28.3252 
-0.533333 0.133333 30.42 
-0.533333 0.2 32.1335 
-0.533333 0.266667 33.4399 
-0.533333 0.333333 34.3841 
-0.533333 0.4 35.0282 
-0.533333 0.466667 35.4295 
-0.533333 0.533333 35.6363 
-0.533333 0.6 35.6898 
-0.533333 0.666667 35.63 
-0.533333 0.733333 35.5007 
-0.533333 0.8 35.3498 
-0.533333 0.866667 35.222 
-0.533333 0.933333 35.1431 
-0.533333 1 35.1101 
-0.533333 1.06667 35.1016 
-0.533333 1.13333 35.1004 
-0.533333 1.2 35.1004 
-0.533333 1.26667 35.1004 
-0.533333 1.33333 35.1004 
-0.533333 1.4 35.1004 
-0.533333 1.46667 35.1004 
-0.533333 1.53333 35.1004 
-0.533333 1.6 35.1004 
-0.533333 1.66667 35.1004 
-0.533333 1.73333 35.1004 
-0.533333 1.8 35.1004 
-0.533333 1.86667 35.1004 
-0.533333 1.93333 35.1004 
-0.533333 2 35.1004 
-0.466667 -2 40.1349 
-0.466667 -1.93333 40.1297 
-0.466667 -1.86667 40.1226 
-0.466667 -1.8 40.113 
-0.466667 -1.73333 40.1 
-0.466667 -1.66667 40.0823 
-0.466667 -1.6 40.0582 
-0.466667 -1.53333 40.0256 
-0.466667 -1.46667 39.9814 
-0.466667 -1.4 39.9215 
-0.466667 -1.33333 39.8404 
-0.466667 -1.26667 39.731 
-0.466667 -1.2 39.5835 
-0.466667 -1.13333 39.3854 
-0.466667 -1.06667 39.1203 
-0.466667 -1 38.7673 
-0.466667 -0.933333 38.3002 
-0.466667 -0.866667 37.6867 
-0.466667 -0.8 36.889 
-0.466667 -0.733333 35.8637 
-0.466667 -0.666667 34.5661 
-0.466667 -0.6 32.9578 
-0.466667 -0.533333 31.0255 
-0.466667 -0.466667 28.8155 
-0.466667 -0.4 26.4849 
-0.466667 -0.333333 24.3453 
-0.466667 -0.266667 22.8409 
-0.466667 -0.2 22.399 
-0.466667 -0.133333 23.19 
-0.466667 -0.0666667 24.9803 
-0.466667 -4.16334e-16 27.252 
-0.466667 0.0666667 29.5007 
-0.466667 0.133333 31.432 
-0.466667 0.2 32.9543 
-0.466667 0.266667 34.0882 
-0.466667 0.333333 34.8926 
-0.466667 0.4 35.4293 
-0.466667 0.466667 35.7507 
-0.466667 0.533333 35.8991 
-0.466667 0.6 35.911 
-0.466667 0.666667 35.8225 
-0.466667 0.733333 35.6743 
-0.466667 0.8 35.5121 
-0.466667 0.866667 35.3785 
-0.466667 0.933333 35.2971 
-0.466667 1 35.2633 
-0.466667 1.06667 35.2547 
-0.466667 1.13333 35.2535 
-0.466667 1.2 35.2534 
-0.466667 1.26667 35.2534 
-0.466667 1.33333 35.2534 
-0.466667 1.4 35.2534 
-0.466667 1.46667 35.2534 
-0.466667 1.53333 35.2534 
-0.466667 1.6 35.2534 
-0.466667 1.66667 35.2534 
-0.466667 1.73333 35.2534 
-0.466667 1.8 35.2534 
-0.466667 1.86667 35.2534 
-0.466667 1.93333 35.2534 
-0.466667 2 35.2534 
-0.4 -2 40.1325 
-0.4 -1.93333 40.1264 
-0.4 -1.86667 40.1182 
-0.4 -1.8 40.107 
-0.4 -1.73333 40.0918 
-0.4 -1.66667 40.0712 
-0.4 -1.6 40.0431 
-0.4 -1.53333 40.0052 
-0.4 -1.46667 39.9537 
-0.4 -1.4 39.884 
-0.4 -1.33333 39.7898 
-0.4 -1.26667 39.6627 
-0.4 -1.2 39.4917 
-0.4 -1.13333 39.2624 
-0.4 -1.06667 38.9563 
-0.4 -1 38.5498 
-0.4 -0.933333 38.0138 
-0.4 -0.866667 37.3132 
-0.4 -0.8 36.4071 
-0.4 -0.733333 35.2508 
-0.4 -0.666667 33.8011 
-0.4 -0.6 32.0289 
-0.4 -0.533333 29.9452 
-0.4 -0.466667 27.645 
-0.4 -0.4 25.3602 
-0.4 -0.333333 23.4801 
-0.4 -0.266667 22.4697 
-0.4 -0.2 22.6592 
-0.4 -0.133333 24.0201 
-0.4 -0.0666667 26.1409 
-0.4 -4.16334e-16 28.4704 
-0.4 0.0666667 30.5976 
-0.4 0.133333 32.3399 
-0.4 0.2 33.6751 
-0.4 0.266667 34.651 
-0.4 0.333333 35.3315 
-0.4 0.4 35.7745 
-0.4 0.466667 36.0265 
-0.4 0.533333 36.1246 
-0.4 0.6 36.1008 
-0.4 0.666667 35.9876 
-0.4 0.733333 35.8233 
-0.4 0.8 35.6514 
-0.4 0.866667 35.5127 
-0.4 0.933333 35.4293 
-0.4 1 35.3948 
-0.4 1.06667 35.386 
-0.4 1.13333 35.3848 
-0.4 1.2 35.3848 
-0.4 1.26667 35.3848 
-0.4 1.33333 35.3848 
-0.4 1.4 35.3848 
-0.4 1.46667 35.3848 
-0.4 1.53333 35.3848 
-0.4 1.6 35.3848 
-0.4 1.66667 35.3848 
-0.4 1.73333 35.3848 
-0.4 1.8 35.3848 
-0.4 1.86667 35.3848 
-0.4 1.93333 35.3848 
-0.4 2 35.3848 
-0.333333 -2 40.1297 
-0.333333 -1.93333 40.1226 
-0.333333 -1.86667 40.113 
-0.333333 -1.8 40.1 
-0.333333 -1.73333 40.0823 
-0.333333 -1.66667 40.0582 
-0.333333 -1.6 40.0256 
-0.333333 -1.53333 39.9814 
-0.333333 -1.46667 39.9215 
-0.333333 -1.4 39.8404 
-0.333333 -1.33333 39.731 
-0.333333 -1.26667 39.5835 
-0.333333 -1.2 39.3854 
-0.333333 -1.13333 39.1203 
-0.333333 -1.06667 38.7672 
-0.333333 -1 38.2999 
-0.333333 -0.933333 37.6863 
-0.333333 -0.866667 36.8882 
-0.333333 -0.8 35.8625 
-0.333333 -0.733333 34.564 
-0.333333 -0.666667 32.9544 
-0.333333 -0.6 31.0203 
-0.333333 -0.533333 28.808 
-0.333333 -0.466667 26.4753 
-0.333333 -0.4 24.3361 
-0.333333 -0.333333 22.838 
-0.333333 -0.266667 22.4123 
-0.333333 -0.2 23.2307 
-0.333333 -0.133333 25.0553 
-0.333333 -0.0666667 27.3612 
-0.333333 -4.16334e-16 29.64 
-0.333333 0.0666667 31.5971 
-0.333333 0.133333 33.1437 
-0.333333 0.2 34.3035 
-0.333333 0.266667 35.1377 
-0.333333 0.333333 35.7094 
-0.333333 0.4 36.071 
-0.333333 0.466667 36.2633 
-0.333333 0.533333 36.3182 
-0.333333 0.6 36.2636 
-0.333333 0.666667 36.1293 
-0.333333 0.733333 35.9511 
-0.333333 0.8 35.7709 
-0.333333 0.866667 35.6278 
-0.333333 0.933333 35.5426 
-0.333333 1 35.5075 
-0.333333 1.06667 35.4987 
-0.333333 1.13333 35.4975 
-0.333333 1.2 35.4974 
-0.333333 1.26667 35.4974 
-0.333333 1.33333 35.4974 
-0.333333 1.4 35.4974 
-0.333333 1.46667 35.4974 
-0.333333 1.53333 35.4974 
-0.333333 1.6 35.4974 
-0.333333 1.66667 35.4974 
-0.333333 1.73333 35.4974 
-0.333333 1.8 35.4974 
-0.333333 1.86667 35.4974 
-0.333333 1.93333 35.4974 
-0.333333 2 35.4974 
-0.266667 -2 40.1264 
-0.266667 -1.93333 40.1182 
-0.266667 -1.86667 40.107 
-0.266667 -1.8 40.0918 
-0.266667 -1.73333 40.0712 
-0.266667 -1.66667 40.0431 
-0.266667 -1.6 40.0052 
-0.266667 -1.53333 39.9537 
-0.266667 -1.46667 39.884 
-0.266667 -1.4 39.7898 
-0.266667 -1.33333 39.6627 
-0.266667 -1.26667 39.4917 
-0.266667 -1.2 39.2624 
-0.266667 -1.13333 38.9562 
-0.266667 -1.06667 38.5496 
-0.266667 -1 38.0135 
-0.266667 -0.933333 37.3127 
-0.266667 -0.866667 36.4063 
-0.266667 -0.8 35.2494 
-0.266667 -0.733333 33.7988 
-0.266667 -0.666667 32.0253 
-0.266667 -0.6 29.9398 
-0.266667 -0.533333 27.6375 
-0.266667 -0.466667 25.3517 
-0.266667 -0.4 23.4741 
-0.266667 -0.333333 22.473 
-0.266667 -0.266667 22.6815 
-0.266667 -0.2 24.0695 
-0.266667 -0.133333 26.2205 
-0.266667 -0.0666667 28.5778 
-0.266667 -4.16334e-16 30.7286 
-0.266667 0.0666667 32.4921 
-0.266667 0.133333 33.8486 
-0.266667 0.2 34.8485 
-0.266667 0.266667 35.5574 
-0.266667 0.333333 36.0343 
-0.266667 0.4 36.3257 
-0.266667 0.466667 36.4665 
-0.266667 0.533333 36.4842 
-0.266667 0.6 36.4032 
-0.266667 0.666667 36.2507 
-0.266667 0.733333 36.0607 
-0.266667 0.8 35.8733 
-0.266667 0.866667 35.7265 
-0.266667 0.933333 35.6398 
-0.266667 1 35.6043 
-0.266667 1.06667 35.5953 
-0.266667 1.13333 35.5941 
-0.266667 1.2 35.594 
-0.266667 1.26667 35.594 
-0.266667 1.33333 35.594 
-0.266667 1.4 35.594 
-0.266667 1.46667 35.594 
-0.266667 1.53333 35.594 
-0.266667 1.6 35.594 
-0.266667 1.66667 35.594 
-0.266667 1.73333 35.594 
-0.266667 1.8 35.594 
-0.266667 1.86667 35.594 
-0.266667 1.93333 35.594 
-0.266667 2 35.594 
-0.2 -2 40.1226 
-0.2 -1.93333 40.113 
-0.2 -1.86667 40.1 
-0.2 -1.8 40.0823 
-0.2 -1.73333 40.0582 
-0.2 -1.66667 40.0256 
-0.2 -1.6 39.9814 
-0.2 -1.53333 39.9215 
-0.2 -1.46667 39.8404 
-0.2 -1.4 39.731 
-0.2 -1.33333 39.5835 
-0.2 -1.26667 39.3854 
-0.2 -1.2 39.1202 
-0.2 -1.13333 38.7671 
-0.2 -1.06667 38.2997 
-0.2 -1 37.686 
-0.2 -0.933333 36.8877 
-0.2 -0.866667 35.8616 
-0.2 -0.8 34.5625 
-0.2 -0.733333 32.9519 
-0.2 -0.666667 31.0164 
-0.2 -0.6 28.8024 
-0.2 -0.533333 26.4683 
-0.2 -0.466667 24.3293 
-0.2 -0.4 22.8359 
-0.2 -0.333333 22.4223 
-0.2 -0.266667 23.2609 
-0.2 -0.2 25.1108 
-0.2 -0.133333 27.442 
-0.2 -0.0666667 29.7427 
-0.2 -4.16334e-16 31.7187 
-0.2 0.0666667 33.2833 
-0.2 0.133333 34.4624 
-0.2 0.2 35.3194 
-0.2 0.266667 35.9186 
-0.2 0.333333 36.3134 
-0.2 0.4 36.5442 
-0.2 0.466667 36.6408 
-0.2 0.533333 36.6265 
-0.2 0.6 36.5229 
-0.2 0.666667 36.3549 
-0.2 0.733333 36.1546 
-0.2 0.8 35.9612 
-0.2 0.866667 35.8112 
-0.2 0.933333 35.7231 
-0.2 1 35.6872 
-0.2 1.06667 35.6782 
-0.2 1.13333 35.677 
-0.2 1.2 35.6769 
-0.2 1.26667 35.6769 
-0.2 1.33333 35.6769 
-0.2 1.4 35.6769 
-0.2 1.46667 35.6769 
-0.2 1.53333 35.6769 
-0.2 1.6 35.6769 
-0.2 1.66667 35.6769 
-0.2 1.73333 35.6769 
-0.2 1.8 35.6769 
-0.2 1.86667 35.6769 
-0.2 1.93333 35.6769 
-0.2 2 35.6769 
-0.133333 -2 40.1182 
-0.133333 -1.93333 40.107 
-0.133333 -1.86667 40.0918 
-0.133333 -1.8 40.0712 
-0.133333 -1.73333 40.0431 
-0.133333 -1.66667 40.0052 
-0.133333 -1.6 39.9537 
-0.133333 -1.53333 39.884 
-0.133333 -1.46667 39.7898 
-0.133333 -1.4 39.6627 
-0.133333 -1.33333 39.4917 
-0.133333 -1.26667 39.2624 
-0.133333 -1.2 38.9561 
-0.133333 -1.13333 38.5495 
-0.133333 -1.06667 38.0133 
-0.133333 -1 37.3124 
-0.133333 -0.933333 36.4057 
-0.133333 -0.866667 35.2484 
-0.133333 -0.8 33.7971 
-0.133333 -0.733333 32.0226 
-0.133333 -0.666667 29.9357 
-0.133333 -0.6 27.632 
-0.133333 -0.533333 25.3455 
-0.133333 -0.466667 23.4696 
-0.133333 -0.4 22.4756 
-0.133333 -0.333333 22.698 
-0.133333 -0.266667 24.1062 
-0.133333 -0.2 26.2794 
-0.133333 -0.133333 28.657 
-0.133333 -0.0666667 30.8251 
-0.133333 -4.16334e-16 32.6041 
-0.133333 0.0666667 33.9765 
-0.133333 0.133333 34.9944 
-0.133333 0.2 35.7252 
-0.133333 0.266667 36.229 
-0.133333 0.333333 36.553 
-0.133333 0.4 36.7317 
-0.133333 0.466667 36.7903 
-0.133333 0.533333 36.7486 
-0.133333 0.6 36.6256 
-0.133333 0.666667 36.4442 
-0.133333 0.733333 36.2352 
-0.133333 0.8 36.0365 
-0.133333 0.866667 35.8839 
-0.133333 0.933333 35.7946 
-0.133333 1 35.7583 
-0.133333 1.06667 35.7492 
-0.133333 1.13333 35.748 
-0.133333 1.2 35.748 
-0.133333 1.26667 35.748 
-0.133333 1.33333 35.748 
-0.133333 1.4 35.748 
-0.133333 1.46667 35.748 
-0.133333 1.53333 35.748 
-0.133333 1.6 35.748 
-0.133333 1.66667 35.748 
-0.133333 1.73333 35.748 
-0.133333 1.8 35.748 
-0.133333 1.86667 35.748 
-0.133333 1.93333 35.748 
-0.133333 2 35.748 
-0.0666667 -2 40.113 
-0.0666667 -1.93333 40.1 
-0.0666667 -1.86667 40.0823 
-0.0666667 -1.8 40.0582 
-0.0666667 -1.73333 40.0256 
-0.0666667 -1.66667 39.9814 
-0.0666667 -1.6 39.9214 
-0.0666667 -1.53333 39.8404 
-0.0666667 -1.46667 39.731 
-0.0666667 -1.4 39.5835 
-0.0666667 -1.33333 39.3854 
-0.0666667 -1.26667 39.1202 
-0.0666667 -1.2 38.767 
-0.0666667 -1.13333 38.2996 
-0.0666667 -1.06667 37.6858 
-0.0666667 -1 36.8873 
-0.0666667 -0.933333 35.8609 
-0.0666667 -0.866667 34.5614 
-0.0666667 -0.8 32.9501 
-0.0666667 -0.733333 31.0136 
-0.0666667 -0.666667 28.7983 
-0.0666667 -0.6 26.4631 
-0.0666667 -0.533333 24.3243 
-0.0666667 -0.466667 22.8345 
-0.0666667 -0.4 22.4298 
-0.0666667 -0.333333 23.2833 
-0.0666667 -0.266667 25.1519 
-0.0666667 -0.2 27.5017 
-0.0666667 -0.133333 29.8185 
-0.0666667 -0.0666667 31.8083 
-0.0666667 -4.16334e-16 33.3861 
-0.0666667 0.0666667 34.5797 
-0.0666667 0.133333 35.4538 
-0.0666667 0.2 36.0743 
-0.0666667 0.266667 36.4956 
-0.0666667 0.333333 36.7585 
-0.0666667 0.4 36.8924 
-0.0666667 0.466667 36.9185 
-0.0666667 0.533333 36.8533 
-0.0666667 0.6 36.7136 
-0.0666667 0.666667 36.5208 
-0.0666667 0.733333 36.3043 
-0.0666667 0.8 36.1012 
-0.0666667 0.866667 35.9461 
-0.0666667 0.933333 35.8559 
-0.0666667 1 35.8193 
-0.0666667 1.06667 35.8102 
-0.0666667 1.13333 35.809 
-0.0666667 1.2 35.8089 
-0.0666667 1.26667 35.8089 
-0.0666667 1.33333 35.8089 
-0.0666667 1.4 35.8089 
-0.0666667 1.46667 35.8089 
-0.0666667 1.53333 35.8089 
-0.0666667 1.6 35.8089 
-0.0666667 1.66667 35.8089 
-0.0666667 1.73333 35.8089 
-0.0666667 1.8 35.8089 
-0.0666667 1.86667 35.8089 
-0.0666667 1.93333 35.8089 
-0.0666667 2 35.8089 
