-4 -2 40.1494 
-4 -1.92 40.1494 
-4 -1.84 40.1494 
-4 -1.76 40.1494 
-4 -1.68 40.1494 
-4 -1.6 40.1494 
-4 -1.52 40.1493 
-4 -1.44 40.1493 
-4 -1.36 40.1493 
-4 -1.28 40.1493 
-4 -1.2 40.1492 
-4 -1.12 40.1491 
-4 -1.04 40.149 
-4 -0.96 40.1488 
-4 -0.88 40.1486 
-4 -0.8 40.1482 
-4 -0.72 40.1477 
-4 -0.64 40.1469 
-4 -0.56 40.1458 
-4 -0.48 40.1443 
-4 -0.4 40.142 
-4 -0.32 40.1387 
-4 -0.24 40.1341 
-4 -0.16 40.1274 
-4 -0.08 40.1178 
-4 6.93889e-16 40.1043 
-4 0.08 40.0853 
-4 0.16 40.0589 
-4 0.24 40.0229 
-4 0.32 39.9752 
-4 0.4 39.9139 
-4 0.48 39.8392 
-4 0.56 39.7541 
-4 0.64 39.6658 
-4 0.72 39.5847 
-4 0.8 39.5212 
-4 0.88 39.4799 
-4 0.96 39.4575 
-4 1.04 39.4468 
-4 1.12 39.4423 
-4 1.2 39.4408 
-4 1.28 39.4404 
-4 1.36 39.4404 
-4 1.44 39.4404 
-4 1.52 39.4404 
-4 1.6 39.4404 
-4 1.68 39.4404 
-4 1.76 39.4404 
-4 1.84 39.4404 
-4 1.92 39.4404 
-3.92 -2 40.1494 
-3.92 -1.92 40.1494 
-3.92 -1.84 40.1494 
-3.92 -1.76 40.1494 
-3.92 -1.68 40.1494 
-3.92 -1.6 40.1494 
-3.92 -1.52 40.1493 
-3.92 -1.44 40.1493 
-3.92 -1.36 40.1493 
-3.92 -1.28 40.1492 
-3.92 -1.2 40.1492 
-3.92 -1.12 40.1491 
-3.92 -1.04 40.1489 
-3.92 -0.96 40.1487 
-3.92 -0.88 40.1484 
-3.92 -0.8 40.148 
-3.92 -0.72 40.1473 
-3.92 -0.64 40.1464 
-3.92 -0.56 40.1451 
-3.92 -0.48 40.1432 
-3.92 -0.4 40.1405 
-3.92 -0.32 40.1366 
-3.92 -0.24 40.131 
-3.92 -0.16 40.1229 
-3.92 -0.08 40.1114 
-3.92 6.93889e-16 40.0952 
-3.92 0.08 40.0723 
-3.92 0.16 40.0406 
-3.92 0.24 39.9974 
-3.92 0.32 39.9401 
-3.92 0.4 39.8666 
-3.92 0.48 39.777 
-3.92 0.56 39.6749 
-3.92 0.64 39.569 
-3.92 0.72 39.4718 
-3.92 0.8 39.3956 
-3.92 0.88 39.3459 
-3.92 0.96 39.319 
-3.92 1.04 39.3062 
-3.92 1.12 39.3007 
-3.92 1.2 39.2989 
-3.92 1.28 39.2985 
-3.92 1.36 39.2984 
-3.92 1.44 39.2984 
-3.92 1.52 39.2984 
-3.92 1.6 39.2984 
-3.92 1.68 39.2984 
-3.92 1.76 39.2984 
-3.92 1.84 39.2984 
-3.92 1.92 39.2984 
-3.84 -2 40.1494 
-3.84 -1.92 40.1494 
-3.84 -1.84 40.1494 
-3.84 -1.76 40.1494 
-3.84 -1.68 40.1494 
-3.84 -1.6 40.1493 
-3.84 -1.52 40.1493 
-3.84 -1.44 40.1493 
-3.84 -1.36 40.1493 
-3.84 -1.28 40.1492 
-3.84 -1.2 40.1491 
-3.84 -1.12 40.149 
-3.84 -1.04 40.1488 
-3.84 -0.96 40.1486 
-3.84 -0.88 40.1482 
-3.84 -0.8 40.1477 
-3.84 -0.72 40.1469 
-3.84 -0.64 40.1458 
-3.84 -0.56 40.1443 
-3.84 -0.48 40.142 
-3.84 -0.4 40.1387 
-3.84 -0.32 40.134 
-3.84 -0.24 40.1272 
-3.84 -0.16 40.1176 
-3.84 -0.08 40.1038 
-3.84 6.93889e-16 40.0842 
-3.84 0.08 40.0568 
-3.84 0.16 40.0187 
-3.84 0.24 39.9669 
-3.84 0.32 39.898 
-3.84 0.4 39.8099 
-3.84 0.48 39.7024 
-3.84 0.56 39.5801 
-3.84 0.64 39.4531 
-3.84 0.72 39.3366 
-3.84 0.8 39.2451 
-3.84 0.88 39.1855 
-3.84 0.96 39.1531 
-3.84 1.04 39.1377 
-3.84 1.12 39.1312 
-3.84 1.2 39.129 
-3.84 1.28 39.1285 
-3.84 1.36 39.1284 
-3.84 1.44 39.1284 
-3.84 1.52 39.1284 
-3.84 1.6 39.1284 
-3.84 1.68 39.1284 
-3.84 1.76 39.1284 
-3.84 1.84 39.1284 
-3.84 1.92 39.1284 
-3.76 -2 40.1494 
-3.76 -1.92 40.1494 
-3.76 -1.84 40.1494 
-3.76 -1.76 40.1494 
-3.76 -1.68 40.1494 
-3.76 -1.6 40.1493 
-3.76 -1.52 40.1493 
-3.76 -1.44 40.1493 
-3.76 -1.36 40.1492 
-3.76 -1.28 40.1492 
-3.76 -1.2 40.1491 
-3.76 -1.12 40.1489 
-3.76 -1.04 40.1487 
-3.76 -0.96 40.1484 
-3.76 -0.88 40.148 
-3.76 -0.8 40.1473 
-3.76 -0.72 40.1464 
-3.76 -0.64 40.1451 
-3.76 -0.56 40.1432 
-3.76 -0.48 40.1405 
-3.76 -0.4 40.1366 
-3.76 -0.32 40.1309 
-3.76 -0.24 40.1228 
-3.76 -0.16 40.1111 
-3.76 -0.08 40.0945 
-3.76 6.93889e-16 40.071 
-3.76 0.08 40.0381 
-3.76 0.16 39.9924 
-3.76 0.24 39.9301 
-3.76 0.32 39.8476 
-3.76 0.4 39.7419 
-3.76 0.48 39.6131 
-3.76 0.56 39.4665 
-3.76 0.64 39.3145 
-3.76 0.72 39.1748 
-3.76 0.8 39.0652 
-3.76 0.88 38.9936 
-3.76 0.96 38.9546 
-3.76 1.04 38.9361 
-3.76 1.12 38.9283 
-3.76 1.2 38.9256 
-3.76 1.28 38.925 
-3.76 1.36 38.9249 
-3.76 1.44 38.9249 
-3.76 1.52 38.9249 
-3.76 1.6 38.9249 
-3.76 1.68 38.9249 
-3.76 1.76 38.9249 
-3.76 1.84 38.9249 
-3.76 1.92 38.9249 
-3.68 -2 40.1494 
-3.68 -1.92 40.1494 
-3.68 -1.84 40.1494 
-3.68 -1.76 40.1494 
-3.68 -1.68 40.1493 
-3.68 -1.6 40.1493 
-3.68 -1.52 40.1493 
-3.68 -1.44 40.1493 
-3.68 -1.36 40.1492 
-3.68 -1.28 40.1491 
-3.68 -1.2 40.149 
-3.68 -1.12 40.1488 
-3.68 -1.04 40.1486 
-3.68 -0.96 40.1482 
-3.68 -0.88 40.1477 
-3.68 -0.8 40.1469 
-3.68 -0.72 40.1458 
-3.68 -0.64 40.1443 
-3.68 -0.56 40.142 
-3.68 -0.48 40.1387 
-3.68 -0.4 40.134 
-3.68 -0.32 40.1272 
-3.68 -0.24 40.1174 
-3.68 -0.16 40.1034 
-3.68 -0.08 40.0835 
-3.68 6.93889e-16 40.0552 
-3.68 0.08 40.0156 
-3.68 0.16 39.9608 
-3.68 0.24 39.8861 
-3.68 0.32 39.7871 
-3.68 0.4 39.6604 
-3.68 0.48 39.5062 
-3.68 0.56 39.3307 
-3.68 0.64 39.1487 
-3.68 0.72 38.9815 
-3.68 0.8 38.85 
-3.68 0.88 38.7641 
-3.68 0.96 38.7173 
-3.68 1.04 38.6951 
-3.68 1.12 38.6856 
-3.68 1.2 38.6824 
-3.68 1.28 38.6817 
-3.68 1.36 38.6816 
-3.68 1.44 38.6816 
-3.68 1.52 38.6816 
-3.68 1.6 38.6816 
-3.68 1.68 38.6816 
-3.68 1.76 38.6816 
-3.68 1.84 38.6816 
-3.68 1.92 38.6816 
-3.6 -2 40.1494 
-3.6 -1.92 40.1494 
-3.6 -1.84 40.1494 
-3.6 -1.76 40.1494 
-3.6 -1.68 40.1493 
-3.6 -1.6 40.1493 
-3.6 -1.52 40.1493 
-3.6 -1.44 40.1492 
-3.6 -1.36 40.1492 
-3.6 -1.28 40.1491 
-3.6 -1.2 40.1489 
-3.6 -1.12 40.1487 
-3.6 -1.04 40.1484 
-3.6 -0.96 40.148 
-3.6 -0.88 40.1473 
-3.6 -0.8 40.1464 
-3.6 -0.72 40.1451 
-3.6 -0.64 40.1432 
-3.6 -0.56 40.1405 
-3.6 -0.48 40.1365 
-3.6 -0.4 40.1308 
-3.6 -0.32 40.1227 
-3.6 -0.24 40.1109 
-3.6 -0.16 40.0941 
-3.6 -0.08 40.0702 
-3.6 6.93889e-16 40.0363 
-3.6 0.08 39.9887 
-3.6 0.16 39.9228 
-3.6 0.24 39.8333 
-3.6 0.32 39.7146 
-3.6 0.4 39.5629 
-3.6 0.48 39.3783 
-3.6 0.56 39.1684 
-3.6 0.64 38.9507 
-3.6 0.72 38.7506 
-3.6 0.8 38.5932 
-3.6 0.88 38.4902 
-3.6 0.96 38.434 
-3.6 1.04 38.4072 
-3.6 1.12 38.3959 
-3.6 1.2 38.392 
-3.6 1.28 38.3911 
-3.6 1.36 38.391 
-3.6 1.44 38.391 
-3.6 1.52 38.391 
-3.6 1.6 38.391 
-3.6 1.68 38.391 
-3.6 1.76 38.391 
-3.6 1.84 38.391 
-3.6 1.92 38.391 
-3.52 -2 40.1494 
-3.52 -1.92 40.1494 
-3.52 -1.84 40.1494 
-3.52 -1.76 40.1493 
-3.52 -1.68 40.1493 
-3.52 -1.6 40.1493 
-3.52 -1.52 40.1493 
-3.52 -1.44 40.1492 
-3.52 -1.36 40.1491 
-3.52 -1.28 40.149 
-3.52 -1.2 40.1488 
-3.52 -1.12 40.1486 
-3.52 -1.04 40.1482 
-3.52 -0.96 40.1477 
-3.52 -0.88 40.1469 
-3.52 -0.8 40.1458 
-3.52 -0.72 40.1443 
-3.52 -0.64 40.142 
-3.52 -0.56 40.1387 
-3.52 -0.48 40.1339 
-3.52 -0.4 40.1271 
-3.52 -0.32 40.1173 
-3.52 -0.24 40.1031 
-3.52 -0.16 40.0829 
-3.52 -0.08 40.0542 
-3.52 6.93889e-16 40.0135 
-3.52 0.08 39.9564 
-3.52 0.16 39.8773 
-3.52 0.24 39.77 
-3.52 0.32 39.6278 
-3.52 0.4 39.4462 
-3.52 0.48 39.2254 
-3.52 0.56 38.9747 
-3.52 0.64 38.7145 
-3.52 0.72 38.4754 
-3.52 0.8 38.2871 
-3.52 0.88 38.1636 
-3.52 0.96 38.0961 
-3.52 1.04 38.064 
-3.52 1.12 38.0503 
-3.52 1.2 38.0456 
-3.52 1.28 38.0446 
-3.52 1.36 38.0445 
-3.52 1.44 38.0444 
-3.52 1.52 38.0444 
-3.52 1.6 38.0444 
-3.52 1.68 38.0444 
-3.52 1.76 38.0444 
-3.52 1.84 38.0444 
-3.52 1.92 38.0444 
-3.44 -2 40.1494 
-3.44 -1.92 40.1494 
-3.44 -1.84 40.1494 
-3.44 -1.76 40.1493 
-3.44 -1.68 40.1493 
-3.44 -1.6 40.1493 
-3.44 -1.52 40.1492 
-3.44 -1.44 40.1492 
-3.44 -1.36 40.1491 
-3.44 -1.28 40.1489 
-3.44 -1.2 40.1487 
-3.44 -1.12 40.1484 
-3.44 -1.04 40.148 
-3.44 -0.96 40.1473 
-3.44 -0.88 40.1464 
-3.44 -0.8 40.1451 
-3.44 -0.72 40.1432 
-3.44 -0.64 40.1405 
-3.44 -0.56 40.1365 
-3.44 -0.48 40.1308 
-3.44 -0.4 40.1226 
-3.44 -0.32 40.1108 
-3.44 -0.24 40.0938 
-3.44 -0.16 40.0695 
-3.44 -0.08 40.035 
-3.44 6.93889e-16 39.9861 
-3.44 0.08 39.9176 
-3.44 0.16 39.8228 
-3.44 0.24 39.6941 
-3.44 0.32 39.5239 
-3.44 0.4 39.3067 
-3.44 0.48 39.043 
-3.44 0.56 38.7437 
-3.44 0.64 38.4333 
-3.44 0.72 38.1478 
-3.44 0.8 37.9227 
-3.44 0.88 37.7748 
-3.44 0.96 37.6939 
-3.44 1.04 37.6553 
-3.44 1.12 37.6388 
-3.44 1.2 37.6333 
-3.44 1.28 37.632 
-3.44 1.36 37.6318 
-3.44 1.44 37.6318 
-3.44 1.52 37.6318 
-3.44 1.6 37.6318 
-3.44 1.68 37.6318 
-3.44 1.76 37.6318 
-3.44 1.84 37.6318 
-3.44 1.92 37.6318 
-3.36 -2 40.1494 
-3.36 -1.92 40.1494 
-3.36 -1.84 40.1493 
-3.36 -1.76 40.1493 
-3.36 -1.68 40.1493 
-3.36 -1.6 40.1493 
-3.36 -1.52 40.1492 
-3.36 -1.44 40.1491 
-3.36 -1.36 40.149 
-3.36 -1.28 40.1488 
-3.36 -1.2 40.1486 
-3.36 -1.12 40.1482 
-3.36 -1.04 40.1477 
-3.36 -0.96 40.1469 
-3.36 -0.88 40.1458 
-3.36 -0.8 40.1443 
-3.36 -0.72 40.142 
-3.36 -0.64 40.1387 
-3.36 -0.56 40.1339 
-3.36 -0.48 40.1271 
-3.36 -0.4 40.1172 
-3.36 -0.32 40.103 
-3.36 -0.24 40.0826 
-3.36 -0.16 40.0534 
-3.36 -0.08 40.0119 
-3.36 6.93889e-16 39.9532 
-3.36 0.08 39.871 
-3.36 0.16 39.7574 
-3.36 0.24 39.6033 
-3.36 0.32 39.3997 
-3.36 0.4 39.1402 
-3.36 0.48 38.8256 
-3.36 0.56 38.4688 
-3.36 0.64 38.099 
-3.36 0.72 37.7587 
-3.36 0.8 37.4899 
-3.36 0.88 37.313 
-3.36 0.96 37.2161 
-3.36 1.04 37.1697 
-3.36 1.12 37.15 
-3.36 1.2 37.1433 
-3.36 1.28 37.1417 
-3.36 1.36 37.1416 
-3.36 1.44 37.1415 
-3.36 1.52 37.1415 
-3.36 1.6 37.1415 
-3.36 1.68 37.1415 
-3.36 1.76 37.1415 
-3.36 1.84 37.1415 
-3.36 1.92 37.1415 
-3.28 -2 40.1494 
-3.28 -1.92 40.1494 
-3.28 -1.84 40.1493 
-3.28 -1.76 40.1493 
-3.28 -1.68 40.1493 
-3.28 -1.6 40.1492 
-3.28 -1.52 40.1492 
-3.28 -1.44 40.1491 
-3.28 -1.36 40.1489 
-3.28 -1.28 40.1487 
-3.28 -1.2 40.1484 
-3.28 -1.12 40.148 
-3.28 -1.04 40.1473 
-3.28 -0.96 40.1464 
-3.28 -0.88 40.1451 
-3.28 -0.8 40.1432 
-3.28 -0.72 40.1405 
-3.28 -0.64 40.1365 
-3.28 -0.56 40.1308 
-3.28 -0.48 40.1225 
-3.28 -0.4 40.1107 
-3.28 -0.32 40.0936 
-3.28 -0.24 40.0691 
-3.28 -0.16 40.0341 
-3.28 -0.08 39.9842 
-3.28 6.93889e-16 39.9138 
-3.28 0.08 39.8152 
-3.28 0.16 39.6791 
-3.28 0.24 39.4946 
-3.28 0.32 39.2513 
-3.28 0.4 38.9418 
-3.28 0.48 38.5669 
-3.28 0.56 38.1423 
-3.28 0.64 37.7024 
-3.28 0.72 37.2974 
-3.28 0.8 36.9771 
-3.28 0.88 36.7659 
-3.28 0.96 36.6498 
-3.28 1.04 36.5942 
-3.28 1.12 36.5706 
-3.28 1.2 36.5625 
-3.28 1.28 36.5607 
-3.28 1.36 36.5605 
-3.28 1.44 36.5605 
-3.28 1.52 36.5605 
-3.28 1.6 36.5605 
-3.28 1.68 36.5605 
-3.28 1.76 36.5605 
-3.28 1.84 36.5605 
-3.28 1.92 36.5605 
-3.2 -2 40.1494 
-3.2 -1.92 40.1493 
-3.2 -1.84 40.1493 
-3.2 -1.76 40.1493 
-3.2 -1.68 40.1493 
-3.2 -1.6 40.1492 
-3.2 -1.52 40.1491 
-3.2 -1.44 40.149 
-3.2 -1.36 40.1488 
-3.2 -1.28 40.1486 
-3.2 -1.2 40.1482 
-3.2 -1.12 40.1477 
-3.2 -1.04 40.1469 
-3.2 -0.96 40.1458 
-3.2 -0.88 40.1443 
-3.2 -0.8 40.142 
-3.2 -0.72 40.1387 
-3.2 -0.64 40.1339 
-3.2 -0.56 40.127 
-3.2 -0.48 40.1171 
-3.2 -0.4 40.1028 
-3.2 -0.32 40.0823 
-3.2 -0.24 40.0529 
-3.2 -0.16 40.0108 
-3.2 -0.08 39.951 
-3.2 6.93889e-16 39.8665 
-3.2 0.08 39.7483 
-3.2 0.16 39.5853 
-3.2 0.24 39.3648 
-3.2 0.32 39.0743 
-3.2 0.4 38.7055 
-3.2 0.48 38.2596 
-3.2 0.56 37.7552 
-3.2 0.64 37.2329 
-3.2 0.72 36.752 
-3.2 0.8 36.3712 
-3.2 0.88 36.1194 
-3.2 0.96 35.9808 
-3.2 1.04 35.9143 
-3.2 1.12 35.886 
-3.2 1.2 35.8764 
-3.2 1.28 35.8742 
-3.2 1.36 35.8739 
-3.2 1.44 35.8739 
-3.2 1.52 35.8739 
-3.2 1.6 35.8739 
-3.2 1.68 35.8739 
-3.2 1.76 35.8739 
-3.2 1.84 35.8739 
-3.2 1.92 35.8739 
-3.12 -2 40.1494 
-3.12 -1.92 40.1493 
-3.12 -1.84 40.1493 
-3.12 -1.76 40.1493 
-3.12 -1.68 40.1492 
-3.12 -1.6 40.1492 
-3.12 -1.52 40.1491 
-3.12 -1.44 40.1489 
-3.12 -1.36 40.1487 
-3.12 -1.28 40.1484 
-3.12 -1.2 40.148 
-3.12 -1.12 40.1473 
-3.12 -1.04 40.1464 
-3.12 -0.96 40.1451 
-3.12 -0.88 40.1432 
-3.12 -0.8 40.1405 
-3.12 -0.72 40.1365 
-3.12 -0.64 40.1308 
-3.12 -0.56 40.1225 
-3.12 -0.48 40.1106 
-3.12 -0.4 40.0935 
-3.12 -0.32 40.0688 
-3.12 -0.24 40.0335 
-3.12 -0.16 39.983 
-3.12 -0.08 39.9112 
-3.12 6.93889e-16 39.8098 
-3.12 0.08 39.6682 
-3.12 0.16 39.4732 
-3.12 0.24 39.2098 
-3.12 0.32 38.8635 
-3.12 0.4 38.4247 
-3.12 0.48 37.8954 
-3.12 0.56 37.2975 
-3.12 0.64 36.679 
-3.12 0.72 36.1094 
-3.12 0.8 35.6578 
-3.12 0.88 35.3586 
-3.12 0.96 35.1934 
-3.12 1.04 35.1141 
-3.12 1.12 35.0803 
-3.12 1.2 35.0688 
-3.12 1.28 35.0662 
-3.12 1.36 35.0659 
-3.12 1.44 35.0658 
-3.12 1.52 35.0658 
-3.12 1.6 35.0658 
-3.12 1.68 35.0658 
-3.12 1.76 35.0658 
-3.12 1.84 35.0658 
-3.12 1.92 35.0658 
-3.04 -2 40.1493 
-3.04 -1.92 40.1493 
-3.04 -1.84 40.1493 
-3.04 -1.76 40.1493 
-3.04 -1.68 40.1492 
-3.04 -1.6 40.1491 
-3.04 -1.52 40.149 
-3.04 -1.44 40.1488 
-3.04 -1.36 40.1486 
-3.04 -1.28 40.1482 
-3.04 -1.2 40.1477 
-3.04 -1.12 40.1469 
-3.04 -1.04 40.1458 
-3.04 -0.96 40.1443 
-3.04 -0.88 40.142 
-3.04 -0.8 40.1387 
-3.04 -0.72 40.1339 
-3.04 -0.64 40.127 
-3.04 -0.56 40.1171 
-3.04 -0.48 40.1028 
-3.04 -0.4 40.0822 
-3.04 -0.32 40.0525 
-3.04 -0.24 40.0101 
-3.04 -0.16 39.9495 
-3.04 -0.08 39.8633 
-3.04 6.93889e-16 39.7419 
-3.04 0.08 39.5724 
-3.04 0.16 39.3393 
-3.04 0.24 39.025 
-3.04 0.32 38.6129 
-3.04 0.4 38.0918 
-3.04 0.48 37.4647 
-3.04 0.56 36.7579 
-3.04 0.64 36.0275 
-3.04 0.72 35.3551 
-3.04 0.8 34.8214 
-3.04 0.88 34.4671 
-3.04 0.96 34.2711 
-3.04 1.04 34.1768 
-3.04 1.12 34.1366 
-3.04 1.2 34.1229 
-3.04 1.28 34.1198 
-3.04 1.36 34.1194 
-3.04 1.44 34.1194 
-3.04 1.52 34.1194 
-3.04 1.6 34.1194 
-3.04 1.68 34.1194 
-3.04 1.76 34.1194 
-3.04 1.84 34.1194 
-3.04 1.92 34.1194 
-2.96 -2 40.1493 
-2.96 -1.92 40.1493 
-2.96 -1.84 40.1493 
-2.96 -1.76 40.1492 
-2.96 -1.68 40.1492 
-2.96 -1.6 40.1491 
-2.96 -1.52 40.1489 
-2.96 -1.44 40.1487 
-2.96 -1.36 40.1484 
-2.96 -1.28 40.148 
-2.96 -1.2 40.1473 
-2.96 -1.12 40.1464 
-2.96 -1.04 40.1451 
-2.96 -0.96 40.1432 
-2.96 -0.88 40.1405 
-2.96 -0.8 40.1365 
-2.96 -0.72 40.1308 
-2.96 -0.64 40.1225 
-2.96 -0.56 40.1106 
-2.96 -0.48 40.0933 
-2.96 -0.4 40.0686 
-2.96 -0.32 40.033 
-2.96 -0.24 39.9821 
-2.96 -0.16 39.9093 
-2.96 -0.08 39.806 
-2.96 6.93889e-16 39.6605 
-2.96 0.08 39.4578 
-2.96 0.16 39.1795 
-2.96 0.24 38.8051 
-2.96 0.32 38.3154 
-2.96 0.4 37.698 
-2.96 0.48 36.957 
-2.96 0.56 36.1238 
-2.96 0.64 35.2645 
-2.96 0.72 34.4739 
-2.96 0.8 33.8462 
-2.96 0.88 33.4287 
-2.96 0.96 33.1972 
-2.96 1.04 33.0857 
-2.96 1.12 33.0381 
-2.96 1.2 33.022 
-2.96 1.28 33.0183 
-2.96 1.36 33.0179 
-2.96 1.44 33.0178 
-2.96 1.52 33.0178 
-2.96 1.6 33.0178 
-2.96 1.68 33.0178 
-2.96 1.76 33.0178 
-2.96 1.84 33.0178 
-2.96 1.92 33.0178 
-2.88 -2 40.1493 
-2.88 -1.92 40.1493 
-2.88 -1.84 40.1493 
-2.88 -1.76 40.1492 
-2.88 -1.68 40.1491 
-2.88 -1.6 40.149 
-2.88 -1.52 40.1488 
-2.88 -1.44 40.1486 
-2.88 -1.36 40.1482 
-2.88 -1.28 40.1477 
-2.88 -1.2 40.1469 
-2.88 -1.12 40.1458 
-2.88 -1.04 40.1443 
-2.88 -0.96 40.142 
-2.88 -0.88 40.1387 
-2.88 -0.8 40.1339 
-2.88 -0.72 40.127 
-2.88 -0.64 40.1171 
-2.88 -0.56 40.1027 
-2.88 -0.48 40.082 
-2.88 -0.4 40.0523 
-2.88 -0.32 40.0096 
-2.88 -0.24 39.9484 
-2.88 -0.16 39.8611 
-2.88 -0.08 39.7374 
-2.88 6.93889e-16 39.5632 
-2.88 0.08 39.3209 
-2.88 0.16 38.989 
-2.88 0.24 38.5438 
-2.88 0.32 37.963 
-2.88 0.4 37.2333 
-2.88 0.48 36.3604 
-2.88 0.56 35.3819 
-2.88 0.64 34.3753 
-2.88 0.72 33.4508 
-2.88 0.8 32.717 
-2.88 0.88 32.2284 
-2.88 0.96 31.9568 
-2.88 1.04 31.8258 
-2.88 1.12 31.7699 
-2.88 1.2 31.7509 
-2.88 1.28 31.7466 
-2.88 1.36 31.7461 
-2.88 1.44 31.746 
-2.88 1.52 31.746 
-2.88 1.6 31.746 
-2.88 1.68 31.746 
-2.88 1.76 31.746 
-2.88 1.84 31.746 
-2.88 1.92 31.746 
-2.8 -2 40.1493 
-2.8 -1.92 40.1493 
-2.8 -1.84 40.1492 
-2.8 -1.76 40.1492 
-2.8 -1.68 40.1491 
-2.8 -1.6 40.1489 
-2.8 -1.52 40.1487 
-2.8 -1.44 40.1484 
-2.8 -1.36 40.148 
-2.8 -1.28 40.1473 
-2.8 -1.2 40.1464 
-2.8 -1.12 40.1451 
-2.8 -1.04 40.1432 
-2.8 -0.96 40.1405 
-2.8 -0.88 40.1365 
-2.8 -0.8 40.1308 
-2.8 -0.72 40.1225 
-2.8 -0.64 40.1105 
-2.8 -0.56 40.0933 
-2.8 -0.48 40.0684 
-2.8 -0.4 40.0327 
-2.8 -0.32 39.9814 
-2.8 -0.24 39.908 
-2.8 -0.16 39.8034 
-2.8 -0.08 39.6551 
-2.8 6.93889e-16 39.4468 
-2.8 0.08 39.1576 
-2.8 0.16 38.7624 
-2.8 0.24 38.2338 
-2.8 0.32 37.5468 
-2.8 0.4 36.6869 
-2.8 0.48 35.6622 
-2.8 0.56 34.5181 
-2.8 0.64 33.3457 
-2.8 0.72 32.2721 
-2.8 0.8 31.4212 
-2.8 0.88 30.8544 
-2.8 0.96 30.5387 
-2.8 1.04 30.3862 
-2.8 1.12 30.3211 
-2.8 1.2 30.299 
-2.8 1.28 30.294 
-2.8 1.36 30.2933 
-2.8 1.44 30.2933 
-2.8 1.52 30.2933 
-2.8 1.6 30.2933 
-2.8 1.68 30.2933 
-2.8 1.76 30.2933 
-2.8 1.84 30.2933 
-2.8 1.92 30.2933 
-2.72 -2 40.1493 
-2.72 -1.92 40.1493 
-2.72 -1.84 40.1492 
-2.72 -1.76 40.1491 
-2.72 -1.68 40.149 
-2.72 -1.6 40.1488 
-2.72 -1.52 40.1486 
-2.72 -1.44 40.1482 
-2.72 -1.36 40.1477 
-2.72 -1.28 40.1469 
-2.72 -1.2 40.1458 
-2.72 -1.12 40.1443 
-2.72 -1.04 40.142 
-2.72 -0.96 40.1387 
-2.72 -0.88 40.1339 
-2.72 -0.8 40.127 
-2.72 -0.72 40.117 
-2.72 -0.64 40.1027 
-2.72 -0.56 40.082 
-2.72 -0.48 40.0521 
-2.72 -0.4 40.0092 
-2.72 -0.32 39.9476 
-2.72 -0.24 39.8596 
-2.72 -0.16 39.7342 
-2.72 -0.08 39.5567 
-2.72 6.93889e-16 39.3079 
-2.72 0.08 38.9631 
-2.72 0.16 38.4933 
-2.72 0.24 37.8672 
-2.72 0.32 37.0567 
-2.72 0.4 36.0465 
-2.72 0.48 34.8488 
-2.72 0.56 33.5186 
-2.72 0.64 32.1629 
-2.72 0.72 30.9277 
-2.72 0.8 29.9519 
-2.72 0.88 29.3021 
-2.72 0.96 28.9396 
-2.72 1.04 28.7641 
-2.72 1.12 28.6891 
-2.72 1.2 28.6637 
-2.72 1.28 28.6579 
-2.72 1.36 28.6572 
-2.72 1.44 28.6572 
-2.72 1.52 28.6572 
-2.72 1.6 28.6572 
-2.72 1.68 28.6572 
-2.72 1.76 28.6572 
-2.72 1.84 28.6572 
-2.72 1.92 28.6572 
-2.64 -2 40.1493 
-2.64 -1.92 40.1492 
-2.64 -1.84 40.1492 
-2.64 -1.76 40.1491 
-2.64 -1.68 40.1489 
-2.64 -1.6 40.1487 
-2.64 -1.52 40.1484 
-2.64 -1.44 40.148 
-2.64 -1.36 40.1473 
-2.64 -1.28 40.1464 
-2.64 -1.2 40.1451 
-2.64 -1.12 40.1432 
-2.64 -1.04 40.1405 
-2.64 -0.96 40.1365 
-2.64 -0.88 40.1307 
-2.64 -0.8 40.1225 
-2.64 -0.72 40.1105 
-2.64 -0.64 40.0932 
-2.64 -0.56 40.0683 
-2.64 -0.48 40.0325 
-2.64 -0.4 39.981 
-2.64 -0.32 39.9071 
-2.64 -0.24 39.8015 
-2.64 -0.16 39.6513 
-2.64 -0.08 39.4391 
-2.64 6.93889e-16 39.1421 
-2.64 0.08 38.7318 
-2.64 0.16 38.1745 
-2.64 0.24 37.4346 
-2.64 0.32 36.4813 
-2.64 0.4 35.2995 
-2.64 0.48 33.9068 
-2.64 0.56 32.3712 
-2.64 0.64 30.8187 
-2.64 0.72 29.4152 
-2.64 0.8 28.3123 
-2.64 0.88 27.579 
-2.64 0.96 27.1691 
-2.64 1.04 26.9702 
-2.64 1.12 26.8851 
-2.64 1.2 26.8563 
-2.64 1.28 26.8498 
-2.64 1.36 26.849 
-2.64 1.44 26.8489 
-2.64 1.52 26.8489 
-2.64 1.6 26.8489 
-2.64 1.68 26.8489 
-2.64 1.76 26.8489 
-2.64 1.84 26.8489 
-2.64 1.92 26.8489 
-2.56 -2 40.1493 
-2.56 -1.92 40.1492 
-2.56 -1.84 40.1491 
-2.56 -1.76 40.149 
-2.56 -1.68 40.1488 
-2.56 -1.6 40.1486 
-2.56 -1.52 40.1482 
-2.56 -1.44 40.1477 
-2.56 -1.36 40.1469 
-2.56 -1.28 40.1458 
-2.56 -1.2 40.1443 
-2.56 -1.12 40.142 
-2.56 -1.04 40.1387 
-2.56 -0.96 40.1339 
-2.56 -0.88 40.127 
-2.56 -0.8 40.117 
-2.56 -0.72 40.1026 
-2.56 -0.64 40.0819 
-2.56 -0.56 40.052 
-2.56 -0.48 40.009 
-2.56 -0.4 39.9471 
-2.56 -0.32 39.8585 
-2.56 -0.24 39.7319 
-2.56 -0.16 39.5522 
-2.56 -0.08 39.2987 
-2.56 6.93889e-16 38.9447 
-2.56 0.08 38.4572 
-2.56 0.16 37.7975 
-2.56 0.24 36.9258 
-2.56 0.32 35.8086 
-2.56 0.4 34.4325 
-2.56 0.48 32.8237 
-2.56 0.56 31.0674 
-2.56 0.64 29.3124 
-2.56 0.72 27.7438 
-2.56 0.8 26.5212 
-2.56 0.88 25.7105 
-2.56 0.96 25.2562 
-2.56 1.04 25.035 
-2.56 1.12 24.9403 
-2.56 1.2 24.9082 
-2.56 1.28 24.9009 
-2.56 1.36 24.9 
-2.56 1.44 24.9 
-2.56 1.52 24.9 
-2.56 1.6 24.9 
-2.56 1.68 24.9 
-2.56 1.76 24.9 
-2.56 1.84 24.9 
-2.56 1.92 24.9 
-2.48 -2 40.1492 
-2.48 -1.92 40.1492 
-2.48 -1.84 40.1491 
-2.48 -1.76 40.1489 
-2.48 -1.68 40.1487 
-2.48 -1.6 40.1484 
-2.48 -1.52 40.148 
-2.48 -1.44 40.1473 
-2.48 -1.36 40.1464 
-2.48 -1.28 40.1451 
-2.48 -1.2 40.1432 
-2.48 -1.12 40.1405 
-2.48 -1.04 40.1365 
-2.48 -0.96 40.1307 
-2.48 -0.88 40.1225 
-2.48 -0.8 40.1105 
-2.48 -0.72 40.0932 
-2.48 -0.64 40.0683 
-2.48 -0.56 40.0324 
-2.48 -0.48 39.9807 
-2.48 -0.4 39.9065 
-2.48 -0.32 39.8002 
-2.48 -0.24 39.6486 
-2.48 -0.16 39.4337 
-2.48 -0.08 39.1312 
-2.48 6.93889e-16 38.71 
-2.48 0.08 38.1319 
-2.48 0.16 37.3531 
-2.48 0.24 36.3294 
-2.48 0.32 35.0257 
-2.48 0.4 33.4328 
-2.48 0.48 31.5901 
-2.48 0.56 29.6062 
-2.48 0.64 27.6562 
-2.48 0.72 25.9414 
-2.48 0.8 24.62 
-2.48 0.88 23.7469 
-2.48 0.96 23.2559 
-2.48 1.04 23.0155 
-2.48 1.12 22.9123 
-2.48 1.2 22.8773 
-2.48 1.28 22.8694 
-2.48 1.36 22.8684 
-2.48 1.44 22.8683 
-2.48 1.52 22.8683 
-2.48 1.6 22.8683 
-2.48 1.68 22.8683 
-2.48 1.76 22.8683 
-2.48 1.84 22.8683 
-2.48 1.92 22.8683 
-2.4 -2 40.1492 
-2.4 -1.92 40.1491 
-2.4 -1.84 40.149 
-2.4 -1.76 40.1488 
-2.4 -1.68 40.1486 
-2.4 -1.6 40.1482 
-2.4 -1.52 40.1477 
-2.4 -1.44 40.1469 
-2.4 -1.36 40.1458 
-2.4 -1.28 40.1443 
-2.4 -1.2 40.142 
-2.4 -1.12 40.1387 
-2.4 -1.04 40.1339 
-2.4 -0.96 40.127 
-2.4 -0.88 40.117 
-2.4 -0.8 40.1026 
-2.4 -0.72 40.0819 
-2.4 -0.64 40.0519 
-2.4 -0.56 40.0088 
-2.4 -0.48 39.9467 
-2.4 -0.4 39.8577 
-2.4 -0.32 39.7304 
-2.4 -0.24 39.549 
-2.4 -0.16 39.2922 
-2.4 -0.08 38.9318 
-2.4 6.93889e-16 38.4315 
-2.4 0.08 37.7476 
-2.4 0.16 36.8309 
-2.4 0.24 35.6333 
-2.4 0.32 34.1198 
-2.4 0.4 32.2895 
-2.4 0.48 30.2025 
-2.4 0.56 27.9984 
-2.4 0.64 25.8812 
-2.4 0.72 24.0601 
-2.4 0.8 22.678 
-2.4 0.88 21.7681 
-2.4 0.96 21.2534 
-2.4 1.04 20.9991 
-2.4 1.12 20.8894 
-2.4 1.2 20.8522 
-2.4 1.28 20.8438 
-2.4 1.36 20.8428 
-2.4 1.44 20.8427 
-2.4 1.52 20.8427 
-2.4 1.6 20.8427 
-2.4 1.68 20.8427 
-2.4 1.76 20.8427 
-2.4 1.84 20.8427 
-2.4 1.92 20.8427 
-2.32 -2 40.1492 
-2.32 -1.92 40.1491 
-2.32 -1.84 40.1489 
-2.32 -1.76 40.1487 
-2.32 -1.68 40.1484 
-2.32 -1.6 40.148 
-2.32 -1.52 40.1473 
-2.32 -1.44 40.1464 
-2.32 -1.36 40.1451 
-2.32 -1.28 40.1432 
-2.32 -1.2 40.1405 
-2.32 -1.12 40.1365 
-2.32 -1.04 40.1307 
-2.32 -0.96 40.1224 
-2.32 -0.88 40.1105 
-2.32 -0.8 40.0932 
-2.32 -0.72 40.0682 
-2.32 -0.64 40.0323 
-2.32 -0.56 39.9805 
-2.32 -0.48 39.906 
-2.32 -0.4 39.7993 
-2.32 -0.32 39.6468 
-2.32 -0.24 39.4299 
-2.32 -0.16 39.1235 
-2.32 -0.08 38.6947 
-2.32 6.93889e-16 38.1017 
-2.32 0.08 37.2948 
-2.32 0.16 36.2195 
-2.32 0.24 34.8247 
-2.32 0.32 33.0788 
-2.32 0.4 30.9961 
-2.32 0.48 28.6675 
-2.32 0.56 26.2728 
-2.32 0.64 24.0433 
-2.32 0.72 22.1813 
-2.32 0.8 20.7946 
-2.32 0.88 19.8841 
-2.32 0.96 19.3634 
-2.32 1.04 19.1026 
-2.32 1.12 18.9893 
-2.32 1.2 18.9508 
-2.32 1.28 18.9421 
-2.32 1.36 18.941 
-2.32 1.44 18.9409 
-2.32 1.52 18.9409 
-2.32 1.6 18.9409 
-2.32 1.68 18.9409 
-2.32 1.76 18.9409 
-2.32 1.84 18.9409 
-2.32 1.92 18.9409 
-2.24 -2 40.1491 
-2.24 -1.92 40.149 
-2.24 -1.84 40.1488 
-2.24 -1.76 40.1486 
-2.24 -1.68 40.1482 
-2.24 -1.6 40.1477 
-2.24 -1.52 40.1469 
-2.24 -1.44 40.1458 
-2.24 -1.36 40.1443 
-2.24 -1.28 40.142 
-2.24 -1.2 40.1387 
-2.24 -1.12 40.1339 
-2.24 -1.04 40.127 
-2.24 -0.96 40.117 
-2.24 -0.88 40.1026 
-2.24 -0.8 40.0818 
-2.24 -0.72 40.0519 
-2.24 -0.64 40.0087 
-2.24 -0.56 39.9465 
-2.24 -0.48 39.8572 
-2.24 -0.4 39.7293 
-2.24 -0.32 39.5468 
-2.24 -0.24 39.2877 
-2.24 -0.16 38.9227 
-2.24 -0.08 38.4134 
-2.24 6.93889e-16 37.7122 
-2.24 0.08 36.7631 
-2.24 0.16 35.5067 
-2.24 0.24 33.891 
-2.24 0.32 31.8933 
-2.24 0.4 29.5536 
-2.24 0.48 27.0071 
-2.24 0.56 24.4817 
-2.24 0.64 22.2272 
-2.24 0.72 20.4149 
-2.24 0.8 19.0946 
-2.24 0.88 18.2266 
-2.24 0.96 17.7209 
-2.24 1.04 17.462 
-2.24 1.12 17.3483 
-2.24 1.2 17.3096 
-2.24 1.28 17.3009 
-2.24 1.36 17.2998 
-2.24 1.44 17.2997 
-2.24 1.52 17.2997 
-2.24 1.6 17.2997 
-2.24 1.68 17.2997 
-2.24 1.76 17.2997 
-2.24 1.84 17.2997 
-2.24 1.92 17.2997 
-2.16 -2 40.1491 
-2.16 -1.92 40.1489 
-2.16 -1.84 40.1487 
-2.16 -1.76 40.1484 
-2.16 -1.68 40.148 
-2.16 -1.6 40.1473 
-2.16 -1.52 40.1464 
-2.16 -1.44 40.1451 
-2.16 -1.36 40.1432 
-2.16 -1.28 40.1405 
-2.16 -1.2 40.1365 
-2.16 -1.12 40.1307 
-2.16 -1.04 40.1224 
-2.16 -0.96 40.1105 
-2.16 -0.88 40.0932 
-2.16 -0.8 40.0682 
-2.16 -0.72 40.0322 
-2.16 -0.64 39.9803 
-2.16 -0.56 39.9057 
-2.16 -0.48 39.7987 
-2.16 -0.4 39.6455 
-2.16 -0.32 39.4273 
-2.16 -0.24 39.1182 
-2.16 -0.16 38.6839 
-2.16 -0.08 38.0804 
-2.16 6.93889e-16 37.2535 
-2.16 0.08 36.141 
-2.16 0.16 34.6798 
-2.16 0.24 32.821 
-2.16 0.32 30.5594 
-2.16 0.4 27.9757 
-2.16 0.48 25.2652 
-2.16 0.56 22.7059 
-2.16 0.64 20.5449 
-2.16 0.72 18.8906 
-2.16 0.8 17.7137 
-2.16 0.88 16.9324 
-2.16 0.96 16.4622 
-2.16 1.04 16.2137 
-2.16 1.12 16.1029 
-2.16 1.2 16.065 
-2.16 1.28 16.0564 
-2.16 1.36 16.0553 
-2.16 1.44 16.0553 
-2.16 1.52 16.0553 
-2.16 1.6 16.0553 
-2.16 1.68 16.0553 
-2.16 1.76 16.0553 
-2.16 1.84 16.0553 
-2.16 1.92 16.0553 
-2.08 -2 40.149 
-2.08 -1.92 40.1488 
-2.08 -1.84 40.1486 
-2.08 -1.76 40.1482 
-2.08 -1.68 40.1477 
-2.08 -1.6 40.1469 
-2.08 -1.52 40.1458 
-2.08 -1.44 40.1443 
-2.08 -1.36 40.142 
-2.08 -1.28 40.1387 
-2.08 -1.2 40.1339 
-2.08 -1.12 40.127 
-2.08 -1.04 40.117 
-2.08 -0.96 40.1026 
-2.08 -0.88 40.0818 
-2.08 -0.8 40.0518 
-2.08 -0.72 40.0086 
-2.08 -0.64 39.9463 
-2.08 -0.56 39.8568 
-2.08 -0.48 39.7286 
-2.08 -0.4 39.5453 
-2.08 -0.32 39.2846 
-2.08 -0.24 38.9163 
-2.08 -0.16 38.4007 
-2.08 -0.08 37.6873 
-2.08 6.93889e-16 36.7151 
-2.08 0.08 35.4164 
-2.08 0.16 33.7266 
-2.08 0.24 31.6065 
-2.08 0.32 29.0822 
-2.08 0.4 26.2943 
-2.08 0.48 23.512 
-2.08 0.56 21.0528 
-2.08 0.64 19.1256 
-2.08 0.72 17.7401 
-2.08 0.8 16.7762 
-2.08 0.88 16.1179 
-2.08 0.96 15.6996 
-2.08 1.04 15.4683 
-2.08 1.12 15.3628 
-2.08 1.2 15.3266 
-2.08 1.28 15.3184 
-2.08 1.36 15.3174 
-2.08 1.44 15.3173 
-2.08 1.52 15.3173 
-2.08 1.6 15.3173 
-2.08 1.68 15.3173 
-2.08 1.76 15.3173 
-2.08 1.84 15.3173 
-2.08 1.92 15.3173 
-2 -2 40.1489 
-2 -1.92 40.1487 
-2 -1.84 40.1484 
-2 -1.76 40.148 
-2 -1.68 40.1473 
-2 -1.6 40.1464 
-2 -1.52 40.1451 
-2 -1.44 40.1432 
-2 -1.36 40.1405 
-2 -1.28 40.1365 
-2 -1.2 40.1307 
-2 -1.12 40.1224 
-2 -1.04 40.1105 
-2 -0.96 40.0931 
-2 -0.88 40.0682 
-2 -0.8 40.0321 
-2 -0.72 39.9802 
-2 -0.64 39.9055 
-2 -0.56 39.7982 
-2 -0.48 39.6446 
-2 -0.4 39.4254 
-2 -0.32 39.1145 
-2 -0.24 38.6764 
-2 -0.16 38.0655 
-2 -0.08 37.2244 
-2 6.93889e-16 36.0856 
-2 0.08 34.5768 
-2 0.16 32.6364 
-2 0.24 30.2455 
-2 0.32 27.481 
-2 0.4 24.5651 
-2 0.48 21.8455 
-2 0.56 19.6487 
-2 0.64 18.0966 
-2 0.72 17.0717 
-2 0.8 16.3677 
-2 0.88 15.853 
-2 0.96 15.4954 
-2 1.04 15.2848 
-2 1.12 15.1862 
-2 1.2 15.1521 
-2 1.28 15.1444 
-2 1.36 15.1434 
-2 1.44 15.1433 
-2 1.52 15.1433 
-2 1.6 15.1433 
-2 1.68 15.1433 
-2 1.76 15.1433 
-2 1.84 15.1433 
-2 1.92 15.1433 
-1.92 -2 40.1488 
-1.92 -1.92 40.1486 
-1.92 -1.84 40.1482 
-1.92 -1.76 40.1477 
-1.92 -1.68 40.1469 
-1.92 -1.6 40.1458 
-1.92 -1.52 40.1443 
-1.92 -1.44 40.142 
-1.92 -1.36 40.1387 
-1.92 -1.28 40.1339 
-1.92 -1.2 40.127 
-1.92 -1.12 40.117 
-1.92 -1.04 40.1026 
-1.92 -0.96 40.0818 
-1.92 -0.88 40.0518 
-1.92 -0.8 40.0085 
-1.92 -0.72 39.9462 
-1.92 -0.64 39.8566 
-1.92 -0.56 39.728 
-1.92 -0.48 39.5442 
-1.92 -0.4 39.2824 
-1.92 -0.32 38.9119 
-1.92 -0.24 38.3919 
-1.92 -0.16 37.6699 
-1.92 -0.08 36.6814 
-1.92 6.93889e-16 35.3527 
-1.92 0.08 33.6099 
-1.92 0.16 31.402 
-1.92 0.24 28.7464 
-1.92 0.32 25.7953 
-1.92 0.4 22.8714 
-1.92 0.48 20.3853 
-1.92 0.56 18.6197 
-1.92 0.64 17.5578 
-1.92 0.72 16.9451 
-1.92 0.8 16.5135 
-1.92 0.88 16.1422 
-1.92 0.96 15.8443 
-1.92 1.04 15.6544 
-1.92 1.12 15.5628 
-1.92 1.2 15.5308 
-1.92 1.28 15.5236 
-1.92 1.36 15.5226 
-1.92 1.44 15.5226 
-1.92 1.52 15.5226 
-1.92 1.6 15.5226 
-1.92 1.68 15.5226 
-1.92 1.76 15.5226 
-1.92 1.84 15.5226 
-1.92 1.92 15.5226 
-1.84 -2 40.1487 
-1.84 -1.92 40.1484 
-1.84 -1.84 40.148 
-1.84 -1.76 40.1473 
-1.84 -1.68 40.1464 
-1.84 -1.6 40.1451 
-1.84 -1.52 40.1432 
-1.84 -1.44 40.1405 
-1.84 -1.36 40.1365 
-1.84 -1.28 40.1307 
-1.84 -1.2 40.1224 
-1.84 -1.12 40.1105 
-1.84 -1.04 40.0931 
-1.84 -0.96 40.0682 
-1.84 -0.88 40.0321 
-1.84 -0.8 39.9802 
-1.84 -0.72 39.9054 
-1.84 -0.64 39.7979 
-1.84 -0.56 39.644 
-1.84 -0.48 39.4242 
-1.84 -0.4 39.1119 
-1.84 -0.32 38.6712 
-1.84 -0.24 38.0552 
-1.84 -0.16 37.2041 
-1.84 -0.08 36.0466 
-1.84 6.93889e-16 34.5041 
-1.84 0.08 32.5057 
-1.84 0.16 30.023 
-1.84 0.24 27.133 
-1.84 0.32 24.09 
-1.84 0.4 21.3217 
-1.84 0.48 19.2584 
-1.84 0.56 18.0679 
-1.84 0.64 17.5573 
-1.84 0.72 17.3538 
-1.84 0.8 17.1691 
-1.84 0.88 16.9206 
-1.84 0.96 16.6726 
-1.84 1.04 16.5 
-1.84 1.12 16.4142 
-1.84 1.2 16.3841 
-1.84 1.28 16.3772 
-1.84 1.36 16.3764 
-1.84 1.44 16.3763 
-1.84 1.52 16.3763 
-1.84 1.6 16.3763 
-1.84 1.68 16.3763 
-1.84 1.76 16.3763 
-1.84 1.84 16.3763 
-1.84 1.92 16.3763 
-1.76 -2 40.1486 
-1.76 -1.92 40.1482 
-1.76 -1.84 40.1477 
-1.76 -1.76 40.1469 
-1.76 -1.68 40.1458 
-1.76 -1.6 40.1443 
-1.76 -1.52 40.142 
-1.76 -1.44 40.1387 
-1.76 -1.36 40.1339 
-1.76 -1.28 40.127 
-1.76 -1.2 40.117 
-1.76 -1.12 40.1026 
-1.76 -1.04 40.0818 
-1.76 -0.96 40.0518 
-1.76 -0.88 40.0085 
-1.76 -0.8 39.9461 
-1.76 -0.72 39.8564 
-1.76 -0.64 39.7277 
-1.76 -0.56 39.5434 
-1.76 -0.48 39.2809 
-1.76 -0.4 38.9089 
-1.76 -0.32 38.3857 
-1.76 -0.24 37.6577 
-1.76 -0.16 36.6578 
-1.76 -0.08 35.308 
-1.76 6.93889e-16 33.5278 
-1.76 0.08 31.2576 
-1.76 0.16 28.5101 
-1.76 0.24 25.4506 
-1.76 0.32 22.457 
-1.76 0.4 20.0404 
-1.76 0.48 18.5758 
-1.76 0.56 18.0457 
-1.76 0.64 18.076 
-1.76 0.72 18.2241 
-1.76 0.8 18.23 
-1.76 0.88 18.0695 
-1.76 0.96 17.8559 
-1.76 1.04 17.6952 
-1.76 1.12 17.6133 
-1.76 1.2 17.5844 
-1.76 1.28 17.5778 
-1.76 1.36 17.577 
-1.76 1.44 17.5769 
-1.76 1.52 17.5769 
-1.76 1.6 17.5769 
-1.76 1.68 17.5769 
-1.76 1.76 17.5769 
-1.76 1.84 17.5769 
-1.76 1.92 17.5769 
-1.68 -2 40.1484 
-1.68 -1.92 40.148 
-1.68 -1.84 40.1473 
-1.68 -1.76 40.1464 
-1.68 -1.68 40.1451 
-1.68 -1.6 40.1432 
-1.68 -1.52 40.1405 
-1.68 -1.44 40.1365 
-1.68 -1.36 40.1307 
-1.68 -1.28 40.1224 
-1.68 -1.2 40.1104 
-1.68 -1.12 40.0931 
-1.68 -1.04 40.0681 
-1.68 -0.96 40.0321 
-1.68 -0.88 39.9801 
-1.68 -0.8 39.9053 
-1.68 -0.72 39.7977 
-1.68 -0.64 39.6436 
-1.68 -0.56 39.4233 
-1.68 -0.48 39.1101 
-1.68 -0.4 38.6676 
-1.68 -0.32 38.0479 
-1.68 -0.24 37.19 
-1.68 -0.16 36.0194 
-1.68 -0.08 34.4531 
-1.68 6.93889e-16 32.4138 
-1.68 0.08 29.8665 
-1.68 0.16 26.8906 
-1.68 0.24 23.7704 
-1.68 0.32 21.0111 
-1.68 0.4 19.1481 
-1.68 0.48 18.4072 
-1.68 0.56 18.5404 
-1.68 0.64 19.0304 
-1.68 0.72 19.4331 
-1.68 0.8 19.5575 
-1.68 0.88 19.4453 
-1.68 0.96 19.2492 
-1.68 1.04 19.0942 
-1.68 1.12 19.0142 
-1.68 1.2 18.986 
-1.68 1.28 18.9795 
-1.68 1.36 18.9787 
-1.68 1.44 18.9787 
-1.68 1.52 18.9787 
-1.68 1.6 18.9787 
-1.68 1.68 18.9787 
-1.68 1.76 18.9787 
-1.68 1.84 18.9787 
-1.68 1.92 18.9787 
-1.6 -2 40.1482 
-1.6 -1.92 40.1477 
-1.6 -1.84 40.1469 
-1.6 -1.76 40.1458 
-1.6 -1.68 40.1443 
-1.6 -1.6 40.142 
-1.6 -1.52 40.1387 
-1.6 -1.44 40.1339 
-1.6 -1.36 40.127 
-1.6 -1.28 40.117 
-1.6 -1.2 40.1026 
-1.6 -1.12 40.0818 
-1.6 -1.04 40.0517 
-1.6 -0.96 40.0084 
-1.6 -0.88 39.9461 
-1.6 -0.8 39.8563 
-1.6 -0.72 39.7274 
-1.6 -0.64 39.5429 
-1.6 -0.56 39.2798 
-1.6 -0.48 38.9067 
-1.6 -0.4 38.3815 
-1.6 -0.32 37.6492 
-1.6 -0.24 36.6414 
-1.6 -0.16 35.2768 
-1.6 -0.08 33.4703 
-1.6 6.93889e-16 31.1564 
-1.6 0.08 28.3448 
-1.6 0.16 25.2138 
-1.6 0.24 22.1901 
-1.6 0.32 19.8766 
-1.6 0.4 18.7374 
-1.6 0.48 18.7611 
-1.6 0.56 19.474 
-1.6 0.64 20.2926 
-1.6 0.72 20.8381 
-1.6 0.8 21.0104 
-1.6 0.88 20.9108 
-1.6 0.96 20.7174 
-1.6 1.04 20.563 
-1.6 1.12 20.4832 
-1.6 1.2 20.455 
-1.6 1.28 20.4485 
-1.6 1.36 20.4477 
-1.6 1.44 20.4477 
-1.6 1.52 20.4477 
-1.6 1.6 20.4477 
-1.6 1.68 20.4477 
-1.6 1.76 20.4477 
-1.6 1.84 20.4477 
-1.6 1.92 20.4477 
-1.52 -2 40.148 
-1.52 -1.92 40.1473 
-1.52 -1.84 40.1464 
-1.52 -1.76 40.1451 
-1.52 -1.68 40.1432 
-1.52 -1.6 40.1405 
-1.52 -1.52 40.1365 
-1.52 -1.44 40.1307 
-1.52 -1.36 40.1224 
-1.52 -1.28 40.1104 
-1.52 -1.2 40.0931 
-1.52 -1.12 40.0681 
-1.52 -1.04 40.0321 
-1.52 -0.96 39.9801 
-1.52 -0.88 39.9052 
-1.52 -0.8 39.7976 
-1.52 -0.72 39.6433 
-1.52 -0.64 39.4227 
-1.52 -0.56 39.1088 
-1.52 -0.48 38.6651 
-1.52 -0.4 38.0429 
-1.52 -0.32 37.1801 
-1.52 -0.24 36.0004 
-1.52 -0.16 34.4176 
-1.52 -0.08 32.3496 
-1.52 6.93889e-16 29.7571 
-1.52 0.08 26.7223 
-1.52 0.16 23.5554 
-1.52 0.24 20.8277 
-1.52 0.32 19.1663 
-1.52 0.4 18.8488 
-1.52 0.48 19.5794 
-1.52 0.56 20.7223 
-1.52 0.64 21.7212 
-1.52 0.72 22.3073 
-1.52 0.8 22.4708 
-1.52 0.88 22.3569 
-1.52 0.96 22.1557 
-1.52 1.04 21.9982 
-1.52 1.12 21.9174 
-1.52 1.2 21.8888 
-1.52 1.28 21.8823 
-1.52 1.36 21.8815 
-1.52 1.44 21.8814 
-1.52 1.52 21.8814 
-1.52 1.6 21.8814 
-1.52 1.68 21.8814 
-1.52 1.76 21.8814 
-1.52 1.84 21.8814 
-1.52 1.92 21.8814 
-1.44 -2 40.1477 
-1.44 -1.92 40.1469 
-1.44 -1.84 40.1458 
-1.44 -1.76 40.1443 
-1.44 -1.68 40.142 
-1.44 -1.6 40.1387 
-1.44 -1.52 40.1339 
-1.44 -1.44 40.127 
-1.44 -1.36 40.117 
-1.44 -1.28 40.1026 
-1.44 -1.2 40.0818 
-1.44 -1.12 40.0517 
-1.44 -1.04 40.0084 
-1.44 -0.96 39.946 
-1.44 -0.88 39.8562 
-1.44 -0.8 39.7273 
-1.44 -0.72 39.5426 
-1.44 -0.64 39.2791 
-1.44 -0.56 38.9052 
-1.44 -0.48 38.3785 
-1.44 -0.4 37.6434 
-1.44 -0.32 36.6299 
-1.44 -0.24 35.255 
-1.44 -0.16 33.4301 
-1.44 -0.08 31.0857 
-1.44 6.93889e-16 28.2298 
-1.44 0.08 25.0512 
-1.44 0.16 22.0171 
-1.44 0.24 19.8061 
-1.44 0.32 18.9558 
-1.44 0.4 19.4571 
-1.44 0.48 20.7503 
-1.44 0.56 22.1448 
-1.44 0.64 23.1898 
-1.44 0.72 23.7392 
-1.44 0.8 23.8557 
-1.44 0.88 23.7111 
-1.44 0.96 23.4958 
-1.44 1.04 23.3331 
-1.44 1.12 23.2505 
-1.44 1.2 23.2214 
-1.44 1.28 23.2147 
-1.44 1.36 23.2139 
-1.44 1.44 23.2138 
-1.44 1.52 23.2138 
-1.44 1.6 23.2138 
-1.44 1.68 23.2138 
-1.44 1.76 23.2138 
-1.44 1.84 23.2138 
-1.44 1.92 23.2138 
-1.36 -2 40.1473 
-1.36 -1.92 40.1464 
-1.36 -1.84 40.1451 
-1.36 -1.76 40.1432 
-1.36 -1.68 40.1405 
-1.36 -1.6 40.1365 
-1.36 -1.52 40.1307 
-1.36 -1.44 40.1224 
-1.36 -1.36 40.1104 
-1.36 -1.28 40.0931 
-1.36 -1.2 40.0681 
-1.36 -1.12 40.0321 
-1.36 -1.04 39.98 
-1.36 -0.96 39.9052 
-1.36 -0.88 39.7975 
-1.36 -0.8 39.6431 
-1.36 -0.72 39.4223 
-1.36 -0.64 39.108 
-1.36 -0.56 38.6633 
-1.36 -0.48 38.0394 
-1.36 -0.4 37.1733 
-1.36 -0.32 35.9872 
-1.36 -0.24 34.3928 
-1.36 -0.16 32.3048 
-1.36 -0.08 29.6809 
-1.36 6.93889e-16 26.6058 
-1.36 0.08 23.4103 
-1.36 0.16 20.7184 
-1.36 0.24 19.2303 
-1.36 0.32 19.2627 
-1.36 0.4 20.4753 
-1.36 0.48 22.1359 
-1.36 0.56 23.614 
-1.36 0.64 24.6044 
-1.36 0.72 25.0682 
-1.36 0.8 25.1171 
-1.36 0.88 24.9338 
-1.36 0.96 24.7015 
-1.36 1.04 24.5328 
-1.36 1.12 24.4481 
-1.36 1.2 24.4183 
-1.36 1.28 24.4115 
-1.36 1.36 24.4107 
-1.36 1.44 24.4106 
-1.36 1.52 24.4106 
-1.36 1.6 24.4106 
-1.36 1.68 24.4106 
-1.36 1.76 24.4106 
-1.36 1.84 24.4106 
-1.36 1.92 24.4106 
-1.28 -2 40.1469 
-1.28 -1.92 40.1458 
-1.28 -1.84 40.1443 
-1.28 -1.76 40.142 
-1.28 -1.68 40.1387 
-1.28 -1.6 40.1339 
-1.28 -1.52 40.127 
-1.28 -1.44 40.117 
-1.28 -1.36 40.1026 
-1.28 -1.28 40.0818 
-1.28 -1.2 40.0517 
-1.28 -1.12 40.0084 
-1.28 -1.04 39.946 
-1.28 -0.96 39.8562 
-1.28 -0.88 39.7271 
-1.28 -0.8 39.5423 
-1.28 -0.72 39.2786 
-1.28 -0.64 38.9042 
-1.28 -0.56 38.3765 
-1.28 -0.48 37.6393 
-1.28 -0.4 36.622 
-1.28 -0.32 35.2399 
-1.28 -0.24 33.4022 
-1.28 -0.16 31.0365 
-1.28 -0.08 28.1499 
-1.28 6.93889e-16 24.9395 
-1.28 0.08 21.9038 
-1.28 0.16 19.7802 
-1.28 0.24 19.1625 
-1.28 0.32 20.0384 
-1.28 0.4 21.7751 
-1.28 0.48 23.603 
-1.28 0.56 25.0338 
-1.28 0.64 25.9065 
-1.28 0.72 26.2606 
-1.28 0.8 26.2342 
-1.28 0.88 26.0101 
-1.28 0.96 25.7604 
-1.28 1.04 25.5856 
-1.28 1.12 25.4988 
-1.28 1.2 25.4683 
-1.28 1.28 25.4614 
-1.28 1.36 25.4605 
-1.28 1.44 25.4605 
-1.28 1.52 25.4605 
-1.28 1.6 25.4605 
-1.28 1.68 25.4605 
-1.28 1.76 25.4605 
-1.28 1.84 25.4605 
-1.28 1.92 25.4605 
-1.2 -2 40.1464 
-1.2 -1.92 40.1451 
-1.2 -1.84 40.1432 
-1.2 -1.76 40.1405 
-1.2 -1.68 40.1365 
-1.2 -1.6 40.1307 
-1.2 -1.52 40.1224 
-1.2 -1.44 40.1104 
-1.2 -1.36 40.0931 
-1.2 -1.28 40.0681 
-1.2 -1.2 40.032 
-1.2 -1.12 39.98 
-1.2 -1.04 39.9051 
-1.2 -0.96 39.7974 
-1.2 -0.88 39.6429 
-1.2 -0.8 39.422 
-1.2 -0.72 39.1074 
-1.2 -0.64 38.6621 
-1.2 -0.56 38.037 
-1.2 -0.48 37.1685 
-1.2 -0.4 35.9781 
-1.2 -0.32 34.3756 
-1.2 -0.24 32.2737 
-1.2 -0.16 29.6279 
-1.2 -0.08 26.5251 
-1.2 6.93889e-16 23.3119 
-1.2 0.08 20.652 
-1.2 0.16 19.3012 
-1.2 0.24 19.6033 
-1.2 0.32 21.1782 
-1.2 0.4 23.2182 
-1.2 0.48 25.0451 
-1.2 0.56 26.3435 
-1.2 0.64 27.0679 
-1.2 0.72 27.3053 
-1.2 0.8 27.2043 
-1.2 0.88 26.9411 
-1.2 0.96 26.675 
-1.2 1.04 26.4944 
-1.2 1.12 26.4056 
-1.2 1.2 26.3746 
-1.2 1.28 26.3675 
-1.2 1.36 26.3666 
-1.2 1.44 26.3666 
-1.2 1.52 26.3666 
-1.2 1.6 26.3666 
-1.2 1.68 26.3666 
-1.2 1.76 26.3666 
-1.2 1.84 26.3666 
-1.2 1.92 26.3666 
-1.12 -2 40.1458 
-1.12 -1.92 40.1443 
-1.12 -1.84 40.142 
-1.12 -1.76 40.1387 
-1.12 -1.68 40.1339 
-1.12 -1.6 40.127 
-1.12 -1.52 40.117 
-1.12 -1.44 40.1026 
-1.12 -1.36 40.0818 
-1.12 -1.28 40.0517 
-1.12 -1.2 40.0084 
-1.12 -1.12 39.946 
-1.12 -1.04 39.8561 
-1.12 -0.96 39.7271 
-1.12 -0.88 39.5422 
-1.12 -0.8 39.2783 
-1.12 -0.72 38.9035 
-1.12 -0.64 38.375 
-1.12 -0.56 37.6365 
-1.12 -0.48 36.6165 
-1.12 -0.4 35.2294 
-1.12 -0.32 33.3828 
-1.12 -0.24 31.0023 
-1.12 -0.16 28.0944 
-1.12 -0.08 24.8627 
-1.12 6.93889e-16 21.8287 
-1.12 0.08 19.774 
-1.12 0.16 19.3334 
-1.12 0.24 20.4884 
-1.12 0.32 22.5472 
-1.12 0.4 24.6835 
-1.12 0.48 26.3915 
-1.12 0.56 27.5134 
-1.12 0.64 28.0813 
-1.12 0.72 28.206 
-1.12 0.8 28.0357 
-1.12 0.88 27.7367 
-1.12 0.96 27.4558 
-1.12 1.04 27.27 
-1.12 1.12 27.1795 
-1.12 1.2 27.1479 
-1.12 1.28 27.1407 
-1.12 1.36 27.1398 
-1.12 1.44 27.1398 
-1.12 1.52 27.1398 
-1.12 1.6 27.1398 
-1.12 1.68 27.1398 
-1.12 1.76 27.1398 
-1.12 1.84 27.1398 
-1.12 1.92 27.1398 
-1.04 -2 40.1451 
-1.04 -1.92 40.1432 
-1.04 -1.84 40.1405 
-1.04 -1.76 40.1365 
-1.04 -1.68 40.1307 
-1.04 -1.6 40.1224 
-1.04 -1.52 40.1104 
-1.04 -1.44 40.0931 
-1.04 -1.36 40.0681 
-1.04 -1.28 40.032 
-1.04 -1.2 39.98 
-1.04 -1.12 39.9051 
-1.04 -1.04 39.7974 
-1.04 -0.96 39.6428 
-1.04 -0.88 39.4218 
-1.04 -0.8 39.107 
-1.04 -0.72 38.6613 
-1.04 -0.64 38.0354 
-1.04 -0.56 37.1652 
-1.04 -0.48 35.9717 
-1.04 -0.4 34.3637 
-1.04 -0.32 32.2521 
-1.04 -0.24 29.5912 
-1.04 -0.16 26.4694 
-1.04 -0.08 23.2449 
-1.04 6.93889e-16 20.6107 
-1.04 0.08 19.3636 
-1.04 0.16 19.8654 
-1.04 0.24 21.7028 
-1.04 0.32 24.0112 
-1.04 0.4 26.0826 
-1.04 0.48 27.6038 
-1.04 0.56 28.5349 
-1.04 0.64 28.9523 
-1.04 0.72 28.9739 
-1.04 0.8 28.7415 
-1.04 0.88 28.4111 
-1.04 0.96 28.1172 
-1.04 1.04 27.9269 
-1.04 1.12 27.8348 
-1.04 1.2 27.8028 
-1.04 1.28 27.7955 
-1.04 1.36 27.7945 
-1.04 1.44 27.7945 
-1.04 1.52 27.7945 
-1.04 1.6 27.7945 
-1.04 1.68 27.7945 
-1.04 1.76 27.7945 
-1.04 1.84 27.7945 
-1.04 1.92 27.7945 
-0.96 -2 40.1443 
-0.96 -1.92 40.142 
-0.96 -1.84 40.1387 
-0.96 -1.76 40.1339 
-0.96 -1.68 40.127 
-0.96 -1.6 40.117 
-0.96 -1.52 40.1026 
-0.96 -1.44 40.0818 
-0.96 -1.36 40.0517 
-0.96 -1.28 40.0084 
-0.96 -1.2 39.946 
-0.96 -1.12 39.8561 
-0.96 -1.04 39.727 
-0.96 -0.96 39.542 
-0.96 -0.88 39.278 
-0.96 -0.8 38.903 
-0.96 -0.72 38.374 
-0.96 -0.64 37.6345 
-0.96 -0.56 36.6127 
-0.96 -0.48 35.2221 
-0.96 -0.4 33.3693 
-0.96 -0.32 30.9786 
-0.96 -0.24 28.056 
-0.96 -0.16 24.8098 
-0.96 -0.08 21.7785 
-0.96 6.93889e-16 19.7756 
-0.96 0.08 19.4653 
-0.96 0.16 20.8224 
-0.96 0.24 23.1094 
-0.96 0.32 25.4602 
-0.96 0.4 27.3625 
-0.96 0.48 28.6684 
-0.96 0.56 29.4134 
-0.96 0.64 29.6932 
-0.96 0.72 29.6234 
-0.96 0.8 29.3371 
-0.96 0.88 28.9794 
-0.96 0.96 28.6743 
-0.96 1.04 28.4801 
-0.96 1.12 28.3868 
-0.96 1.2 28.3543 
-0.96 1.28 28.3469 
-0.96 1.36 28.346 
-0.96 1.44 28.3459 
-0.96 1.52 28.3459 
-0.96 1.6 28.3459 
-0.96 1.68 28.3459 
-0.96 1.76 28.3459 
-0.96 1.84 28.3459 
-0.96 1.92 28.3459 
-0.88 -2 40.1432 
-0.88 -1.92 40.1405 
-0.88 -1.84 40.1365 
-0.88 -1.76 40.1307 
-0.88 -1.68 40.1224 
-0.88 -1.6 40.1104 
-0.88 -1.52 40.0931 
-0.88 -1.44 40.0681 
-0.88 -1.36 40.032 
-0.88 -1.28 39.98 
-0.88 -1.2 39.9051 
-0.88 -1.12 39.7973 
-0.88 -1.04 39.6427 
-0.88 -0.96 39.4216 
-0.88 -0.88 39.1067 
-0.88 -0.8 38.6607 
-0.88 -0.72 38.0342 
-0.88 -0.64 37.1629 
-0.88 -0.56 35.9673 
-0.88 -0.48 34.3554 
-0.88 -0.4 32.2371 
-0.88 -0.32 29.5657 
-0.88 -0.24 26.4308 
-0.88 -0.16 23.199 
-0.88 -0.08 20.5846 
-0.88 6.93889e-16 19.4133 
-0.88 0.08 20.0594 
-0.88 0.16 22.0834 
-0.88 0.24 24.5787 
-0.88 0.32 26.8193 
-0.88 0.4 28.4986 
-0.88 0.48 29.5873 
-0.88 0.56 30.1608 
-0.88 0.64 30.319 
-0.88 0.72 30.1701 
-0.88 0.8 29.8374 
-0.88 0.88 29.4565 
-0.88 0.96 29.1418 
-0.88 1.04 28.9444 
-0.88 1.12 28.85 
-0.88 1.2 28.8171 
-0.88 1.28 28.8097 
-0.88 1.36 28.8087 
-0.88 1.44 28.8087 
-0.88 1.52 28.8087 
-0.88 1.6 28.8087 
-0.88 1.68 28.8087 
-0.88 1.76 28.8087 
-0.88 1.84 28.8087 
-0.88 1.92 28.8087 
-0.8 -2 40.142 
-0.8 -1.92 40.1387 
-0.8 -1.84 40.1339 
-0.8 -1.76 40.127 
-0.8 -1.68 40.117 
-0.8 -1.6 40.1026 
-0.8 -1.52 40.0818 
-0.8 -1.44 40.0517 
-0.8 -1.36 40.0084 
-0.8 -1.28 39.9459 
-0.8 -1.2 39.8561 
-0.8 -1.12 39.727 
-0.8 -1.04 39.542 
-0.8 -0.96 39.2779 
-0.8 -0.88 38.9027 
-0.8 -0.8 38.3734 
-0.8 -0.72 37.6332 
-0.8 -0.64 36.61 
-0.8 -0.56 35.2171 
-0.8 -0.48 33.36 
-0.8 -0.4 30.9621 
-0.8 -0.32 28.0294 
-0.8 -0.24 24.7733 
-0.8 -0.16 21.7446 
-0.8 -0.08 19.7796 
-0.8 6.93889e-16 19.5632 
-0.8 0.08 21.0642 
-0.8 0.16 23.5109 
-0.8 0.24 26.0097 
-0.8 0.32 28.0471 
-0.8 0.4 29.4864 
-0.8 0.48 30.3709 
-0.8 0.56 30.7921 
-0.8 0.64 30.845 
-0.8 0.72 30.6284 
-0.8 0.8 30.2564 
-0.8 0.88 29.8558 
-0.8 0.96 29.5332 
-0.8 1.04 29.333 
-0.8 1.12 29.2376 
-0.8 1.2 29.2045 
-0.8 1.28 29.197 
-0.8 1.36 29.196 
-0.8 1.44 29.196 
-0.8 1.52 29.196 
-0.8 1.6 29.196 
-0.8 1.68 29.196 
-0.8 1.76 29.196 
-0.8 1.84 29.196 
-0.8 1.92 29.196 
-0.72 -2 40.1405 
-0.72 -1.92 40.1365 
-0.72 -1.84 40.1307 
-0.72 -1.76 40.1224 
-0.72 -1.68 40.1104 
-0.72 -1.6 40.0931 
-0.72 -1.52 40.0681 
-0.72 -1.44 40.032 
-0.72 -1.36 39.98 
-0.72 -1.28 39.9051 
-0.72 -1.2 39.7973 
-0.72 -1.12 39.6427 
-0.72 -1.04 39.4215 
-0.72 -0.96 39.1065 
-0.72 -0.88 38.6603 
-0.72 -0.8 38.0334 
-0.72 -0.72 37.1614 
-0.72 -0.64 35.9643 
-0.72 -0.56 34.3497 
-0.72 -0.48 32.2267 
-0.72 -0.4 29.548 
-0.72 -0.32 26.4042 
-0.72 -0.24 23.1676 
-0.72 -0.16 20.5676 
-0.72 -0.08 19.451 
-0.72 6.93889e-16 20.1998 
-0.72 0.08 22.3549 
-0.72 0.16 24.9797 
-0.72 0.24 27.3369 
-0.72 0.32 29.1274 
-0.72 0.4 30.3331 
-0.72 0.48 31.0339 
-0.72 0.56 31.3227 
-0.72 0.64 31.2857 
-0.72 0.72 31.0118 
-0.72 0.8 30.6066 
-0.72 0.88 30.1895 
-0.72 0.96 29.8601 
-0.72 1.04 29.6576 
-0.72 1.12 29.5615 
-0.72 1.2 29.5281 
-0.72 1.28 29.5206 
-0.72 1.36 29.5196 
-0.72 1.44 29.5195 
-0.72 1.52 29.5195 
-0.72 1.6 29.5195 
-0.72 1.68 29.5195 
-0.72 1.76 29.5195 
-0.72 1.84 29.5195 
-0.72 1.92 29.5195 
-0.64 -2 40.1387 
-0.64 -1.92 40.1339 
-0.64 -1.84 40.127 
-0.64 -1.76 40.117 
-0.64 -1.68 40.1026 
-0.64 -1.6 40.0818 
-0.64 -1.52 40.0517 
-0.64 -1.44 40.0084 
-0.64 -1.36 39.9459 
-0.64 -1.28 39.8561 
-0.64 -1.2 39.7269 
-0.64 -1.12 39.5419 
-0.64 -1.04 39.2777 
-0.64 -0.96 38.9025 
-0.64 -0.88 38.3729 
-0.64 -0.8 37.6322 
-0.64 -0.72 36.6082 
-0.64 -0.64 35.2136 
-0.64 -0.56 33.3536 
-0.64 -0.48 30.9508 
-0.64 -0.4 28.0109 
-0.64 -0.32 24.7481 
-0.64 -0.24 21.7216 
-0.64 -0.16 19.7838 
-0.64 -0.08 19.6342 
-0.64 6.93889e-16 21.2365 
-0.64 0.08 23.7944 
-0.64 0.16 26.3952 
-0.64 0.24 28.5261 
-0.64 0.32 30.061 
-0.64 0.4 31.0518 
-0.64 0.48 31.5918 
-0.64 0.56 31.7672 
-0.64 0.64 31.6541 
-0.64 0.72 31.3319 
-0.64 0.8 30.8989 
-0.64 0.88 30.468 
-0.64 0.96 30.133 
-0.64 1.04 29.9285 
-0.64 1.12 29.8317 
-0.64 1.2 29.7982 
-0.64 1.28 29.7906 
-0.64 1.36 29.7896 
-0.64 1.44 29.7895 
-0.64 1.52 29.7895 
-0.64 1.6 29.7895 
-0.64 1.68 29.7895 
-0.64 1.76 29.7895 
-0.64 1.84 29.7895 
-0.64 1.92 29.7895 
-0.56 -2 40.1365 
-0.56 -1.92 40.1307 
-0.56 -1.84 40.1224 
-0.56 -1.76 40.1104 
-0.56 -1.68 40.0931 
-0.56 -1.6 40.0681 
-0.56 -1.52 40.032 
-0.56 -1.44 39.98 
-0.56 -1.36 39.9051 
-0.56 -1.28 39.7973 
-0.56 -1.2 39.6427 
-0.56 -1.12 39.4215 
-0.56 -1.04 39.1063 
-0.56 -0.96 38.66 
-0.56 -0.88 38.0328 
-0.56 -0.8 37.1603 
-0.56 -0.72 35.9622 
-0.56 -0.64 34.3457 
-0.56 -0.56 32.2195 
-0.56 -0.48 29.5358 
-0.56 -0.4 26.3857 
-0.56 -0.32 23.1459 
-0.56 -0.24 20.5565 
-0.56 -0.16 19.4786 
-0.56 -0.08 20.2998 
-0.56 6.93889e-16 22.5466 
-0.56 0.08 25.2608 
-0.56 0.16 27.6983 
-0.56 0.24 29.5668 
-0.56 0.32 30.8578 
-0.56 0.4 31.6578 
-0.56 0.48 32.0594 
-0.56 0.56 32.1388 
-0.56 0.64 31.9615 
-0.56 0.72 31.5989 
-0.56 0.8 31.1426 
-0.56 0.88 30.7001 
-0.56 0.96 30.3604 
-0.56 1.04 30.1543 
-0.56 1.12 30.057 
-0.56 1.2 30.0233 
-0.56 1.28 30.0157 
-0.56 1.36 30.0147 
-0.56 1.44 30.0146 
-0.56 1.52 30.0146 
-0.56 1.6 30.0146 
-0.56 1.68 30.0146 
-0.56 1.76 30.0146 
-0.56 1.84 30.0146 
-0.56 1.92 30.0146 
-0.48 -2 40.1339 
-0.48 -1.92 40.127 
-0.48 -1.84 40.117 
-0.48 -1.76 40.1026 
-0.48 -1.68 40.0818 
-0.48 -1.6 40.0517 
-0.48 -1.52 40.0084 
-0.48 -1.44 39.9459 
-0.48 -1.36 39.8561 
-0.48 -1.28 39.7269 
-0.48 -1.2 39.5419 
-0.48 -1.12 39.2777 
-0.48 -1.04 38.9023 
-0.48 -0.96 38.3726 
-0.48 -0.88 37.6316 
-0.48 -0.8 36.6069 
-0.48 -0.72 35.2112 
-0.48 -0.64 33.3491 
-0.48 -0.56 30.9429 
-0.48 -0.48 27.9982 
-0.48 -0.4 24.7307 
-0.48 -0.32 21.7058 
-0.48 -0.24 19.7873 
-0.48 -0.16 19.6848 
-0.48 -0.08 21.3581 
-0.48 6.93889e-16 23.9932 
-0.48 0.08 26.6642 
-0.48 0.16 28.8599 
-0.48 0.24 30.4626 
-0.48 0.32 31.5321 
-0.48 0.4 32.1664 
-0.48 0.48 32.4503 
-0.48 0.56 32.4488 
-0.48 0.64 32.2178 
-0.48 0.72 31.8214 
-0.48 0.8 31.3457 
-0.48 0.88 30.8935 
-0.48 0.96 30.5499 
-0.48 1.04 30.3425 
-0.48 1.12 30.2448 
-0.48 1.2 30.2109 
-0.48 1.28 30.2032 
-0.48 1.36 30.2022 
-0.48 1.44 30.2022 
-0.48 1.52 30.2022 
-0.48 1.6 30.2022 
-0.48 1.68 30.2022 
-0.48 1.76 30.2022 
-0.48 1.84 30.2022 
-0.48 1.92 30.2022 
-0.4 -2 40.1307 
-0.4 -1.92 40.1224 
-0.4 -1.84 40.1104 
-0.4 -1.76 40.0931 
-0.4 -1.68 40.0681 
-0.4 -1.6 40.032 
-0.4 -1.52 39.98 
-0.4 -1.44 39.9051 
-0.4 -1.36 39.7973 
-0.4 -1.28 39.6426 
-0.4 -1.2 39.4214 
-0.4 -1.12 39.1062 
-0.4 -1.04 38.6598 
-0.4 -0.96 38.0325 
-0.4 -0.88 37.1595 
-0.4 -0.8 35.9607 
-0.4 -0.72 34.343 
-0.4 -0.64 32.2145 
-0.4 -0.56 29.5273 
-0.4 -0.48 26.3729 
-0.4 -0.4 23.131 
-0.4 -0.32 20.549 
-0.4 -0.24 19.4984 
-0.4 -0.16 20.3704 
-0.4 -0.08 22.6809 
-0.4 6.93889e-16 25.457 
-0.4 0.08 27.9498 
-0.4 0.16 29.8727 
-0.4 0.24 31.2251 
-0.4 0.32 32.0996 
-0.4 0.4 32.5922 
-0.4 0.48 32.7767 
-0.4 0.56 32.7072 
-0.4 0.64 32.4313 
-0.4 0.72 32.0067 
-0.4 0.8 31.5148 
-0.4 0.88 31.0546 
-0.4 0.96 30.7077 
-0.4 1.04 30.4992 
-0.4 1.12 30.4011 
-0.4 1.2 30.3671 
-0.4 1.28 30.3594 
-0.4 1.36 30.3584 
-0.4 1.44 30.3584 
-0.4 1.52 30.3584 
-0.4 1.6 30.3584 
-0.4 1.68 30.3584 
-0.4 1.76 30.3584 
-0.4 1.84 30.3584 
-0.4 1.92 30.3584 
-0.32 -2 40.127 
-0.32 -1.92 40.117 
-0.32 -1.84 40.1026 
-0.32 -1.76 40.0818 
-0.32 -1.68 40.0517 
-0.32 -1.6 40.0084 
-0.32 -1.52 39.9459 
-0.32 -1.44 39.856 
-0.32 -1.36 39.7269 
-0.32 -1.28 39.5418 
-0.32 -1.2 39.2776 
-0.32 -1.12 38.9022 
-0.32 -1.04 38.3723 
-0.32 -0.96 37.6311 
-0.32 -0.88 36.6061 
-0.32 -0.8 35.2095 
-0.32 -0.72 33.346 
-0.32 -0.64 30.9374 
-0.32 -0.56 27.9894 
-0.32 -0.48 24.7187 
-0.32 -0.4 21.695 
-0.32 -0.32 19.7902 
-0.32 -0.24 19.7206 
-0.32 -0.16 21.4434 
-0.32 -0.08 24.1319 
-0.32 6.93889e-16 26.8514 
-0.32 0.08 29.092 
-0.32 0.16 30.7423 
-0.32 0.24 31.8692 
-0.32 0.32 32.5753 
-0.32 0.4 32.9477 
-0.32 0.48 33.0487 
-0.32 0.56 32.9225 
-0.32 0.64 32.6091 
-0.32 0.72 32.161 
-0.32 0.8 31.6555 
-0.32 0.88 31.1887 
-0.32 0.96 30.8391 
-0.32 1.04 30.6297 
-0.32 1.12 30.5312 
-0.32 1.2 30.4972 
-0.32 1.28 30.4894 
-0.32 1.36 30.4885 
-0.32 1.44 30.4884 
-0.32 1.52 30.4884 
-0.32 1.6 30.4884 
-0.32 1.68 30.4884 
-0.32 1.76 30.4884 
-0.32 1.84 30.4884 
-0.32 1.92 30.4884 
-0.24 -2 40.1224 
-0.24 -1.92 40.1104 
-0.24 -1.84 40.0931 
-0.24 -1.76 40.0681 
-0.24 -1.68 40.032 
-0.24 -1.6 39.98 
-0.24 -1.52 39.9051 
-0.24 -1.44 39.7973 
-0.24 -1.36 39.6426 
-0.24 -1.28 39.4214 
-0.24 -1.2 39.1062 
-0.24 -1.12 38.6597 
-0.24 -1.04 38.0322 
-0.24 -0.96 37.159 
-0.24 -0.88 35.9597 
-0.24 -0.8 34.3411 
-0.24 -0.72 32.2111 
-0.24 -0.64 29.5215 
-0.24 -0.56 26.3641 
-0.24 -0.48 23.1207 
-0.24 -0.4 20.544 
-0.24 -0.32 19.5125 
-0.24 -0.24 20.4199 
-0.24 -0.16 22.7747 
-0.24 -0.08 25.5935 
-0.24 6.93889e-16 28.1245 
-0.24 0.08 30.0853 
-0.24 0.16 31.4813 
-0.24 0.24 32.4105 
-0.24 0.32 32.973 
-0.24 0.4 33.2442 
-0.24 0.48 33.2754 
-0.24 0.56 33.1018 
-0.24 0.64 32.7572 
-0.24 0.72 32.2894 
-0.24 0.8 31.7727 
-0.24 0.88 31.3003 
-0.24 0.96 30.9484 
-0.24 1.04 30.7382 
-0.24 1.12 30.6396 
-0.24 1.2 30.6054 
-0.24 1.28 30.5977 
-0.24 1.36 30.5967 
-0.24 1.44 30.5966 
-0.24 1.52 30.5966 
-0.24 1.6 30.5966 
-0.24 1.68 30.5966 
-0.24 1.76 30.5966 
-0.24 1.84 30.5966 
-0.24 1.92 30.5966 
-0.16 -2 40.117 
-0.16 -1.92 40.1026 
-0.16 -1.84 40.0818 
-0.16 -1.76 40.0517 
-0.16 -1.68 40.0084 
-0.16 -1.6 39.9459 
-0.16 -1.52 39.856 
-0.16 -1.44 39.7269 
-0.16 -1.36 39.5418 
-0.16 -1.28 39.2776 
-0.16 -1.2 38.9021 
-0.16 -1.12 38.3722 
-0.16 -1.04 37.6308 
-0.16 -0.96 36.6055 
-0.16 -0.88 35.2084 
-0.16 -0.8 33.3438 
-0.16 -0.72 30.9336 
-0.16 -0.64 27.9833 
-0.16 -0.56 24.7104 
-0.16 -0.48 21.6876 
-0.16 -0.4 19.7923 
-0.16 -0.32 19.7458 
-0.16 -0.24 21.503 
-0.16 -0.16 24.2285 
-0.16 -0.08 26.9814 
-0.16 6.93889e-16 29.253 
-0.16 0.08 30.9368 
-0.16 0.16 32.1047 
-0.16 0.24 32.8639 
-0.16 0.32 33.3049 
-0.16 0.4 33.4913 
-0.16 0.48 33.4641 
-0.16 0.56 33.251 
-0.16 0.64 32.8803 
-0.16 0.72 32.3963 
-0.16 0.8 31.8702 
-0.16 0.88 31.3932 
-0.16 0.96 31.0394 
-0.16 1.04 30.8286 
-0.16 1.12 30.7297 
-0.16 1.2 30.6955 
-0.16 1.28 30.6877 
-0.16 1.36 30.6867 
-0.16 1.44 30.6867 
-0.16 1.52 30.6867 
-0.16 1.6 30.6867 
-0.16 1.68 30.6867 
-0.16 1.76 30.6867 
-0.16 1.84 30.6867 
-0.16 1.92 30.6867 
-0.08 -2 40.1104 
-0.08 -1.92 40.0931 
-0.08 -1.84 40.0681 
-0.08 -1.76 40.032 
-0.08 -1.68 39.98 
-0.08 -1.6 39.9051 
-0.08 -1.52 39.7973 
-0.08 -1.44 39.6426 
-0.08 -1.36 39.4214 
-0.08 -1.28 39.1061 
-0.08 -1.2 38.6596 
-0.08 -1.12 38.032 
-0.08 -1.04 37.1586 
-0.08 -0.96 35.959 
-0.08 -0.88 34.3397 
-0.08 -0.8 32.2087 
-0.08 -0.72 29.5174 
-0.08 -0.64 26.358 
-0.08 -0.56 23.1136 
-0.08 -0.48 20.5406 
-0.08 -0.4 19.5225 
-0.08 -0.32 20.4545 
-0.08 -0.24 22.84 
-0.08 -0.16 25.6883 
-0.08 -0.08 28.2457 
-0.08 6.93889e-16 30.2328 
-0.08 0.08 31.6595 
-0.08 0.16 32.6282 
-0.08 0.24 33.2427 
-0.08 0.32 33.5816 
-0.08 0.4 33.6971 
-0.08 0.48 33.6211 
-0.08 0.56 33.3751 
-0.08 0.64 32.9828 
-0.08 0.72 32.4852 
-0.08 0.8 31.9513 
-0.08 0.88 31.4704 
-0.08 0.96 31.1151 
-0.08 1.04 30.9038 
-0.08 1.12 30.8047 
-0.08 1.2 30.7704 
-0.08 1.28 30.7627 
-0.08 1.36 30.7617 
-0.08 1.44 30.7616 
-0.08 1.52 30.7616 
-0.08 1.6 30.7616 
-0.08 1.68 30.7616 
-0.08 1.76 30.7616 
-0.08 1.84 30.7616 
-0.08 1.92 30.7616 
2.47025e-15 -2 40.1026 
2.47025e-15 -1.92 40.0818 
2.47025e-15 -1.84 40.0517 
2.47025e-15 -1.76 40.0084 
2.47025e-15 -1.68 39.9459 
2.47025e-15 -1.6 39.856 
2.47025e-15 -1.52 39.7269 
2.47025e-15 -1.44 39.5418 
2.47025e-15 -1.36 39.2775 
2.47025e-15 -1.28 38.902 
2.47025e-15 -1.2 38.3721 
2.47025e-15 -1.12 37.6306 
2.47025e-15 -1.04 36.605 
2.47025e-15 -0.96 35.2076 
2.47025e-15 -0.88 33.3424 
2.47025e-15 -0.8 30.931 
2.47025e-15 -0.72 27.979 
2.47025e-15 -0.64 24.7047 
2.47025e-15 -0.56 21.6825 
2.47025e-15 -0.48 19.7938 
2.47025e-15 -0.4 19.7633 
2.47025e-15 -0.32 21.5444 
2.47025e-15 -0.24 24.2955 
2.47025e-15 -0.16 27.0715 
2.47025e-15 -0.08 29.3646 
2.47025e-15 6.93889e-16 31.0718 
2.47025e-15 0.08 32.2688 
2.47025e-15 0.16 33.0664 
2.47025e-15 0.24 33.5587 
2.47025e-15 0.32 33.812 
2.47025e-15 0.4 33.8683 
2.47025e-15 0.48 33.7518 
2.47025e-15 0.56 33.4784 
2.47025e-15 0.64 33.0681 
2.47025e-15 0.72 32.5591 
2.47025e-15 0.8 32.0188 
2.47025e-15 0.88 31.5347 
2.47025e-15 0.96 31.1781 
2.47025e-15 1.04 30.9663 
2.47025e-15 1.12 30.8671 
2.47025e-15 1.2 30.8328 
2.47025e-15 1.28 30.825 
2.47025e-15 1.36 30.824 
2.47025e-15 1.44 30.824 
2.47025e-15 1.52 30.824 
2.47025e-15 1.6 30.824 
2.47025e-15 1.68 30.824 
2.47025e-15 1.76 30.824 
2.47025e-15 1.84 30.824 
2.47025e-15 1.92 30.824 
0.08 -2 40.0931 
0.08 -1.92 40.0681 
0.08 -1.84 40.032 
0.08 -1.76 39.98 
0.08 -1.68 39.9051 
0.08 -1.6 39.7973 
0.08 -1.52 39.6426 
0.08 -1.44 39.4213 
0.08 -1.36 39.1061 
0.08 -1.28 38.6596 
0.08 -1.2 38.0319 
0.08 -1.12 37.1584 
0.08 -1.04 35.9585 
0.08 -0.96 34.3388 
0.08 -0.88 32.207 
0.08 -0.8 29.5146 
0.08 -0.72 26.3538 
0.08 -0.64 23.1087 
0.08 -0.56 20.5383 
0.08 -0.48 19.5294 
0.08 -0.4 20.4786 
0.08 -0.32 22.8854 
0.08 -0.24 25.7541 
0.08 -0.16 28.3297 
0.08 -0.08 30.3351 
0.08 6.93889e-16 31.7834 
0.08 0.08 32.7802 
0.08 0.16 33.4324 
0.08 0.24 33.822 
0.08 0.32 34.0039 
0.08 0.4 34.0109 
0.08 0.48 33.8606 
0.08 0.56 33.5644 
0.08 0.64 33.139 
0.08 0.72 32.6207 
0.08 0.8 32.075 
0.08 0.88 31.5882 
0.08 0.96 31.2305 
0.08 1.04 31.0184 
0.08 1.12 30.9191 
0.08 1.2 30.8847 
0.08 1.28 30.8769 
0.08 1.36 30.8759 
0.08 1.44 30.8759 
0.08 1.52 30.8759 
0.08 1.6 30.8759 
0.08 1.68 30.8759 
0.08 1.76 30.8759 
0.08 1.84 30.8759 
0.08 1.92 30.8759 
