-4 -2 35.2287 
-4 -1.93333 35.2286 
-4 -1.86667 35.2285 
-4 -1.8 35.2283 
-4 -1.73333 35.2281 
-4 -1.66667 35.2278 
-4 -1.6 35.2274 
-4 -1.53333 35.2268 
-4 -1.46667 35.2261 
-4 -1.4 35.225 
-4 -1.33333 35.2237 
-4 -1.26667 35.2218 
-4 -1.2 35.2192 
-4 -1.13333 35.2157 
-4 -1.06667 35.211 
-4 -1 35.2045 
-4 -0.933333 35.1958 
-4 -0.866667 35.184 
-4 -0.8 35.1681 
-4 -0.733333 35.1465 
-4 -0.666667 35.1175 
-4 -0.6 35.0785 
-4 -0.533333 35.0263 
-4 -0.466667 34.957 
-4 -0.4 34.8656 
-4 -0.333333 34.7464 
-4 -0.266667 34.593 
-4 -0.2 34.3998 
-4 -0.133333 34.1629 
-4 -0.0666667 33.8831 
-4 -4.16334e-16 33.5701 
-4 0.0666667 33.2471 
-4 0.133333 32.9544 
-4 0.2 32.7493 
-4 0.266667 32.6993 
-4 0.333333 32.8741 
-4 0.4 33.3212 
-4 0.466667 33.9817 
-4 0.533333 34.576 
-4 0.6 34.6681 
-4 0.666667 34.0587 
-4 0.733333 33.2688 
-4 0.8 33.3008 
-4 0.866667 34.1739 
-4 0.933333 34.1432 
-4 1 33.3672 
-4 1.06667 34.0839 
-4 1.13333 33.6842 
-4 1.2 33.952 
-4 1.26667 33.586 
-4 1.33333 33.984 
-4 1.4 34.0192 
-4 1.46667 33.9743 
-4 1.53333 33.9905 
-4 1.6 33.7322 
-4 1.66667 33.9426 
-4 1.73333 33.6808 
-4 1.8 33.6878 
-4 1.86667 34.0949 
-4 1.93333 33.5557 
-4 2 34.5224 
-3.93333 -2 35.2286 
-3.93333 -1.93333 35.2285 
-3.93333 -1.86667 35.2284 
-3.93333 -1.8 35.2282 
-3.93333 -1.73333 35.228 
-3.93333 -1.66667 35.2276 
-3.93333 -1.6 35.2271 
-3.93333 -1.53333 35.2265 
-3.93333 -1.46667 35.2256 
-3.93333 -1.4 35.2244 
-3.93333 -1.33333 35.2228 
-3.93333 -1.26667 35.2206 
-3.93333 -1.2 35.2176 
-3.93333 -1.13333 35.2135 
-3.93333 -1.06667 35.208 
-3.93333 -1 35.2005 
-3.93333 -0.933333 35.1903 
-3.93333 -0.866667 35.1766 
-3.93333 -0.8 35.158 
-3.93333 -0.733333 35.1328 
-3.93333 -0.666667 35.099 
-3.93333 -0.6 35.0535 
-3.93333 -0.533333 34.9927 
-3.93333 -0.466667 34.9119 
-3.93333 -0.4 34.8054 
-3.93333 -0.333333 34.6664 
-3.93333 -0.266667 34.4878 
-3.93333 -0.2 34.2626 
-3.93333 -0.133333 33.9865 
-3.93333 -0.0666667 33.6606 
-3.93333 -4.16334e-16 33.2961 
-3.93333 0.0666667 32.9204 
-3.93333 0.133333 32.5809 
-3.93333 0.2 32.3443 
-3.93333 0.266667 32.2885 
-3.93333 0.333333 32.4926 
-3.93333 0.4 33.0111 
-3.93333 0.466667 33.7771 
-3.93333 0.533333 34.4679 
-3.93333 0.6 34.5754 
-3.93333 0.666667 33.865 
-3.93333 0.733333 32.9483 
-3.93333 0.8 32.9866 
-3.93333 0.866667 33.999 
-3.93333 0.933333 33.9636 
-3.93333 1 33.0626 
-3.93333 1.06667 33.8943 
-3.93333 1.13333 33.4297 
-3.93333 1.2 33.7409 
-3.93333 1.26667 33.3158 
-3.93333 1.33333 33.7781 
-3.93333 1.4 33.8191 
-3.93333 1.46667 33.767 
-3.93333 1.53333 33.7859 
-3.93333 1.6 33.4849 
-3.93333 1.66667 33.7307 
-3.93333 1.73333 33.4255 
-3.93333 1.8 33.4336 
-3.93333 1.86667 33.9074 
-3.93333 1.93333 33.2806 
-3.93333 2 34.4053 
-3.86667 -2 35.2286 
-3.86667 -1.93333 35.2285 
-3.86667 -1.86667 35.2283 
-3.86667 -1.8 35.2281 
-3.86667 -1.73333 35.2278 
-3.86667 -1.66667 35.2274 
-3.86667 -1.6 35.2268 
-3.86667 -1.53333 35.2261 
-3.86667 -1.46667 35.225 
-3.86667 -1.4 35.2237 
-3.86667 -1.33333 35.2218 
-3.86667 -1.26667 35.2192 
-3.86667 -1.2 35.2157 
-3.86667 -1.13333 35.211 
-3.86667 -1.06667 35.2045 
-3.86667 -1 35.1958 
-3.86667 -0.933333 35.1839 
-3.86667 -0.866667 35.1679 
-3.86667 -0.8 35.1462 
-3.86667 -0.733333 35.1169 
-3.86667 -0.666667 35.0774 
-3.86667 -0.6 35.0244 
-3.86667 -0.533333 34.9536 
-3.86667 -0.466667 34.8594 
-3.86667 -0.4 34.7353 
-3.86667 -0.333333 34.5733 
-3.86667 -0.266667 34.3651 
-3.86667 -0.2 34.1028 
-3.86667 -0.133333 33.7812 
-3.86667 -0.0666667 33.4016 
-3.86667 -4.16334e-16 32.9774 
-3.86667 0.0666667 32.5408 
-3.86667 0.133333 32.1475 
-3.86667 0.2 31.8754 
-3.86667 0.266667 31.8138 
-3.86667 0.333333 32.0519 
-3.86667 0.4 32.6523 
-3.86667 0.466667 33.5396 
-3.86667 0.533333 34.342 
-3.86667 0.6 34.4675 
-3.86667 0.666667 33.6395 
-3.86667 0.733333 32.5769 
-3.86667 0.8 32.6229 
-3.86667 0.866667 33.7953 
-3.86667 0.933333 33.7544 
-3.86667 1 32.7095 
-3.86667 1.06667 33.6735 
-3.86667 1.13333 33.134 
-3.86667 1.2 33.4951 
-3.86667 1.26667 33.002 
-3.86667 1.33333 33.5386 
-3.86667 1.4 33.5862 
-3.86667 1.46667 33.5257 
-3.86667 1.53333 33.5478 
-3.86667 1.6 33.1973 
-3.86667 1.66667 33.4843 
-3.86667 1.73333 33.1285 
-3.86667 1.8 33.138 
-3.86667 1.86667 33.6892 
-3.86667 1.93333 32.961 
-3.86667 2 34.269 
-3.8 -2 35.2285 
-3.8 -1.93333 35.2284 
-3.8 -1.86667 35.2282 
-3.8 -1.8 35.228 
-3.8 -1.73333 35.2276 
-3.8 -1.66667 35.2271 
-3.8 -1.6 35.2265 
-3.8 -1.53333 35.2256 
-3.8 -1.46667 35.2244 
-3.8 -1.4 35.2228 
-3.8 -1.33333 35.2206 
-3.8 -1.26667 35.2176 
-3.8 -1.2 35.2135 
-3.8 -1.13333 35.208 
-3.8 -1.06667 35.2005 
-3.8 -1 35.1903 
-3.8 -0.933333 35.1765 
-3.8 -0.866667 35.1578 
-3.8 -0.8 35.1325 
-3.8 -0.733333 35.0983 
-3.8 -0.666667 35.0523 
-3.8 -0.6 34.9905 
-3.8 -0.533333 34.908 
-3.8 -0.466667 34.7982 
-3.8 -0.4 34.6535 
-3.8 -0.333333 34.4648 
-3.8 -0.266667 34.2223 
-3.8 -0.2 33.9167 
-3.8 -0.133333 33.5422 
-3.8 -0.0666667 33.1004 
-3.8 -4.16334e-16 32.6071 
-3.8 0.0666667 32.1003 
-3.8 0.133333 31.6456 
-3.8 0.2 31.3338 
-3.8 0.266667 31.2666 
-3.8 0.333333 31.5443 
-3.8 0.4 32.2381 
-3.8 0.466667 33.2642 
-3.8 0.533333 34.1953 
-3.8 0.6 34.342 
-3.8 0.666667 33.377 
-3.8 0.733333 32.1472 
-3.8 0.8 32.2026 
-3.8 0.866667 33.558 
-3.8 0.933333 33.5109 
-3.8 1 32.3007 
-3.8 1.06667 33.4164 
-3.8 1.13333 32.7907 
-3.8 1.2 33.2092 
-3.8 1.26667 32.638 
-3.8 1.33333 33.2599 
-3.8 1.4 33.3152 
-3.8 1.46667 33.245 
-3.8 1.53333 33.2709 
-3.8 1.6 32.8629 
-3.8 1.66667 33.1981 
-3.8 1.73333 32.7835 
-3.8 1.8 32.7946 
-3.8 1.86667 33.4354 
-3.8 1.93333 32.5903 
-3.8 2 34.1101 
-3.73333 -2 35.2285 
-3.73333 -1.93333 35.2283 
-3.73333 -1.86667 35.2281 
-3.73333 -1.8 35.2278 
-3.73333 -1.73333 35.2274 
-3.73333 -1.66667 35.2268 
-3.73333 -1.6 35.2261 
-3.73333 -1.53333 35.225 
-3.73333 -1.46667 35.2237 
-3.73333 -1.4 35.2218 
-3.73333 -1.33333 35.2192 
-3.73333 -1.26667 35.2157 
-3.73333 -1.2 35.2109 
-3.73333 -1.13333 35.2045 
-3.73333 -1.06667 35.1957 
-3.73333 -1 35.1839 
-3.73333 -0.933333 35.1678 
-3.73333 -0.866667 35.146 
-3.73333 -0.8 35.1165 
-3.73333 -0.733333 35.0767 
-3.73333 -0.666667 35.023 
-3.73333 -0.6 34.951 
-3.73333 -0.533333 34.8548 
-3.73333 -0.466667 34.7269 
-3.73333 -0.4 34.5583 
-3.73333 -0.333333 34.3384 
-3.73333 -0.266667 34.0559 
-3.73333 -0.2 33.7001 
-3.73333 -0.133333 33.2642 
-3.73333 -0.0666667 32.7502 
-3.73333 -4.16334e-16 32.1772 
-3.73333 0.0666667 31.5899 
-3.73333 0.133333 31.0656 
-3.73333 0.2 30.7099 
-3.73333 0.266667 30.6382 
-3.73333 0.333333 30.9614 
-3.73333 0.4 31.7611 
-3.73333 0.466667 32.9452 
-3.73333 0.533333 34.0246 
-3.73333 0.6 34.196 
-3.73333 0.666667 33.0717 
-3.73333 0.733333 31.6511 
-3.73333 0.8 31.7179 
-3.73333 0.866667 33.2817 
-3.73333 0.933333 33.2277 
-3.73333 1 31.8285 
-3.73333 1.06667 33.1173 
-3.73333 1.13333 32.3925 
-3.73333 1.2 32.8768 
-3.73333 1.26667 32.2162 
-3.73333 1.33333 32.9359 
-3.73333 1.4 33.0002 
-3.73333 1.46667 32.9188 
-3.73333 1.53333 32.9491 
-3.73333 1.6 32.4745 
-3.73333 1.66667 32.8659 
-3.73333 1.73333 32.3831 
-3.73333 1.8 32.3961 
-3.73333 1.86667 33.1402 
-3.73333 1.93333 32.1608 
-3.73333 2 33.9251 
-3.66667 -2 35.2284 
-3.66667 -1.93333 35.2282 
-3.66667 -1.86667 35.228 
-3.66667 -1.8 35.2276 
-3.66667 -1.73333 35.2271 
-3.66667 -1.66667 35.2265 
-3.66667 -1.6 35.2256 
-3.66667 -1.53333 35.2244 
-3.66667 -1.46667 35.2228 
-3.66667 -1.4 35.2206 
-3.66667 -1.33333 35.2176 
-3.66667 -1.26667 35.2135 
-3.66667 -1.2 35.208 
-3.66667 -1.13333 35.2004 
-3.66667 -1.06667 35.1902 
-3.66667 -1 35.1764 
-3.66667 -0.933333 35.1576 
-3.66667 -0.866667 35.1322 
-3.66667 -0.8 35.0978 
-3.66667 -0.733333 35.0514 
-3.66667 -0.666667 34.9889 
-3.66667 -0.6 34.905 
-3.66667 -0.533333 34.7928 
-3.66667 -0.466667 34.6438 
-3.66667 -0.4 34.4473 
-3.66667 -0.333333 34.1912 
-3.66667 -0.266667 33.8623 
-3.66667 -0.2 33.4481 
-3.66667 -0.133333 32.941 
-3.66667 -0.0666667 32.3437 
-3.66667 -4.16334e-16 31.679 
-3.66667 0.0666667 30.9999 
-3.66667 0.133333 30.3974 
-3.66667 0.2 29.994 
-3.66667 0.266667 29.9194 
-3.66667 0.333333 30.295 
-3.66667 0.4 31.2135 
-3.66667 0.466667 32.5763 
-3.66667 0.533333 33.8258 
-3.66667 0.6 34.0261 
-3.66667 0.666667 32.7168 
-3.66667 0.733333 31.08 
-3.66667 0.8 31.1609 
-3.66667 0.866667 32.9602 
-3.66667 0.933333 32.8984 
-3.66667 1 31.2843 
-3.66667 1.06667 32.7695 
-3.66667 1.13333 31.9315 
-3.66667 1.2 32.4908 
-3.66667 1.26667 31.7285 
-3.66667 1.33333 32.5598 
-3.66667 1.4 32.6342 
-3.66667 1.46667 32.5401 
-3.66667 1.53333 32.5756 
-3.66667 1.6 32.0241 
-3.66667 1.66667 32.481 
-3.66667 1.73333 31.9192 
-3.66667 1.8 31.9344 
-3.66667 1.86667 32.7974 
-3.66667 1.93333 31.6643 
-3.66667 2 33.7098 
-3.6 -2 35.2283 
-3.6 -1.93333 35.2281 
-3.6 -1.86667 35.2278 
-3.6 -1.8 35.2274 
-3.6 -1.73333 35.2268 
-3.6 -1.66667 35.2261 
-3.6 -1.6 35.225 
-3.6 -1.53333 35.2237 
-3.6 -1.46667 35.2218 
-3.6 -1.4 35.2192 
-3.6 -1.33333 35.2157 
-3.6 -1.26667 35.2109 
-3.6 -1.2 35.2045 
-3.6 -1.13333 35.1957 
-3.6 -1.06667 35.1838 
-3.6 -1 35.1677 
-3.6 -0.933333 35.1458 
-3.6 -0.866667 35.1162 
-3.6 -0.8 35.0761 
-3.6 -0.733333 35.022 
-3.6 -0.666667 34.9491 
-3.6 -0.6 34.8513 
-3.6 -0.533333 34.7206 
-3.6 -0.466667 34.5469 
-3.6 -0.4 34.3181 
-3.6 -0.333333 34.0199 
-3.6 -0.266667 33.6369 
-3.6 -0.2 33.1551 
-3.6 -0.133333 32.5656 
-3.6 -0.0666667 31.8724 
-3.6 -4.16334e-16 31.1027 
-3.6 0.0666667 30.3197 
-3.6 0.133333 29.6305 
-3.6 0.2 29.1764 
-3.6 0.266667 29.1019 
-3.6 0.333333 29.5371 
-3.6 0.4 30.5875 
-3.6 0.466667 32.1506 
-3.6 0.533333 33.5945 
-3.6 0.6 33.8288 
-3.6 0.666667 32.305 
-3.6 0.733333 30.4252 
-3.6 0.8 30.5229 
-3.6 0.866667 32.5865 
-3.6 0.933333 32.5162 
-3.6 1 30.6594 
-3.6 1.06667 32.3656 
-3.6 1.13333 31.399 
-3.6 1.2 32.0432 
-3.6 1.26667 31.166 
-3.6 1.33333 32.1235 
-3.6 1.4 32.2095 
-3.6 1.46667 32.1011 
-3.6 1.53333 32.1426 
-3.6 1.6 31.5027 
-3.6 1.66667 32.0357 
-3.6 1.73333 31.3828 
-3.6 1.8 31.4005 
-3.6 1.86667 32.3996 
-3.6 1.93333 31.0917 
-3.6 2 33.4592 
-3.53333 -2 35.2282 
-3.53333 -1.93333 35.228 
-3.53333 -1.86667 35.2276 
-3.53333 -1.8 35.2271 
-3.53333 -1.73333 35.2265 
-3.53333 -1.66667 35.2256 
-3.53333 -1.6 35.2244 
-3.53333 -1.53333 35.2228 
-3.53333 -1.46667 35.2206 
-3.53333 -1.4 35.2176 
-3.53333 -1.33333 35.2135 
-3.53333 -1.26667 35.208 
-3.53333 -1.2 35.2004 
-3.53333 -1.13333 35.1902 
-3.53333 -1.06667 35.1763 
-3.53333 -1 35.1575 
-3.53333 -0.933333 35.132 
-3.53333 -0.866667 35.0975 
-3.53333 -0.8 35.0508 
-3.53333 -0.733333 34.9877 
-3.53333 -0.666667 34.9028 
-3.53333 -0.6 34.7888 
-3.53333 -0.533333 34.6365 
-3.53333 -0.466667 34.4341 
-3.53333 -0.4 34.1676 
-3.53333 -0.333333 33.8204 
-3.53333 -0.266667 33.3749 
-3.53333 -0.2 32.8147 
-3.53333 -0.133333 32.1303 
-3.53333 -0.0666667 31.327 
-3.53333 -4.16334e-16 30.4379 
-3.53333 0.0666667 29.5386 
-3.53333 0.133333 28.7548 
-3.53333 0.2 28.2486 
-3.53333 0.266667 28.1783 
-3.53333 0.333333 28.6808 
-3.53333 0.4 29.8754 
-3.53333 0.466667 31.6606 
-3.53333 0.533333 33.3256 
-3.53333 0.6 33.5996 
-3.53333 0.666667 31.8276 
-3.53333 0.733333 29.6776 
-3.53333 0.8 29.7957 
-3.53333 0.866667 32.1524 
-3.53333 0.933333 32.073 
-3.53333 1 29.9447 
-3.53333 1.06667 31.8971 
-3.53333 1.13333 30.7855 
-3.53333 1.2 31.5251 
-3.53333 1.26667 30.5192 
-3.53333 1.33333 31.6186 
-3.53333 1.4 31.7178 
-3.53333 1.46667 31.593 
-3.53333 1.53333 31.6416 
-3.53333 1.6 30.9004 
-3.53333 1.66667 31.5217 
-3.53333 1.73333 30.764 
-3.53333 1.8 30.7848 
-3.53333 1.86667 31.9387 
-3.53333 1.93333 30.4336 
-3.53333 2 33.1678 
-3.46667 -2 35.2281 
-3.46667 -1.93333 35.2278 
-3.46667 -1.86667 35.2274 
-3.46667 -1.8 35.2268 
-3.46667 -1.73333 35.2261 
-3.46667 -1.66667 35.225 
-3.46667 -1.6 35.2237 
-3.46667 -1.53333 35.2218 
-3.46667 -1.46667 35.2192 
-3.46667 -1.4 35.2157 
-3.46667 -1.33333 35.2109 
-3.46667 -1.26667 35.2045 
-3.46667 -1.2 35.1957 
-3.46667 -1.13333 35.1838 
-3.46667 -1.06667 35.1676 
-3.46667 -1 35.1457 
-3.46667 -0.933333 35.116 
-3.46667 -0.866667 35.0757 
-3.46667 -0.8 35.0212 
-3.46667 -0.733333 34.9477 
-3.46667 -0.666667 34.8488 
-3.46667 -0.6 34.7159 
-3.46667 -0.533333 34.5384 
-3.46667 -0.466667 34.3028 
-3.46667 -0.4 33.9925 
-3.46667 -0.333333 33.5885 
-3.46667 -0.266667 33.0704 
-3.46667 -0.2 32.4197 
-3.46667 -0.133333 31.6261 
-3.46667 -0.0666667 30.6973 
-3.46667 -4.16334e-16 29.6739 
-3.46667 0.0666667 28.6461 
-3.46667 0.133333 27.7613 
-3.46667 0.2 27.2039 
-3.46667 0.266667 27.1441 
-3.46667 0.333333 27.7213 
-3.46667 0.4 29.0706 
-3.46667 0.466667 31.0986 
-3.46667 0.533333 33.0131 
-3.46667 0.6 33.3338 
-3.46667 0.666667 31.2755 
-3.46667 0.733333 28.8294 
-3.46667 0.8 28.9716 
-3.46667 0.866667 31.649 
-3.46667 0.933333 31.56 
-3.46667 1 29.1316 
-3.46667 1.06667 31.3549 
-3.46667 1.13333 30.0813 
-3.46667 1.2 30.9266 
-3.46667 1.26667 29.7785 
-3.46667 1.33333 31.0354 
-3.46667 1.4 31.1495 
-3.46667 1.46667 31.0065 
-3.46667 1.53333 31.0633 
-3.46667 1.6 30.207 
-3.46667 1.66667 30.9301 
-3.46667 1.73333 30.0528 
-3.46667 1.8 30.0773 
-3.46667 1.86667 31.4058 
-3.46667 1.93333 29.6803 
-3.46667 2 32.8293 
-3.4 -2 35.228 
-3.4 -1.93333 35.2276 
-3.4 -1.86667 35.2271 
-3.4 -1.8 35.2265 
-3.4 -1.73333 35.2256 
-3.4 -1.66667 35.2244 
-3.4 -1.6 35.2228 
-3.4 -1.53333 35.2206 
-3.4 -1.46667 35.2176 
-3.4 -1.4 35.2135 
-3.4 -1.33333 35.2079 
-3.4 -1.26667 35.2004 
-3.4 -1.2 35.1902 
-3.4 -1.13333 35.1763 
-3.4 -1.06667 35.1575 
-3.4 -1 35.1319 
-3.4 -0.933333 35.0972 
-3.4 -0.866667 35.0503 
-3.4 -0.8 34.9868 
-3.4 -0.733333 34.9011 
-3.4 -0.666667 34.7858 
-3.4 -0.6 34.631 
-3.4 -0.533333 34.4243 
-3.4 -0.466667 34.1499 
-3.4 -0.4 33.7887 
-3.4 -0.333333 33.3188 
-3.4 -0.266667 32.7168 
-3.4 -0.2 31.962 
-3.4 -0.133333 31.0436 
-3.4 -0.0666667 29.9727 
-3.4 -4.16334e-16 28.7998 
-3.4 0.0666667 27.6328 
-3.4 0.133333 26.6435 
-3.4 0.2 26.0393 
-3.4 0.266667 25.9984 
-3.4 0.333333 26.6572 
-3.4 0.4 28.1682 
-3.4 0.466667 30.4564 
-3.4 0.533333 32.6504 
-3.4 0.6 33.0257 
-3.4 0.666667 30.6387 
-3.4 0.733333 27.8741 
-3.4 0.8 28.0446 
-3.4 0.866667 31.0665 
-3.4 0.933333 30.9679 
-3.4 1 28.2127 
-3.4 1.06667 30.7286 
-3.4 1.13333 29.2769 
-3.4 1.2 30.2377 
-3.4 1.26667 28.9347 
-3.4 1.33333 30.3641 
-3.4 1.4 30.4947 
-3.4 1.46667 30.3315 
-3.4 1.53333 30.3981 
-3.4 1.6 29.4119 
-3.4 1.66667 30.2518 
-3.4 1.73333 29.2389 
-3.4 1.8 29.2678 
-3.4 1.86667 30.7913 
-3.4 1.93333 28.8229 
-3.4 2 32.4366 
-3.33333 -2 35.2278 
-3.33333 -1.93333 35.2274 
-3.33333 -1.86667 35.2268 
-3.33333 -1.8 35.2261 
-3.33333 -1.73333 35.225 
-3.33333 -1.66667 35.2237 
-3.33333 -1.6 35.2218 
-3.33333 -1.53333 35.2192 
-3.33333 -1.46667 35.2157 
-3.33333 -1.4 35.2109 
-3.33333 -1.33333 35.2045 
-3.33333 -1.26667 35.1957 
-3.33333 -1.2 35.1838 
-3.33333 -1.13333 35.1676 
-3.33333 -1.06667 35.1456 
-3.33333 -1 35.1158 
-3.33333 -0.933333 35.0754 
-3.33333 -0.866667 35.0207 
-3.33333 -0.8 34.9467 
-3.33333 -0.733333 34.8468 
-3.33333 -0.666667 34.7124 
-3.33333 -0.6 34.5321 
-3.33333 -0.533333 34.2913 
-3.33333 -0.466667 33.9719 
-3.33333 -0.4 33.5517 
-3.33333 -0.333333 33.0054 
-3.33333 -0.266667 32.3067 
-3.33333 -0.2 31.4325 
-3.33333 -0.133333 30.3723 
-3.33333 -0.0666667 29.1424 
-3.33333 -4.16334e-16 27.8059 
-3.33333 0.0666667 26.4919 
-3.33333 0.133333 25.399 
-3.33333 0.2 24.757 
-3.33333 0.266667 24.7463 
-3.33333 0.333333 25.492 
-3.33333 0.4 27.1661 
-3.33333 0.466667 29.7266 
-3.33333 0.533333 32.2299 
-3.33333 0.6 32.6694 
-3.33333 0.666667 29.9069 
-3.33333 0.733333 26.8084 
-3.33333 0.8 27.0113 
-3.33333 0.866667 30.394 
-3.33333 0.933333 30.2865 
-3.33333 1 27.1829 
-3.33333 1.06667 30.0078 
-3.33333 1.13333 28.3634 
-3.33333 1.2 29.4478 
-3.33333 1.26667 27.9798 
-3.33333 1.33333 29.5943 
-3.33333 1.4 29.7431 
-3.33333 1.46667 29.5581 
-3.33333 1.53333 29.6358 
-3.33333 1.6 28.5048 
-3.33333 1.66667 29.4779 
-3.33333 1.73333 28.3128 
-3.33333 1.8 28.347 
-3.33333 1.86667 30.0849 
-3.33333 1.93333 27.8536 
-3.33333 2 31.9815 
-3.26667 -2 35.2276 
-3.26667 -1.93333 35.2271 
-3.26667 -1.86667 35.2265 
-3.26667 -1.8 35.2256 
-3.26667 -1.73333 35.2244 
-3.26667 -1.66667 35.2228 
-3.26667 -1.6 35.2206 
-3.26667 -1.53333 35.2176 
-3.26667 -1.46667 35.2135 
-3.26667 -1.4 35.2079 
-3.26667 -1.33333 35.2004 
-3.26667 -1.26667 35.1902 
-3.26667 -1.2 35.1763 
-3.26667 -1.13333 35.1574 
-3.26667 -1.06667 35.1318 
-3.26667 -1 35.097 
-3.26667 -0.933333 35.0499 
-3.26667 -0.866667 34.9862 
-3.26667 -0.8 34.8999 
-3.26667 -0.733333 34.7836 
-3.26667 -0.666667 34.627 
-3.26667 -0.6 34.4169 
-3.26667 -0.533333 34.1366 
-3.26667 -0.466667 33.7648 
-3.26667 -0.4 33.2762 
-3.26667 -0.333333 32.6418 
-3.26667 -0.266667 31.8318 
-3.26667 -0.2 30.8214 
-3.26667 -0.133333 29.6015 
-3.26667 -0.0666667 28.1961 
-3.26667 -4.16334e-16 26.6844 
-3.26667 0.0666667 25.2206 
-3.26667 0.133333 24.0317 
-3.26667 0.2 23.3668 
-3.26667 0.266667 23.4002 
-3.26667 0.333333 24.2356 
-3.26667 0.4 26.0666 
-3.26667 0.466667 28.9024 
-3.26667 0.533333 31.7433 
-3.26667 0.6 32.2579 
-3.26667 0.666667 29.07 
-3.26667 0.733333 25.6334 
-3.26667 0.8 25.8719 
-3.26667 0.866667 29.6203 
-3.26667 0.933333 29.5058 
-3.26667 1 26.0404 
-3.26667 1.06667 29.1818 
-3.26667 1.13333 27.3339 
-3.26667 1.2 28.5469 
-3.26667 1.26667 26.9081 
-3.26667 1.33333 28.7164 
-3.26667 1.4 28.8847 
-3.26667 1.46667 28.6765 
-3.26667 1.53333 28.7671 
-3.26667 1.6 27.4771 
-3.26667 1.66667 28.6 
-3.26667 1.73333 27.2665 
-3.26667 1.8 27.3074 
-3.26667 1.86667 29.2764 
-3.26667 1.93333 26.7673 
-3.26667 2 31.4553 
-3.2 -2 35.2274 
-3.2 -1.93333 35.2268 
-3.2 -1.86667 35.2261 
-3.2 -1.8 35.225 
-3.2 -1.73333 35.2237 
-3.2 -1.66667 35.2218 
-3.2 -1.6 35.2192 
-3.2 -1.53333 35.2157 
-3.2 -1.46667 35.2109 
-3.2 -1.4 35.2045 
-3.2 -1.33333 35.1957 
-3.2 -1.26667 35.1837 
-3.2 -1.2 35.1675 
-3.2 -1.13333 35.1455 
-3.2 -1.06667 35.1157 
-3.2 -1 35.0752 
-3.2 -0.933333 35.0203 
-3.2 -0.866667 34.9459 
-3.2 -0.8 34.8454 
-3.2 -0.733333 34.7099 
-3.2 -0.666667 34.5274 
-3.2 -0.6 34.2828 
-3.2 -0.533333 33.9564 
-3.2 -0.466667 33.524 
-3.2 -0.4 32.9562 
-3.2 -0.333333 32.2203 
-3.2 -0.266667 31.2831 
-3.2 -0.2 30.1184 
-3.2 -0.133333 28.7207 
-3.2 -0.0666667 27.125 
-3.2 -4.16334e-16 25.4314 
-3.2 0.0666667 23.8225 
-3.2 0.133333 22.5538 
-3.2 0.2 21.8879 
-3.2 0.266667 21.9818 
-3.2 0.333333 22.9061 
-3.2 0.4 24.8775 
-3.2 0.466667 27.979 
-3.2 0.533333 31.1811 
-3.2 0.6 31.784 
-3.2 0.666667 28.1189 
-3.2 0.733333 24.3565 
-3.2 0.8 24.6323 
-3.2 0.866667 28.7343 
-3.2 0.933333 28.6162 
-3.2 1 24.7889 
-3.2 1.06667 28.2403 
-3.2 1.13333 26.1847 
-3.2 1.2 27.5262 
-3.2 1.26667 25.7177 
-3.2 1.33333 27.7218 
-3.2 1.4 27.9107 
-3.2 1.46667 27.6785 
-3.2 1.53333 27.7839 
-3.2 1.6 26.3227 
-3.2 1.66667 27.6121 
-3.2 1.73333 26.0953 
-3.2 1.8 26.1447 
-3.2 1.86667 28.3562 
-3.2 1.93333 25.5632 
-3.2 2 30.8485 
-3.13333 -2 35.2271 
-3.13333 -1.93333 35.2265 
-3.13333 -1.86667 35.2256 
-3.13333 -1.8 35.2244 
-3.13333 -1.73333 35.2228 
-3.13333 -1.66667 35.2206 
-3.13333 -1.6 35.2176 
-3.13333 -1.53333 35.2135 
-3.13333 -1.46667 35.2079 
-3.13333 -1.4 35.2004 
-3.13333 -1.33333 35.1902 
-3.13333 -1.26667 35.1762 
-3.13333 -1.2 35.1574 
-3.13333 -1.13333 35.1317 
-3.13333 -1.06667 35.0969 
-3.13333 -1 35.0497 
-3.13333 -0.933333 34.9857 
-3.13333 -0.866667 34.899 
-3.13333 -0.8 34.7819 
-3.13333 -0.733333 34.624 
-3.13333 -0.666667 34.4114 
-3.13333 -0.6 34.1266 
-3.13333 -0.533333 33.7469 
-3.13333 -0.466667 33.2442 
-3.13333 -0.4 32.5851 
-3.13333 -0.333333 31.7326 
-3.13333 -0.266667 30.6505 
-3.13333 -0.2 29.3128 
-3.13333 -0.133333 27.7202 
-3.13333 -0.0666667 25.9235 
-3.13333 -4.16334e-16 24.0487 
-3.13333 0.0666667 22.3102 
-3.13333 0.133333 20.9886 
-3.13333 0.2 20.3509 
-3.13333 0.266667 20.5236 
-3.13333 0.333333 21.5311 
-3.13333 0.4 23.614 
-3.13333 0.466667 26.9545 
-3.13333 0.533333 30.5336 
-3.13333 0.6 31.24 
-3.13333 0.666667 27.0467 
-3.13333 0.733333 22.9931 
-3.13333 0.8 23.3052 
-3.13333 0.866667 27.7256 
-3.13333 0.933333 27.6099 
-3.13333 1 23.4386 
-3.13333 1.06667 27.175 
-3.13333 1.13333 24.917 
-3.13333 1.2 26.38 
-3.13333 1.26667 24.4122 
-3.13333 1.33333 26.6049 
-3.13333 1.4 26.8144 
-3.13333 1.46667 26.5586 
-3.13333 1.53333 26.6809 
-3.13333 1.6 25.04 
-3.13333 1.66667 26.5109 
-3.13333 1.73333 24.7992 
-3.13333 1.8 24.8595 
-3.13333 1.86667 27.3161 
-3.13333 1.93333 24.2461 
-3.13333 2 30.1513 
-3.06667 -2 35.2268 
-3.06667 -1.93333 35.2261 
-3.06667 -1.86667 35.225 
-3.06667 -1.8 35.2237 
-3.06667 -1.73333 35.2218 
-3.06667 -1.66667 35.2192 
-3.06667 -1.6 35.2157 
-3.06667 -1.53333 35.2109 
-3.06667 -1.46667 35.2045 
-3.06667 -1.4 35.1957 
-3.06667 -1.33333 35.1837 
-3.06667 -1.26667 35.1675 
-3.06667 -1.2 35.1455 
-3.06667 -1.13333 35.1156 
-3.06667 -1.06667 35.075 
-3.06667 -1 35.0199 
-3.06667 -0.933333 34.9454 
-3.06667 -0.866667 34.8444 
-3.06667 -0.8 34.7079 
-3.06667 -0.733333 34.5239 
-3.06667 -0.666667 34.2764 
-3.06667 -0.6 33.9449 
-3.06667 -0.533333 33.5033 
-3.06667 -0.466667 32.9193 
-3.06667 -0.4 32.155 
-3.06667 -0.333333 31.1693 
-3.06667 -0.266667 29.9237 
-3.06667 -0.2 28.3944 
-3.06667 -0.133333 26.5925 
-3.06667 -0.0666667 24.5906 
-3.06667 -4.16334e-16 22.5465 
-3.06667 0.0666667 20.707 
-3.06667 0.133333 19.3714 
-3.06667 0.2 18.7984 
-3.06667 0.266667 19.0691 
-3.06667 0.333333 20.1479 
-3.06667 0.4 22.2993 
-3.06667 0.466667 25.8311 
-3.06667 0.533333 29.7902 
-3.06667 0.6 30.618 
-3.06667 0.666667 25.8506 
-3.06667 0.733333 21.5682 
-3.06667 0.8 21.9118 
-3.06667 0.866667 26.5858 
-3.06667 0.933333 26.482 
-3.06667 1 22.0085 
-3.06667 1.06667 25.9806 
-3.06667 1.13333 23.539 
-3.06667 1.2 25.1066 
-3.06667 1.26667 23.0028 
-3.06667 1.33333 25.3641 
-3.06667 1.4 25.5933 
-3.06667 1.46667 25.3156 
-3.06667 1.53333 25.4568 
-3.06667 1.6 23.6338 
-3.06667 1.66667 25.2979 
-3.06667 1.73333 23.385 
-3.06667 1.8 23.4595 
-3.06667 1.86667 26.1508 
-3.06667 1.93333 22.8291 
-3.06667 2 29.3537 
-3 -2 35.2265 
-3 -1.93333 35.2256 
-3 -1.86667 35.2244 
-3 -1.8 35.2228 
-3 -1.73333 35.2206 
-3 -1.66667 35.2176 
-3 -1.6 35.2135 
-3 -1.53333 35.2079 
-3 -1.46667 35.2004 
-3 -1.4 35.1901 
-3 -1.33333 35.1762 
-3 -1.26667 35.1573 
-3 -1.2 35.1316 
-3 -1.13333 35.0968 
-3 -1.06667 35.0495 
-3 -1 34.9853 
-3 -0.933333 34.8984 
-3 -0.866667 34.7807 
-3 -0.8 34.6217 
-3 -0.733333 34.4074 
-3 -0.666667 34.1193 
-3 -0.6 33.7336 
-3 -0.533333 33.2202 
-3 -0.466667 32.5425 
-3 -0.4 31.6577 
-3 -0.333333 30.5207 
-3 -0.266667 29.0922 
-3 -0.2 27.3541 
-3 -0.133333 25.3338 
-3 -0.0666667 23.1327 
-3 -4.16334e-16 20.9454 
-3 0.0666667 19.0494 
-3 0.133333 17.7512 
-3 0.2 17.285 
-3 0.266667 17.6718 
-3 0.333333 18.8037 
-3 0.4 20.9661 
-3 0.466667 24.6164 
-3 0.533333 28.9407 
-3 0.6 29.9104 
-3 0.666667 24.5338 
-3 0.733333 20.1177 
-3 0.8 20.4825 
-3 0.866667 25.3102 
-3 0.933333 25.2326 
-3 1 20.5274 
-3 1.06667 24.6571 
-3 1.13333 22.0679 
-3 1.2 23.7111 
-3 1.26667 21.5098 
-3 1.33333 24.0046 
-3 1.4 24.251 
-3 1.46667 23.9551 
-3 1.53333 24.1171 
-3 1.6 22.118 
-3 1.66667 23.9814 
-3 1.73333 21.8685 
-3 1.8 21.9618 
-3 1.86667 24.8595 
-3 1.93333 21.3349 
-3 2 28.447 
-2.93333 -2 35.2261 
-2.93333 -1.93333 35.225 
-2.93333 -1.86667 35.2237 
-2.93333 -1.8 35.2218 
-2.93333 -1.73333 35.2192 
-2.93333 -1.66667 35.2157 
-2.93333 -1.6 35.2109 
-2.93333 -1.53333 35.2045 
-2.93333 -1.46667 35.1957 
-2.93333 -1.4 35.1837 
-2.93333 -1.33333 35.1675 
-2.93333 -1.26667 35.1454 
-2.93333 -1.2 35.1155 
-2.93333 -1.13333 35.0749 
-2.93333 -1.06667 35.0197 
-2.93333 -1 34.9449 
-2.93333 -0.933333 34.8436 
-2.93333 -0.866667 34.7065 
-2.93333 -0.8 34.5213 
-2.93333 -0.733333 34.2717 
-2.93333 -0.666667 33.9364 
-2.93333 -0.6 33.4879 
-2.93333 -0.533333 32.8917 
-2.93333 -0.466667 32.1061 
-2.93333 -0.4 31.0836 
-2.93333 -0.333333 29.7762 
-2.93333 -0.266667 28.146 
-2.93333 -0.2 26.1855 
-2.93333 -0.133333 23.946 
-2.93333 -0.0666667 21.5657 
-2.93333 -4.16334e-16 19.2792 
-2.93333 0.0666667 17.3876 
-2.93333 0.133333 16.1888 
-2.93333 0.2 15.8747 
-2.93333 0.266667 16.3933 
-2.93333 0.333333 17.5537 
-2.93333 0.4 19.6559 
-2.93333 0.466667 23.325 
-2.93333 0.533333 27.9752 
-2.93333 0.6 29.111 
-2.93333 0.666667 23.1082 
-2.93333 0.733333 18.688 
-2.93333 0.8 19.0573 
-2.93333 0.866667 23.8999 
-2.93333 0.933333 23.8688 
-2.93333 1 19.0347 
-2.93333 1.06667 23.2117 
-2.93333 1.13333 20.5313 
-2.93333 1.2 22.2073 
-2.93333 1.26667 19.9644 
-2.93333 1.33333 22.5401 
-2.93333 1.4 22.7993 
-2.93333 1.46667 22.4909 
-2.93333 1.53333 22.6754 
-2.93333 1.6 20.5175 
-2.93333 1.66667 22.5778 
-2.93333 1.73333 20.2767 
-2.93333 1.8 20.3947 
-2.93333 1.86667 23.448 
-2.93333 1.93333 19.7975 
-2.93333 2 27.4241 
-2.86667 -2 35.2256 
-2.86667 -1.93333 35.2244 
-2.86667 -1.86667 35.2228 
-2.86667 -1.8 35.2206 
-2.86667 -1.73333 35.2176 
-2.86667 -1.66667 35.2135 
-2.86667 -1.6 35.2079 
-2.86667 -1.53333 35.2004 
-2.86667 -1.46667 35.1901 
-2.86667 -1.4 35.1762 
-2.86667 -1.33333 35.1573 
-2.86667 -1.26667 35.1316 
-2.86667 -1.2 35.0967 
-2.86667 -1.13333 35.0493 
-2.86667 -1.06667 34.985 
-2.86667 -1 34.8979 
-2.86667 -0.933333 34.7798 
-2.86667 -0.866667 34.6201 
-2.86667 -0.8 34.4044 
-2.86667 -0.733333 34.1138 
-2.86667 -0.666667 33.7237 
-2.86667 -0.6 33.2024 
-2.86667 -0.533333 32.5107 
-2.86667 -0.466667 31.6015 
-2.86667 -0.4 30.423 
-2.86667 -0.333333 28.9255 
-2.86667 -0.266667 27.0767 
-2.86667 -0.2 24.8865 
-2.86667 -0.133333 22.4391 
-2.86667 -0.0666667 19.9174 
-2.86667 -4.16334e-16 17.5952 
-2.86667 0.0666667 15.7844 
-2.86667 0.133333 14.7541 
-2.86667 0.2 14.6369 
-2.86667 0.266667 15.2986 
-2.86667 0.333333 16.4579 
-2.86667 0.4 18.4183 
-2.86667 0.466667 21.9798 
-2.86667 0.533333 26.8858 
-2.86667 0.6 28.2151 
-2.86667 0.666667 21.5969 
-2.86667 0.733333 17.335 
-2.86667 0.8 17.6855 
-2.86667 0.866667 22.3641 
-2.86667 0.933333 22.4076 
-2.86667 1 17.5799 
-2.86667 1.06667 21.6616 
-2.86667 1.13333 18.9688 
-2.86667 1.2 20.62 
-2.86667 1.26667 18.4094 
-2.86667 1.33333 20.9952 
-2.86667 1.4 21.2606 
-2.86667 1.46667 20.9478 
-2.86667 1.53333 21.1559 
-2.86667 1.6 18.8696 
-2.86667 1.66667 21.1134 
-2.86667 1.73333 18.6488 
-2.86667 1.8 18.799 
-2.86667 1.86667 21.9306 
-2.86667 1.93333 18.2624 
-2.86667 2 26.2815 
-2.8 -2 35.225 
-2.8 -1.93333 35.2237 
-2.8 -1.86667 35.2218 
-2.8 -1.8 35.2192 
-2.8 -1.73333 35.2157 
-2.8 -1.66667 35.2109 
-2.8 -1.6 35.2044 
-2.8 -1.53333 35.1957 
-2.8 -1.46667 35.1837 
-2.8 -1.4 35.1675 
-2.8 -1.33333 35.1454 
-2.8 -1.26667 35.1155 
-2.8 -1.2 35.0748 
-2.8 -1.13333 35.0196 
-2.8 -1.06667 34.9446 
-2.8 -1 34.8431 
-2.8 -0.933333 34.7055 
-2.8 -0.866667 34.5194 
-2.8 -0.8 34.2682 
-2.8 -0.733333 33.9301 
-2.8 -0.666667 33.4764 
-2.8 -0.6 32.8711 
-2.8 -0.533333 32.0695 
-2.8 -0.466667 31.0195 
-2.8 -0.4 29.6654 
-2.8 -0.333333 27.9589 
-2.8 -0.266667 25.8788 
-2.8 -0.2 23.4613 
-2.8 -0.133333 20.834 
-2.8 -0.0666667 18.2295 
-2.8 -4.16334e-16 15.9541 
-2.8 0.0666667 14.3118 
-2.8 0.133333 13.5209 
-2.8 0.2 13.6401 
-2.8 0.266667 14.4503 
-2.8 0.333333 15.5762 
-2.8 0.4 17.3083 
-2.8 0.466667 20.6121 
-2.8 0.533333 25.6673 
-2.8 0.6 27.2219 
-2.8 0.666667 20.0358 
-2.8 0.733333 16.1209 
-2.8 0.8 16.4235 
-2.8 0.866667 20.7228 
-2.8 0.933333 20.8776 
-2.8 1 16.2209 
-2.8 1.06667 20.0359 
-2.8 1.13333 17.4316 
-2.8 1.2 18.9864 
-2.8 1.26667 16.8983 
-2.8 1.33333 19.4071 
-2.8 1.4 19.6694 
-2.8 1.46667 19.3627 
-2.8 1.53333 19.5949 
-2.8 1.6 17.2253 
-2.8 1.66667 19.6257 
-2.8 1.73333 17.0363 
-2.8 1.8 17.2278 
-2.8 1.86667 20.3324 
-2.8 1.93333 16.7857 
-2.8 2 25.0214 
-2.73333 -2 35.2244 
-2.73333 -1.93333 35.2228 
-2.73333 -1.86667 35.2206 
-2.73333 -1.8 35.2176 
-2.73333 -1.73333 35.2135 
-2.73333 -1.66667 35.2079 
-2.73333 -1.6 35.2004 
-2.73333 -1.53333 35.1901 
-2.73333 -1.46667 35.1762 
-2.73333 -1.4 35.1573 
-2.73333 -1.33333 35.1316 
-2.73333 -1.26667 35.0966 
-2.73333 -1.2 35.0492 
-2.73333 -1.13333 34.9849 
-2.73333 -1.06667 34.8975 
-2.73333 -1 34.7792 
-2.73333 -0.933333 34.6189 
-2.73333 -0.866667 34.4022 
-2.73333 -0.8 34.1098 
-2.73333 -0.733333 33.7163 
-2.73333 -0.666667 33.1892 
-2.73333 -0.6 32.487 
-2.73333 -0.533333 31.5596 
-2.73333 -0.466667 30.35 
-2.73333 -0.4 28.8006 
-2.73333 -0.333333 26.8686 
-2.73333 -0.266667 24.5514 
-2.73333 -0.2 21.9231 
-2.73333 -0.133333 19.1641 
-2.73333 -0.0666667 16.5574 
-2.73333 -4.16334e-16 14.4274 
-2.73333 0.0666667 13.0459 
-2.73333 0.133333 12.5591 
-2.73333 0.2 12.9443 
-2.73333 0.266667 13.9015 
-2.73333 0.333333 14.963 
-2.73333 0.4 16.383 
-2.73333 0.466667 19.262 
-2.73333 0.533333 24.3196 
-2.73333 0.6 26.1354 
-2.73333 0.666667 18.4749 
-2.73333 0.733333 15.1097 
-2.73333 0.8 15.3314 
-2.73333 0.866667 19.0089 
-2.73333 0.933333 19.3208 
-2.73333 1 15.0211 
-2.73333 1.06667 18.3775 
-2.73333 1.13333 15.9808 
-2.73333 1.2 17.357 
-2.73333 1.26667 15.4936 
-2.73333 1.33333 17.8257 
-2.73333 1.4 18.0733 
-2.73333 1.46667 17.7851 
-2.73333 1.53333 18.0408 
-2.73333 1.6 15.647 
-2.73333 1.66667 18.1626 
-2.73333 1.73333 15.5018 
-2.73333 1.8 15.7449 
-2.73333 1.86667 18.6906 
-2.73333 1.93333 15.4317 
-2.73333 2 23.6539 
-2.66667 -2 35.2237 
-2.66667 -1.93333 35.2218 
-2.66667 -1.86667 35.2192 
-2.66667 -1.8 35.2157 
-2.66667 -1.73333 35.2109 
-2.66667 -1.66667 35.2044 
-2.66667 -1.6 35.1957 
-2.66667 -1.53333 35.1837 
-2.66667 -1.46667 35.1675 
-2.66667 -1.4 35.1454 
-2.66667 -1.33333 35.1154 
-2.66667 -1.26667 35.0747 
-2.66667 -1.2 35.0194 
-2.66667 -1.13333 34.9444 
-2.66667 -1.06667 34.8426 
-2.66667 -1 34.7047 
-2.66667 -0.933333 34.518 
-2.66667 -0.866667 34.2657 
-2.66667 -0.8 33.9254 
-2.66667 -0.733333 33.4679 
-2.66667 -0.666667 32.8559 
-2.66667 -0.6 32.0423 
-2.66667 -0.533333 30.9716 
-2.66667 -0.466667 29.5827 
-2.66667 -0.4 27.8191 
-2.66667 -0.333333 25.6496 
-2.66667 -0.266667 23.1008 
-2.66667 -0.2 20.2964 
-2.66667 -0.133333 17.477 
-2.66667 -0.0666667 14.9687 
-2.66667 -4.16334e-16 13.0918 
-2.66667 0.0666667 12.0582 
-2.66667 0.133333 11.9262 
-2.66667 0.2 12.5926 
-2.66667 0.266667 13.6883 
-2.66667 0.333333 14.6596 
-2.66667 0.4 15.6965 
-2.66667 0.466667 17.9777 
-2.66667 0.533333 22.8496 
-2.66667 0.6 24.9666 
-2.66667 0.666667 16.9769 
-2.66667 0.733333 14.3609 
-2.66667 0.8 14.4684 
-2.66667 0.866667 17.2695 
-2.66667 0.933333 17.7923 
-2.66667 1 14.0437 
-2.66667 1.06667 16.7423 
-2.66667 1.13333 14.6839 
-2.66667 1.2 15.7938 
-2.66667 1.26667 14.2625 
-2.66667 1.33333 16.3126 
-2.66667 1.4 16.5322 
-2.66667 1.46667 16.2757 
-2.66667 1.53333 16.5531 
-2.66667 1.6 14.2062 
-2.66667 1.66667 16.7815 
-2.66667 1.73333 14.1153 
-2.66667 1.8 14.4205 
-2.66667 1.86667 17.055 
-2.66667 1.93333 14.268 
-2.66667 2 22.1997 
-2.6 -2 35.2228 
-2.6 -1.93333 35.2206 
-2.6 -1.86667 35.2176 
-2.6 -1.8 35.2135 
-2.6 -1.73333 35.2079 
-2.6 -1.66667 35.2004 
-2.6 -1.6 35.1901 
-2.6 -1.53333 35.1762 
-2.6 -1.46667 35.1573 
-2.6 -1.4 35.1315 
-2.6 -1.33333 35.0966 
-2.6 -1.26667 35.0491 
-2.6 -1.2 34.9847 
-2.6 -1.13333 34.8973 
-2.6 -1.06667 34.7787 
-2.6 -1 34.618 
-2.6 -0.933333 34.4006 
-2.6 -0.866667 34.1068 
-2.6 -0.8 33.7109 
-2.6 -0.733333 33.1794 
-2.6 -0.666667 32.4695 
-2.6 -0.6 31.5285 
-2.6 -0.533333 30.2956 
-2.6 -0.466667 28.7075 
-2.6 -0.4 26.7134 
-2.6 -0.333333 24.3023 
-2.6 -0.266667 21.5426 
-2.6 -0.2 18.619 
-2.6 -0.133333 15.8336 
-2.6 -0.0666667 13.5392 
-2.6 -4.16334e-16 12.0216 
-2.6 0.0666667 11.4075 
-2.6 0.133333 11.659 
-2.6 0.2 12.6039 
-2.6 0.266667 13.8232 
-2.6 0.333333 14.6883 
-2.6 0.4 15.2941 
-2.6 0.466667 16.8133 
-2.6 0.533333 21.2731 
-2.6 0.6 23.7357 
-2.6 0.666667 15.6138 
-2.6 0.733333 13.9224 
-2.6 0.8 13.8867 
-2.6 0.866667 15.5652 
-2.6 0.933333 16.3585 
-2.6 1 13.3461 
-2.6 1.06667 15.198 
-2.6 1.13333 13.6095 
-2.6 1.2 14.3672 
-2.6 1.26667 13.2713 
-2.6 1.33333 14.9376 
-2.6 1.4 15.1147 
-2.6 1.46667 14.9032 
-2.6 1.53333 15.1993 
-2.6 1.6 12.9769 
-2.6 1.66667 15.5461 
-2.6 1.73333 12.9487 
-2.6 1.8 13.3256 
-2.6 1.86667 15.487 
-2.6 1.93333 13.3597 
-2.6 2 20.692 
-2.53333 -2 35.2218 
-2.53333 -1.93333 35.2192 
-2.53333 -1.86667 35.2157 
-2.53333 -1.8 35.2109 
-2.53333 -1.73333 35.2044 
-2.53333 -1.66667 35.1957 
-2.53333 -1.6 35.1837 
-2.53333 -1.53333 35.1675 
-2.53333 -1.46667 35.1454 
-2.53333 -1.4 35.1154 
-2.53333 -1.33333 35.0747 
-2.53333 -1.26667 35.0193 
-2.53333 -1.2 34.9442 
-2.53333 -1.13333 34.8423 
-2.53333 -1.06667 34.7042 
-2.53333 -1 34.517 
-2.53333 -0.933333 34.2638 
-2.53333 -0.866667 33.9219 
-2.53333 -0.8 33.4617 
-2.53333 -0.733333 32.8446 
-2.53333 -0.666667 32.0222 
-2.53333 -0.6 30.9362 
-2.53333 -0.533333 29.5212 
-2.53333 -0.466667 27.7151 
-2.53333 -0.4 25.4793 
-2.53333 -0.333333 22.8344 
-2.53333 -0.266667 19.904 
-2.53333 -0.2 16.9427 
-2.53333 -0.133333 14.3059 
-2.53333 -0.0666667 12.3458 
-2.53333 -4.16334e-16 11.2801 
-2.53333 0.0666667 11.1301 
-2.53333 0.133333 11.7664 
-2.53333 0.2 12.9682 
-2.53333 0.266667 14.2912 
-2.53333 0.333333 15.0466 
-2.53333 0.4 15.2057 
-2.53333 0.466667 15.8252 
-2.53333 0.533333 19.6179 
-2.53333 0.6 22.4737 
-2.53333 0.666667 14.4607 
-2.53333 0.733333 13.8233 
-2.53333 0.8 13.6247 
-2.53333 0.866667 13.9682 
-2.53333 0.933333 15.0927 
-2.53333 1 12.9719 
-2.53333 1.06667 13.8189 
-2.53333 1.13333 12.8198 
-2.53333 1.2 13.1507 
-2.53333 1.26667 12.5783 
-2.53333 1.33333 13.7732 
-2.53333 1.4 13.8936 
-2.53333 1.46667 13.7389 
-2.53333 1.53333 14.0493 
-2.53333 1.6 12.0289 
-2.53333 1.66667 14.5209 
-2.53333 1.73333 12.0681 
-2.53333 1.8 12.5243 
-2.53333 1.86667 14.0562 
-2.53333 1.93333 12.7616 
-2.53333 2 19.1781 
-2.46667 -2 35.2206 
-2.46667 -1.93333 35.2176 
-2.46667 -1.86667 35.2135 
-2.46667 -1.8 35.2079 
-2.46667 -1.73333 35.2004 
-2.46667 -1.66667 35.1901 
-2.46667 -1.6 35.1762 
-2.46667 -1.53333 35.1573 
-2.46667 -1.46667 35.1315 
-2.46667 -1.4 35.0966 
-2.46667 -1.33333 35.0491 
-2.46667 -1.26667 34.9846 
-2.46667 -1.2 34.8971 
-2.46667 -1.13333 34.7783 
-2.46667 -1.06667 34.6173 
-2.46667 -1 34.3994 
-2.46667 -0.933333 34.1046 
-2.46667 -0.866667 33.7069 
-2.46667 -0.8 33.1722 
-2.46667 -0.733333 32.4565 
-2.46667 -0.666667 31.5055 
-2.46667 -0.6 30.2553 
-2.46667 -0.533333 28.6384 
-2.46667 -0.466667 26.5983 
-2.46667 -0.4 24.118 
-2.46667 -0.333333 21.2632 
-2.46667 -0.266667 18.2261 
-2.46667 -0.2 15.3324 
-2.46667 -0.133333 12.9713 
-2.46667 -0.0666667 11.4579 
-2.46667 -4.16334e-16 10.9098 
-2.46667 0.0666667 11.2338 
-2.46667 0.133333 12.2266 
-2.46667 0.2 13.6468 
-2.46667 0.266667 15.0501 
-2.46667 0.333333 15.7061 
-2.46667 0.4 15.4406 
-2.46667 0.466667 15.0683 
-2.46667 0.533333 17.9248 
-2.46667 0.6 21.2232 
-2.46667 0.666667 13.5877 
-2.46667 0.733333 14.068 
-2.46667 0.8 13.7003 
-2.46667 0.866667 12.5562 
-2.46667 0.933333 14.0675 
-2.46667 1 12.9444 
-2.46667 1.06667 12.6798 
-2.46667 1.13333 12.3631 
-2.46667 1.2 12.2129 
-2.46667 1.26667 12.2257 
-2.46667 1.33333 12.8869 
-2.46667 1.4 12.9383 
-2.46667 1.46667 12.8493 
-2.46667 1.53333 13.1692 
-2.46667 1.6 11.4182 
-2.46667 1.66667 13.7659 
-2.46667 1.73333 11.5257 
-2.46667 1.8 12.0651 
-2.46667 1.86667 12.8352 
-2.46667 1.93333 12.5104 
-2.46667 2 17.7186 
-2.4 -2 35.2192 
-2.4 -1.93333 35.2157 
-2.4 -1.86667 35.2109 
-2.4 -1.8 35.2044 
-2.4 -1.73333 35.1956 
-2.4 -1.66667 35.1837 
-2.4 -1.6 35.1674 
-2.4 -1.53333 35.1454 
-2.4 -1.46667 35.1154 
-2.4 -1.4 35.0746 
-2.4 -1.33333 35.0193 
-2.4 -1.26667 34.9441 
-2.4 -1.2 34.8421 
-2.4 -1.13333 34.7037 
-2.4 -1.06667 34.5162 
-2.4 -1 34.2624 
-2.4 -0.933333 33.9194 
-2.4 -0.866667 33.457 
-2.4 -0.8 32.8362 
-2.4 -0.733333 32.0073 
-2.4 -0.666667 30.9099 
-2.4 -0.6 29.4757 
-2.4 -0.533333 27.638 
-2.4 -0.466667 25.3533 
-2.4 -0.4 22.638 
-2.4 -0.333333 19.6182 
-2.4 -0.266667 16.5638 
-2.4 -0.2 13.8623 
-2.4 -0.133333 11.9048 
-2.4 -0.0666667 10.9281 
-2.4 -4.16334e-16 10.9249 
-2.4 0.0666667 11.6948 
-2.4 0.133333 12.9893 
-2.4 0.2 14.5769 
-2.4 0.266667 16.0363 
-2.4 0.333333 16.6142 
-2.4 0.4 15.9835 
-2.4 0.466667 14.5901 
-2.4 0.533333 16.2482 
-2.4 0.6 20.0378 
-2.4 0.666667 13.0502 
-2.4 0.733333 14.6334 
-2.4 0.8 14.106 
-2.4 0.866667 11.4059 
-2.4 0.933333 13.347 
-2.4 1 13.2611 
-2.4 1.06667 11.8474 
-2.4 1.13333 12.2657 
-2.4 1.2 11.6096 
-2.4 1.26667 12.2327 
-2.4 1.33333 12.3327 
-2.4 1.4 12.3065 
-2.4 1.46667 12.2883 
-2.4 1.53333 12.6123 
-2.4 1.6 11.1789 
-2.4 1.66667 13.3282 
-2.4 1.73333 11.3516 
-2.4 1.8 11.973 
-2.4 1.86667 11.8925 
-2.4 1.93333 12.6181 
-2.4 2 16.3843 
-2.33333 -2 35.2176 
-2.33333 -1.93333 35.2135 
-2.33333 -1.86667 35.2079 
-2.33333 -1.8 35.2004 
-2.33333 -1.73333 35.1901 
-2.33333 -1.66667 35.1762 
-2.33333 -1.6 35.1573 
-2.33333 -1.53333 35.1315 
-2.33333 -1.46667 35.0965 
-2.33333 -1.4 35.049 
-2.33333 -1.33333 34.9845 
-2.33333 -1.26667 34.8969 
-2.33333 -1.2 34.7781 
-2.33333 -1.13333 34.6169 
-2.33333 -1.06667 34.3985 
-2.33333 -1 34.103 
-2.33333 -0.933333 33.704 
-2.33333 -0.866667 33.1668 
-2.33333 -0.8 32.4469 
-2.33333 -0.733333 31.4884 
-2.33333 -0.666667 30.2254 
-2.33333 -0.6 28.5872 
-2.33333 -0.533333 26.5131 
-2.33333 -0.466667 23.9818 
-2.33333 -0.4 21.0583 
-2.33333 -0.333333 17.9429 
-2.33333 -0.266667 14.9845 
-2.33333 -0.2 12.6102 
-2.33333 -0.133333 11.1698 
-2.33333 -0.0666667 10.783 
-2.33333 -4.16334e-16 11.3079 
-2.33333 0.0666667 12.4604 
-2.33333 0.133333 13.9829 
-2.33333 0.2 15.6817 
-2.33333 0.266667 17.1741 
-2.33333 0.333333 17.7018 
-2.33333 0.4 16.7944 
-2.33333 0.466667 14.424 
-2.33333 0.533333 14.6548 
-2.33333 0.6 18.9798 
-2.33333 0.666667 12.8808 
-2.33333 0.733333 15.4707 
-2.33333 0.8 14.8082 
-2.33333 0.866667 10.583 
-2.33333 0.933333 12.9772 
-2.33333 1 13.8917 
-2.33333 1.06667 11.3709 
-2.33333 1.13333 12.5267 
-2.33333 1.2 11.3747 
-2.33333 1.26667 12.5904 
-2.33333 1.33333 12.143 
-2.33333 1.4 12.0355 
-2.33333 1.46667 12.0884 
-2.33333 1.53333 12.4118 
-2.33333 1.6 11.3165 
-2.33333 1.66667 13.2358 
-2.33333 1.73333 11.5474 
-2.33333 1.8 12.2446 
-2.33333 1.86667 11.2835 
-2.33333 1.93333 13.0682 
-2.33333 2 15.2503 
-2.26667 -2 35.2157 
-2.26667 -1.93333 35.2109 
-2.26667 -1.86667 35.2044 
-2.26667 -1.8 35.1956 
-2.26667 -1.73333 35.1837 
-2.26667 -1.66667 35.1674 
-2.26667 -1.6 35.1454 
-2.26667 -1.53333 35.1154 
-2.26667 -1.46667 35.0746 
-2.26667 -1.4 35.0192 
-2.26667 -1.33333 34.944 
-2.26667 -1.26667 34.8419 
-2.26667 -1.2 34.7034 
-2.26667 -1.13333 34.5157 
-2.26667 -1.06667 34.2614 
-2.26667 -1 33.9175 
-2.26667 -0.933333 33.4536 
-2.26667 -0.866667 32.8301 
-2.26667 -0.8 31.9963 
-2.26667 -0.733333 30.8904 
-2.26667 -0.666667 29.4419 
-2.26667 -0.6 27.581 
-2.26667 -0.533333 25.2601 
-2.26667 -0.466667 22.4935 
-2.26667 -0.4 19.41 
-2.26667 -0.333333 16.2942 
-2.26667 -0.266667 13.5639 
-2.26667 -0.2 11.6485 
-2.26667 -0.133333 10.8085 
-2.26667 -0.0666667 11.0182 
-2.26667 -4.16334e-16 12.011 
-2.26667 0.0666667 13.4573 
-2.26667 0.133333 15.1268 
-2.26667 0.2 16.8821 
-2.26667 0.266667 18.3874 
-2.26667 0.333333 18.8937 
-2.26667 0.4 17.8132 
-2.26667 0.466667 14.5838 
-2.26667 0.533333 13.2196 
-2.26667 0.6 18.1145 
-2.26667 0.666667 13.082 
-2.26667 0.733333 16.512 
-2.26667 0.8 15.75 
-2.26667 0.866667 10.1335 
-2.26667 0.933333 12.9778 
-2.26667 1 14.7814 
-2.26667 1.06667 11.274 
-2.26667 1.13333 13.1157 
-2.26667 1.2 11.5142 
-2.26667 1.26667 13.2615 
-2.26667 1.33333 12.322 
-2.26667 1.4 12.1358 
-2.26667 1.46667 12.2553 
-2.26667 1.53333 12.5745 
-2.26667 1.6 11.8056 
-2.26667 1.66667 13.4908 
-2.26667 1.73333 12.0849 
-2.26667 1.8 12.8465 
-2.26667 1.86667 11.0428 
-2.26667 1.93333 13.8164 
-2.26667 2 14.3878 
-2.2 -2 35.2135 
-2.2 -1.93333 35.2079 
-2.2 -1.86667 35.2004 
-2.2 -1.8 35.1901 
-2.2 -1.73333 35.1762 
-2.2 -1.66667 35.1572 
-2.2 -1.6 35.1315 
-2.2 -1.53333 35.0965 
-2.2 -1.46667 35.049 
-2.2 -1.4 34.9845 
-2.2 -1.33333 34.8968 
-2.2 -1.26667 34.7779 
-2.2 -1.2 34.6165 
-2.2 -1.13333 34.3978 
-2.2 -1.06667 34.1018 
-2.2 -1 33.7018 
-2.2 -0.933333 33.1629 
-2.2 -0.866667 32.4398 
-2.2 -0.8 31.4758 
-2.2 -0.733333 30.2034 
-2.2 -0.666667 28.5494 
-2.2 -0.6 26.4501 
-2.2 -0.533333 23.8814 
-2.2 -0.466667 20.9081 
-2.2 -0.4 17.7382 
-2.2 -0.333333 14.7415 
-2.2 -0.266667 12.3793 
-2.2 -0.2 11.0346 
-2.2 -0.133333 10.8343 
-2.2 -0.0666667 11.5973 
-2.2 -4.16334e-16 12.9638 
-2.2 0.0666667 14.6034 
-2.2 0.133333 16.3424 
-2.2 0.2 18.1075 
-2.2 0.266667 19.6094 
-2.2 0.333333 20.1193 
-2.2 0.4 18.9683 
-2.2 0.466667 15.0594 
-2.2 0.533333 12.0194 
-2.2 0.6 17.5036 
-2.2 0.666667 13.6253 
-2.2 0.733333 17.6809 
-2.2 0.8 16.8597 
-2.2 0.866667 10.0756 
-2.2 0.933333 13.3381 
-2.2 1 15.8585 
-2.2 1.06667 11.55 
-2.2 1.13333 13.9769 
-2.2 1.2 12.0032 
-2.2 1.26667 14.1851 
-2.2 1.33333 12.8435 
-2.2 1.4 12.5873 
-2.2 1.46667 12.7644 
-2.2 1.53333 13.0776 
-2.2 1.6 12.5926 
-2.2 1.66667 14.0678 
-2.2 1.73333 12.9086 
-2.2 1.8 13.7196 
-2.2 1.86667 11.1765 
-2.2 1.93333 14.7969 
-2.2 2 13.8546 
-2.13333 -2 35.2109 
-2.13333 -1.93333 35.2044 
-2.13333 -1.86667 35.1956 
-2.13333 -1.8 35.1837 
-2.13333 -1.73333 35.1674 
-2.13333 -1.66667 35.1454 
-2.13333 -1.6 35.1154 
-2.13333 -1.53333 35.0746 
-2.13333 -1.46667 35.0192 
-2.13333 -1.4 34.944 
-2.13333 -1.33333 34.8418 
-2.13333 -1.26667 34.7032 
-2.13333 -1.2 34.5153 
-2.13333 -1.13333 34.2606 
-2.13333 -1.06667 33.9161 
-2.13333 -1 33.4511 
-2.13333 -0.933333 32.8255 
-2.13333 -0.866667 31.9882 
-2.13333 -0.8 30.8761 
-2.13333 -0.733333 29.417 
-2.13333 -0.666667 27.5388 
-2.13333 -0.6 25.1914 
-2.13333 -0.533333 22.3872 
-2.13333 -0.466667 19.2582 
-2.13333 -0.4 16.1015 
-2.13333 -0.333333 13.3612 
-2.13333 -0.266667 11.5004 
-2.13333 -0.2 10.8023 
-2.13333 -0.133333 11.2284 
-2.13333 -0.0666667 12.4575 
-2.13333 -4.16334e-16 14.0843 
-2.13333 0.0666667 15.8198 
-2.13333 0.133333 17.5631 
-2.13333 0.2 19.3021 
-2.13333 0.266667 20.7888 
-2.13333 0.333333 21.3207 
-2.13333 0.4 20.1869 
-2.13333 0.466667 15.8153 
-2.13333 0.533333 11.124 
-2.13333 0.6 17.1963 
-2.13333 0.666667 14.4544 
-2.13333 0.733333 18.9033 
-2.13333 0.8 18.0618 
-2.13333 0.866667 10.3954 
-2.13333 0.933333 14.0171 
-2.13333 1 17.0459 
-2.13333 1.06667 12.1612 
-2.13333 1.13333 15.0368 
-2.13333 1.2 12.7892 
-2.13333 1.26667 15.2854 
-2.13333 1.33333 13.654 
-2.13333 1.4 13.3416 
-2.13333 1.46667 13.564 
-2.13333 1.53333 13.871 
-2.13333 1.6 13.6039 
-2.13333 1.66667 14.9158 
-2.13333 1.73333 13.9444 
-2.13333 1.8 14.7882 
-2.13333 1.86667 11.6606 
-2.13333 1.93333 15.932 
-2.13333 2 13.6852 
-2.06667 -2 35.2079 
-2.06667 -1.93333 35.2004 
-2.06667 -1.86667 35.1901 
-2.06667 -1.8 35.1762 
-2.06667 -1.73333 35.1572 
-2.06667 -1.66667 35.1315 
-2.06667 -1.6 35.0965 
-2.06667 -1.53333 35.049 
-2.06667 -1.46667 34.9844 
-2.06667 -1.4 34.8968 
-2.06667 -1.33333 34.7777 
-2.06667 -1.26667 34.6162 
-2.06667 -1.2 34.3973 
-2.06667 -1.13333 34.1009 
-2.06667 -1.06667 33.7002 
-2.06667 -1 33.16 
-2.06667 -0.933333 32.4346 
-2.06667 -0.866667 31.4665 
-2.06667 -0.8 30.1871 
-2.06667 -0.733333 28.5215 
-2.06667 -0.666667 26.4036 
-2.06667 -0.6 23.8075 
-2.06667 -0.533333 20.798 
-2.06667 -0.466667 17.5898 
-2.06667 -0.4 14.5704 
-2.06667 -0.333333 12.2297 
-2.06667 -0.266667 10.9798 
-2.06667 -0.2 10.9544 
-2.06667 -0.133333 11.9415 
-2.06667 -0.0666667 13.5197 
-2.06667 -4.16334e-16 15.2915 
-2.06667 0.0666667 17.0399 
-2.06667 0.133333 18.7388 
-2.06667 0.2 20.4275 
-2.06667 0.266667 21.8912 
-2.06667 0.333333 22.4567 
-2.06667 0.4 21.4053 
-2.06667 0.466667 16.7946 
-2.06667 0.533333 10.5863 
-2.06667 0.6 17.2208 
-2.06667 0.666667 15.4943 
-2.06667 0.733333 20.1169 
-2.06667 0.8 19.287 
-2.06667 0.866667 11.0481 
-2.06667 0.933333 14.9496 
-2.06667 1 18.2712 
-2.06667 1.06667 13.0444 
-2.06667 1.13333 16.216 
-2.06667 1.2 13.7993 
-2.06667 1.26667 16.4838 
-2.06667 1.33333 14.6806 
-2.06667 1.4 14.3287 
-2.06667 1.46667 14.5825 
-2.06667 1.53333 14.8845 
-2.06667 1.6 14.7579 
-2.06667 1.66667 15.965 
-2.06667 1.73333 15.1115 
-2.06667 1.8 15.972 
-2.06667 1.86667 12.4427 
-2.06667 1.93333 17.1444 
-2.06667 2 13.8845 
-2 -2 35.2044 
-2 -1.93333 35.1956 
-2 -1.86667 35.1837 
-2 -1.8 35.1674 
-2 -1.73333 35.1454 
-2 -1.66667 35.1153 
-2 -1.6 35.0746 
-2 -1.53333 35.0192 
-2 -1.46667 34.9439 
-2 -1.4 34.8417 
-2 -1.33333 34.7031 
-2 -1.26667 34.5149 
-2 -1.2 34.26 
-2 -1.13333 33.9151 
-2 -1.06667 33.4493 
-2 -1 32.8222 
-2 -0.933333 31.9822 
-2 -0.866667 30.8655 
-2 -0.8 29.3987 
-2 -0.733333 27.5078 
-2 -0.666667 25.1407 
-2 -0.6 22.309 
-2 -0.533333 19.1472 
-2 -0.466667 15.963 
-2 -0.4 13.2217 
-2 -0.333333 11.4147 
-2 -0.266667 10.8441 
-2 -0.2 11.4615 
-2 -0.133333 12.902 
-2 -0.0666667 14.7008 
-2 -4.16334e-16 16.5157 
-2 0.0666667 18.2143 
-2 0.133333 19.8366 
-2 0.2 21.461 
-2 0.266667 22.8973 
-2 0.333333 23.5019 
-2 0.4 22.5742 
-2 0.466667 17.9264 
-2 0.533333 10.434 
-2 0.6 17.5782 
-2 0.666667 16.6637 
-2 0.733333 21.2755 
-2 0.8 20.48 
-2 0.866667 11.9648 
-2 0.933333 16.0568 
-2 1 19.4757 
-2 1.06667 14.1209 
-2 1.13333 17.4404 
-2 1.2 14.9525 
-2 1.26667 17.7093 
-2 1.33333 15.8426 
-2 1.4 15.4686 
-2 1.46667 15.74 
-2 1.53333 16.039 
-2 1.6 15.9767 
-2 1.66667 17.1382 
-2 1.73333 16.3336 
-2 1.8 17.197 
-2 1.86667 13.4502 
-2 1.93333 18.3668 
-2 2 14.4253 
-1.93333 -2 35.2004 
-1.93333 -1.93333 35.1901 
-1.93333 -1.86667 35.1762 
-1.93333 -1.8 35.1572 
-1.93333 -1.73333 35.1315 
-1.93333 -1.66667 35.0965 
-1.93333 -1.6 35.049 
-1.93333 -1.53333 34.9844 
-1.93333 -1.46667 34.8967 
-1.93333 -1.4 34.7776 
-1.93333 -1.33333 34.6161 
-1.93333 -1.26667 34.397 
-1.93333 -1.2 34.1003 
-1.93333 -1.13333 33.699 
-1.93333 -1.06667 33.1578 
-1.93333 -1 32.4307 
-1.93333 -0.933333 31.4597 
-1.93333 -0.866667 30.1751 
-1.93333 -0.8 28.5009 
-1.93333 -0.733333 26.3693 
-1.93333 -0.666667 23.753 
-1.93333 -0.6 20.7173 
-1.93333 -0.533333 17.4819 
-1.93333 -0.466667 14.4489 
-1.93333 -0.4 12.1313 
-1.93333 -0.333333 10.9646 
-1.93333 -0.266667 11.0883 
-1.93333 -0.2 12.2657 
-1.93333 -0.133333 14.0272 
-1.93333 -0.0666667 15.9255 
-1.93333 -4.16334e-16 17.7033 
-1.93333 0.0666667 19.3104 
-1.93333 0.133333 20.8386 
-1.93333 0.2 22.3924 
-1.93333 0.266667 23.7996 
-1.93333 0.333333 24.4443 
-1.93333 0.4 23.6613 
-1.93333 0.466667 19.1372 
-1.93333 0.533333 10.6631 
-1.93333 0.6 18.2401 
-1.93333 0.666667 17.8863 
-1.93333 0.733333 22.3497 
-1.93333 0.8 21.6025 
-1.93333 0.866667 13.0635 
-1.93333 0.933333 17.2584 
-1.93333 1 20.617 
-1.93333 1.06667 15.3089 
-1.93333 1.13333 18.6493 
-1.93333 1.2 16.171 
-1.93333 1.26667 18.9057 
-1.93333 1.33333 17.0635 
-1.93333 1.4 16.6828 
-1.93333 1.46667 16.9597 
-1.93333 1.53333 17.2578 
-1.93333 1.6 17.1949 
-1.93333 1.66667 18.3616 
-1.93333 1.73333 17.5477 
-1.93333 1.8 18.4035 
-1.93333 1.86667 14.602 
-1.93333 1.93333 19.5475 
-1.93333 2 15.2522 
-1.86667 -2 35.1956 
-1.86667 -1.93333 35.1837 
-1.86667 -1.86667 35.1674 
-1.86667 -1.8 35.1454 
-1.86667 -1.73333 35.1153 
-1.86667 -1.66667 35.0746 
-1.86667 -1.6 35.0191 
-1.86667 -1.53333 34.9439 
-1.86667 -1.46667 34.8417 
-1.86667 -1.4 34.7029 
-1.86667 -1.33333 34.5147 
-1.86667 -1.26667 34.2596 
-1.86667 -1.2 33.9143 
-1.86667 -1.13333 33.4479 
-1.86667 -1.06667 32.8197 
-1.86667 -1 31.9778 
-1.86667 -0.933333 30.8577 
-1.86667 -0.866667 29.3851 
-1.86667 -0.8 27.4848 
-1.86667 -0.733333 25.1034 
-1.86667 -0.666667 22.2516 
-1.86667 -0.6 19.0661 
-1.86667 -0.533333 15.8629 
-1.86667 -0.466667 13.1246 
-1.86667 -0.4 11.3647 
-1.86667 -0.333333 10.9006 
-1.86667 -0.266667 11.6755 
-1.86667 -0.2 13.2904 
-1.86667 -0.133333 15.2363 
-1.86667 -0.0666667 17.1334 
-1.86667 -4.16334e-16 18.8186 
-1.86667 0.0666667 20.3106 
-1.86667 0.133333 21.7377 
-1.86667 0.2 23.2204 
-1.86667 0.266667 24.5983 
-1.86667 0.333333 25.2817 
-1.86667 0.4 24.649 
-1.86667 0.466667 20.3603 
-1.86667 0.533333 11.2377 
-1.86667 0.6 19.1525 
-1.86667 0.666667 19.0995 
-1.86667 0.733333 23.324 
-1.86667 0.8 22.6315 
-1.86667 0.866667 14.2618 
-1.86667 0.933333 18.4836 
-1.86667 1 21.6694 
-1.86667 1.06667 16.5343 
-1.86667 1.13333 19.799 
-1.86667 1.2 17.3895 
-1.86667 1.26667 20.0339 
-1.86667 1.33333 18.2794 
-1.86667 1.4 17.9043 
-1.86667 1.46667 18.177 
-1.86667 1.53333 18.476 
-1.86667 1.6 18.3643 
-1.86667 1.66667 19.5733 
-1.86667 1.73333 18.7077 
-1.86667 1.8 19.5488 
-1.86667 1.86667 15.82 
-1.86667 1.93333 20.6521 
-1.86667 2 16.2906 
-1.8 -2 35.1901 
-1.8 -1.93333 35.1762 
-1.8 -1.86667 35.1572 
-1.8 -1.8 35.1315 
-1.8 -1.73333 35.0965 
-1.8 -1.66667 35.049 
-1.8 -1.6 34.9844 
-1.8 -1.53333 34.8967 
-1.8 -1.46667 34.7775 
-1.8 -1.4 34.6159 
-1.8 -1.33333 34.3967 
-1.8 -1.26667 34.0998 
-1.8 -1.2 33.6982 
-1.8 -1.13333 33.1563 
-1.8 -1.06667 32.4279 
-1.8 -1 31.4546 
-1.8 -0.933333 30.1662 
-1.8 -0.866667 28.4857 
-1.8 -0.8 26.3441 
-1.8 -0.733333 23.7129 
-1.8 -0.666667 20.658 
-1.8 -0.6 17.4033 
-1.8 -0.533333 14.362 
-1.8 -0.466667 12.0654 
-1.8 -0.4 10.9674 
-1.8 -0.333333 11.2118 
-1.8 -0.266667 12.5421 
-1.8 -0.2 14.4521 
-1.8 -0.133333 16.4599 
-1.8 -0.0666667 18.2814 
-1.8 -4.16334e-16 19.8408 
-1.8 0.0666667 21.2082 
-1.8 0.133333 22.5345 
-1.8 0.2 23.9489 
-1.8 0.266667 25.299 
-1.8 0.333333 26.0178 
-1.8 0.4 25.531 
-1.8 0.466667 21.5432 
-1.8 0.533333 12.0947 
-1.8 0.6 20.2441 
-1.8 0.666667 20.2577 
-1.8 0.733333 24.1938 
-1.8 0.8 23.5571 
-1.8 0.866667 15.4873 
-1.8 0.933333 19.6771 
-1.8 1 22.6202 
-1.8 1.06667 17.7382 
-1.8 1.13333 20.8622 
-1.8 1.2 18.5594 
-1.8 1.26667 21.0706 
-1.8 1.33333 19.4432 
-1.8 1.4 19.0823 
-1.8 1.46667 19.3441 
-1.8 1.53333 19.6451 
-1.8 1.6 19.4536 
-1.8 1.66667 20.7283 
-1.8 1.73333 19.7845 
-1.8 1.8 20.6066 
-1.8 1.86667 17.0389 
-1.8 1.93333 21.6612 
-1.8 2 17.4592 
-1.73333 -2 35.1837 
-1.73333 -1.93333 35.1674 
-1.73333 -1.86667 35.1453 
-1.73333 -1.8 35.1153 
-1.73333 -1.73333 35.0745 
-1.73333 -1.66667 35.0191 
-1.73333 -1.6 34.9438 
-1.73333 -1.53333 34.8416 
-1.73333 -1.46667 34.7028 
-1.73333 -1.4 34.5146 
-1.73333 -1.33333 34.2593 
-1.73333 -1.26667 33.9138 
-1.73333 -1.2 33.4469 
-1.73333 -1.13333 32.8179 
-1.73333 -1.06667 31.9745 
-1.73333 -1 30.852 
-1.73333 -0.933333 29.3751 
-1.73333 -0.866667 27.468 
-1.73333 -0.8 25.0759 
-1.73333 -0.733333 22.2093 
-1.73333 -0.666667 19.0066 
-1.73333 -0.6 15.7904 
-1.73333 -0.533333 13.0562 
-1.73333 -0.466667 11.3353 
-1.73333 -0.4 10.9562 
-1.73333 -0.333333 11.8559 
-1.73333 -0.266667 13.6085 
-1.73333 -0.2 15.673 
-1.73333 -0.133333 17.6453 
-1.73333 -0.0666667 19.3431 
-1.73333 -4.16334e-16 20.7612 
-1.73333 0.0666667 22.0038 
-1.73333 0.133333 23.2345 
-1.73333 0.2 24.5854 
-1.73333 0.266667 25.9095 
-1.73333 0.333333 26.66 
-1.73333 0.4 26.3089 
-1.73333 0.466667 22.65 
-1.73333 0.533333 13.155 
-1.73333 0.6 21.4382 
-1.73333 0.666667 21.3322 
-1.73333 0.733333 24.9612 
-1.73333 0.8 24.3781 
-1.73333 0.866667 16.6837 
-1.73333 0.933333 20.801 
-1.73333 1 23.4666 
-1.73333 1.06667 18.8793 
-1.73333 1.13333 21.8253 
-1.73333 1.2 19.6494 
-1.73333 1.26667 22.0052 
-1.73333 1.33333 20.525 
-1.73333 1.4 20.1833 
-1.73333 1.46667 20.4301 
-1.73333 1.53333 20.7337 
-1.73333 1.6 20.446 
-1.73333 1.66667 21.7979 
-1.73333 1.73333 20.7629 
-1.73333 1.8 21.5642 
-1.73333 1.86667 18.2097 
-1.73333 1.93333 22.5669 
-1.73333 2 18.6817 
-1.66667 -2 35.1762 
-1.66667 -1.93333 35.1572 
-1.66667 -1.86667 35.1315 
-1.66667 -1.8 35.0965 
-1.66667 -1.73333 35.049 
-1.66667 -1.66667 34.9844 
-1.66667 -1.6 34.8966 
-1.66667 -1.53333 34.7775 
-1.66667 -1.46667 34.6158 
-1.66667 -1.4 34.3965 
-1.66667 -1.33333 34.0994 
-1.66667 -1.26667 33.6975 
-1.66667 -1.2 33.1551 
-1.66667 -1.13333 32.4258 
-1.66667 -1.06667 31.4509 
-1.66667 -1 30.1597 
-1.66667 -0.933333 28.4745 
-1.66667 -0.866667 26.3255 
-1.66667 -0.8 23.6834 
-1.66667 -0.733333 20.6144 
-1.66667 -0.666667 17.3459 
-1.66667 -0.6 14.2994 
-1.66667 -0.533333 12.0205 
-1.66667 -0.466667 10.9771 
-1.66667 -0.4 11.3162 
-1.66667 -0.333333 12.7656 
-1.66667 -0.266667 14.7918 
-1.66667 -0.2 16.8889 
-1.66667 -0.133333 18.7573 
-1.66667 -0.0666667 20.3056 
-1.66667 -4.16334e-16 21.5792 
-1.66667 0.0666667 22.7029 
-1.66667 0.133333 23.8452 
-1.66667 0.2 25.1385 
-1.66667 0.266667 26.4389 
-1.66667 0.333333 27.2172 
-1.66667 0.4 26.9889 
-1.66667 0.466667 23.6602 
-1.66667 0.533333 14.3352 
-1.66667 0.6 22.6639 
-1.66667 0.666667 22.3082 
-1.66667 0.733333 25.6326 
-1.66667 0.8 25.099 
-1.66667 0.866667 17.8126 
-1.66667 0.933333 21.833 
-1.66667 1 24.2119 
-1.66667 1.06667 19.9323 
-1.66667 1.13333 22.6845 
-1.66667 1.2 20.6424 
-1.66667 1.26667 22.836 
-1.66667 1.33333 21.5087 
-1.66667 1.4 21.1887 
-1.66667 1.46667 21.4184 
-1.66667 1.53333 21.7248 
-1.66667 1.6 21.3355 
-1.66667 1.66667 22.7674 
-1.66667 1.73333 21.6378 
-1.66667 1.8 22.4183 
-1.66667 1.86667 19.301 
-1.66667 1.93333 23.3695 
-1.66667 2 19.8952 
-1.6 -2 35.1674 
-1.6 -1.93333 35.1453 
-1.6 -1.86667 35.1153 
-1.6 -1.8 35.0745 
-1.6 -1.73333 35.0191 
-1.6 -1.66667 34.9438 
-1.6 -1.6 34.8416 
-1.6 -1.53333 34.7028 
-1.6 -1.46667 34.5144 
-1.6 -1.4 34.2591 
-1.6 -1.33333 33.9134 
-1.6 -1.26667 33.4462 
-1.6 -1.2 32.8166 
-1.6 -1.13333 31.9721 
-1.6 -1.06667 30.8477 
-1.6 -1 29.3678 
-1.6 -0.933333 27.4555 
-1.6 -0.866667 25.0556 
-1.6 -0.8 22.1782 
-1.6 -0.733333 18.963 
-1.6 -0.666667 15.7376 
-1.6 -0.6 13.0077 
-1.6 -0.533333 11.3176 
-1.6 -0.466667 11.0049 
-1.6 -0.4 12.001 
-1.6 -0.333333 13.8597 
-1.6 -0.266667 16.0168 
-1.6 -0.2 18.0529 
-1.6 -0.133333 19.7758 
-1.6 -0.0666667 21.1652 
-1.6 -4.16334e-16 22.2992 
-1.6 0.0666667 23.3131 
-1.6 0.133333 24.3757 
-1.6 0.2 25.6174 
-1.6 0.266667 26.8964 
-1.6 0.333333 27.6989 
-1.6 0.4 27.5797 
-1.6 0.466667 24.5656 
-1.6 0.533333 15.5598 
-1.6 0.6 23.8637 
-1.6 0.666667 23.1808 
-1.6 0.733333 26.2166 
-1.6 0.8 25.7274 
-1.6 0.866667 18.851 
-1.6 0.933333 22.7632 
-1.6 1 24.8631 
-1.6 1.06667 20.8851 
-1.6 1.13333 23.4426 
-1.6 1.2 21.5324 
-1.6 1.26667 23.5672 
-1.6 1.33333 22.3891 
-1.6 1.4 22.0912 
-1.6 1.46667 22.3033 
-1.6 1.53333 22.6124 
-1.6 1.6 22.1232 
-1.6 1.66667 23.6324 
-1.6 1.73333 22.4113 
-1.6 1.8 23.1718 
-1.6 1.86667 20.2955 
-1.6 1.93333 24.0741 
-1.6 2 21.0541 
-1.53333 -2 35.1572 
-1.53333 -1.93333 35.1315 
-1.53333 -1.86667 35.0965 
-1.53333 -1.8 35.0489 
-1.53333 -1.73333 34.9843 
-1.53333 -1.66667 34.8966 
-1.53333 -1.6 34.7774 
-1.53333 -1.53333 34.6157 
-1.53333 -1.46667 34.3964 
-1.53333 -1.4 34.0992 
-1.53333 -1.33333 33.697 
-1.53333 -1.26667 33.1543 
-1.53333 -1.2 32.4243 
-1.53333 -1.13333 31.4482 
-1.53333 -1.06667 30.1549 
-1.53333 -1 28.4663 
-1.53333 -0.933333 26.3118 
-1.53333 -0.866667 23.6617 
-1.53333 -0.8 20.5824 
-1.53333 -0.733333 17.3039 
-1.53333 -0.666667 14.2542 
-1.53333 -0.6 11.9895 
-1.53333 -0.533333 10.9885 
-1.53333 -0.466667 11.4003 
-1.53333 -0.4 12.9407 
-1.53333 -0.333333 15.0559 
-1.53333 -0.266667 17.2235 
-1.53333 -0.2 19.1353 
-1.53333 -0.133333 20.6924 
-1.53333 -0.0666667 21.9246 
-1.53333 -4.16334e-16 22.9286 
-1.53333 0.0666667 23.8432 
-1.53333 0.133333 24.8348 
-1.53333 0.2 26.0309 
-1.53333 0.266667 27.2909 
-1.53333 0.333333 28.1142 
-1.53333 0.4 28.0907 
-1.53333 0.466667 25.3661 
-1.53333 0.533333 16.7681 
-1.53333 0.6 24.9972 
-1.53333 0.666667 23.9523 
-1.53333 0.733333 26.7222 
-1.53333 0.8 26.2726 
-1.53333 0.866667 19.7886 
-1.53333 0.933333 23.5904 
-1.53333 1 25.4291 
-1.53333 1.06667 21.7348 
-1.53333 1.13333 24.1062 
-1.53333 1.2 22.3205 
-1.53333 1.26667 24.2059 
-1.53333 1.33333 23.1677 
-1.53333 1.4 22.8912 
-1.53333 1.46667 23.0861 
-1.53333 1.53333 23.3977 
-1.53333 1.6 22.8147 
-1.53333 1.66667 24.3956 
-1.53333 1.73333 23.0895 
-1.53333 1.8 23.8313 
-1.53333 1.86667 21.187 
-1.53333 1.93333 24.6886 
-1.53333 2 22.1294 
-1.46667 -2 35.1453 
-1.46667 -1.93333 35.1153 
-1.46667 -1.86667 35.0745 
-1.46667 -1.8 35.0191 
-1.46667 -1.73333 34.9438 
-1.46667 -1.66667 34.8416 
-1.46667 -1.6 34.7027 
-1.46667 -1.53333 34.5143 
-1.46667 -1.46667 34.2589 
-1.46667 -1.4 33.9131 
-1.46667 -1.33333 33.4456 
-1.46667 -1.26667 32.8156 
-1.46667 -1.2 31.9704 
-1.46667 -1.13333 30.8446 
-1.46667 -1.06667 29.3624 
-1.46667 -1 27.4464 
-1.46667 -0.933333 25.0408 
-1.46667 -0.866667 22.1554 
-1.46667 -0.8 18.931 
-1.46667 -0.733333 15.6991 
-1.46667 -0.666667 12.9729 
-1.46667 -0.6 11.3068 
-1.46667 -0.533333 11.0449 
-1.46667 -0.466667 12.1143 
-1.46667 -0.4 14.0535 
-1.46667 -0.333333 16.2815 
-1.46667 -0.266667 18.3694 
-1.46667 -0.2 20.1204 
-1.46667 -0.133333 21.5068 
-1.46667 -0.0666667 22.5902 
-1.46667 -4.16334e-16 23.476 
-1.46667 0.0666667 24.3021 
-1.46667 0.133333 25.2312 
-1.46667 0.2 26.3873 
-1.46667 0.266667 27.6304 
-1.46667 0.333333 28.4715 
-1.46667 0.4 28.5313 
-1.46667 0.466667 26.0673 
-1.46667 0.533333 17.917 
-1.46667 0.6 26.0397 
-1.46667 0.666667 24.6287 
-1.46667 0.733333 27.1588 
-1.46667 0.8 26.7436 
-1.46667 0.866667 20.6236 
-1.46667 0.933333 24.3186 
-1.46667 1 25.9189 
-1.46667 1.06667 22.4845 
-1.46667 1.13333 24.6836 
-1.46667 1.2 23.0123 
-1.46667 1.26667 24.7609 
-1.46667 1.33333 23.8506 
-1.46667 1.4 23.594 
-1.46667 1.46667 23.7728 
-1.46667 1.53333 24.0864 
-1.46667 1.6 23.418 
-1.46667 1.66667 25.0632 
-1.46667 1.73333 23.6805 
-1.46667 1.8 24.4053 
-1.46667 1.86667 21.9766 
-1.46667 1.93333 25.222 
-1.46667 2 23.1062 
-1.4 -2 35.1315 
-1.4 -1.93333 35.0965 
-1.4 -1.86667 35.0489 
-1.4 -1.8 34.9843 
-1.4 -1.73333 34.8966 
-1.4 -1.66667 34.7774 
-1.4 -1.6 34.6157 
-1.4 -1.53333 34.3963 
-1.4 -1.46667 34.099 
-1.4 -1.4 33.6967 
-1.4 -1.33333 33.1536 
-1.4 -1.26667 32.4231 
-1.4 -1.2 31.4462 
-1.4 -1.13333 30.1514 
-1.4 -1.06667 28.4602 
-1.4 -1 26.3017 
-1.4 -0.933333 23.6458 
-1.4 -0.866667 20.5589 
-1.4 -0.8 17.2731 
-1.4 -0.733333 14.2213 
-1.4 -0.666667 11.9678 
-1.4 -0.6 10.9991 
-1.4 -0.533333 11.4661 
-1.4 -0.466667 13.0753 
-1.4 -0.4 15.2577 
-1.4 -0.333333 17.4797 
-1.4 -0.266667 19.4286 
-1.4 -0.2 21.0027 
-1.4 -0.133333 22.2236 
-1.4 -0.0666667 23.1702 
-1.4 -4.16334e-16 23.9504 
-1.4 0.0666667 24.6985 
-1.4 0.133333 25.5728 
-1.4 0.2 26.6939 
-1.4 0.266667 27.9223 
-1.4 0.333333 28.7786 
-1.4 0.4 28.9104 
-1.4 0.466667 26.6773 
-1.4 0.533333 18.9799 
-1.4 0.6 26.9799 
-1.4 0.666667 25.2181 
-1.4 0.733333 27.535 
-1.4 0.8 27.1497 
-1.4 0.866667 21.3598 
-1.4 0.933333 24.9551 
-1.4 1 26.3416 
-1.4 1.06667 23.1411 
-1.4 1.13333 25.184 
-1.4 1.2 23.6157 
-1.4 1.26667 25.2414 
-1.4 1.33333 24.4458 
-1.4 1.4 24.2072 
-1.4 1.46667 24.3713 
-1.4 1.53333 24.6866 
-1.4 1.6 23.9418 
-1.4 1.66667 25.6439 
-1.4 1.73333 24.1932 
-1.4 1.8 24.9029 
-1.4 1.86667 22.6698 
-1.4 1.93333 25.6832 
-1.4 2 23.9798 
-1.33333 -2 35.1153 
-1.33333 -1.93333 35.0745 
-1.33333 -1.86667 35.0191 
-1.33333 -1.8 34.9438 
-1.33333 -1.73333 34.8415 
-1.33333 -1.66667 34.7027 
-1.33333 -1.6 34.5143 
-1.33333 -1.53333 34.2588 
-1.33333 -1.46667 33.9129 
-1.33333 -1.4 33.4452 
-1.33333 -1.33333 32.8149 
-1.33333 -1.26667 31.9691 
-1.33333 -1.2 30.8423 
-1.33333 -1.13333 29.3584 
-1.33333 -1.06667 27.4396 
-1.33333 -1 25.0298 
-1.33333 -0.933333 22.1386 
-1.33333 -0.866667 18.9076 
-1.33333 -0.8 15.6709 
-1.33333 -0.733333 12.9478 
-1.33333 -0.666667 11.3 
-1.33333 -0.6 11.0766 
-1.33333 -0.533333 12.2013 
-1.33333 -0.466667 14.2009 
-1.33333 -0.4 16.4825 
-1.33333 -0.333333 18.6111 
-1.33333 -0.266667 20.3884 
-1.33333 -0.2 21.7839 
-1.33333 -0.133333 22.8501 
-1.33333 -0.0666667 23.6735 
-1.33333 -4.16334e-16 24.3603 
-1.33333 0.0666667 25.0401 
-1.33333 0.133333 25.8668 
-1.33333 0.2 26.9576 
-1.33333 0.266667 28.173 
-1.33333 0.333333 29.0423 
-1.33333 0.4 29.2361 
-1.33333 0.466667 27.2055 
-1.33333 0.533333 19.9436 
-1.33333 0.6 27.8155 
-1.33333 0.666667 25.7294 
-1.33333 0.733333 27.8586 
-1.33333 0.8 27.4992 
-1.33333 0.866667 22.0042 
-1.33333 0.933333 25.5085 
-1.33333 1 26.7057 
-1.33333 1.06667 23.7128 
-1.33333 1.13333 25.6163 
-1.33333 1.2 24.1396 
-1.33333 1.26667 25.6562 
-1.33333 1.33333 24.9622 
-1.33333 1.4 24.7398 
-1.33333 1.46667 24.8906 
-1.33333 1.53333 25.2074 
-1.33333 1.6 24.3951 
-1.33333 1.66667 26.1469 
-1.33333 1.73333 24.6366 
-1.33333 1.8 25.3329 
-1.33333 1.86667 23.2744 
-1.33333 1.93333 26.0812 
-1.33333 2 24.7521 
-1.26667 -2 35.0965 
-1.26667 -1.93333 35.0489 
-1.26667 -1.86667 34.9843 
-1.26667 -1.8 34.8966 
-1.26667 -1.73333 34.7774 
-1.26667 -1.66667 34.6156 
-1.26667 -1.6 34.3962 
-1.26667 -1.53333 34.0988 
-1.26667 -1.46667 33.6964 
-1.26667 -1.4 33.1532 
-1.26667 -1.33333 32.4223 
-1.26667 -1.26667 31.4447 
-1.26667 -1.2 30.1488 
-1.26667 -1.13333 28.4557 
-1.26667 -1.06667 26.2943 
-1.26667 -1 23.634 
-1.26667 -0.933333 20.5416 
-1.26667 -0.866667 17.2505 
-1.26667 -0.8 14.1974 
-1.26667 -0.733333 11.9524 
-1.26667 -0.666667 11.0082 
-1.26667 -0.6 11.5167 
-1.26667 -0.533333 13.1774 
-1.26667 -0.466667 15.4102 
-1.26667 -0.4 17.6735 
-1.26667 -0.333333 19.6527 
-1.26667 -0.266667 21.2453 
-1.26667 -0.2 22.4697 
-1.26667 -0.133333 23.3949 
-1.26667 -0.0666667 24.1089 
-1.26667 -4.16334e-16 24.7138 
-1.26667 0.0666667 25.3343 
-1.26667 0.133333 26.1196 
-1.26667 0.2 27.184 
-1.26667 0.266667 28.3883 
-1.26667 0.333333 29.2686 
-1.26667 0.4 29.5157 
-1.26667 0.466667 27.6613 
-1.26667 0.533333 20.8045 
-1.26667 0.6 28.5504 
-1.26667 0.666667 26.1717 
-1.26667 0.733333 28.1366 
-1.26667 0.8 27.7995 
-1.26667 0.866667 22.5652 
-1.26667 0.933333 25.9878 
-1.26667 1 27.0189 
-1.26667 1.06667 24.2085 
-1.26667 1.13333 25.9891 
-1.26667 1.2 24.5929 
-1.26667 1.26667 26.0136 
-1.26667 1.33333 25.4088 
-1.26667 1.4 25.2007 
-1.26667 1.46667 25.3397 
-1.26667 1.53333 25.6577 
-1.26667 1.6 24.7864 
-1.26667 1.66667 26.5812 
-1.26667 1.73333 25.0192 
-1.26667 1.8 25.7037 
-1.26667 1.86667 23.7994 
-1.26667 1.93333 26.4239 
-1.26667 2 25.4292 
-1.2 -2 35.0745 
-1.2 -1.93333 35.0191 
-1.2 -1.86667 34.9438 
-1.2 -1.8 34.8415 
-1.2 -1.73333 34.7027 
-1.2 -1.66667 34.5142 
-1.2 -1.6 34.2587 
-1.2 -1.53333 33.9127 
-1.2 -1.46667 33.4449 
-1.2 -1.4 32.8143 
-1.2 -1.33333 31.9681 
-1.2 -1.26667 30.8406 
-1.2 -1.2 29.3555 
-1.2 -1.13333 27.4347 
-1.2 -1.06667 25.0217 
-1.2 -1 22.1262 
-1.2 -0.933333 18.8903 
-1.2 -0.866667 15.6503 
-1.2 -0.8 12.9296 
-1.2 -0.733333 11.2957 
-1.2 -0.666667 11.1012 
-1.2 -0.6 12.2671 
-1.2 -0.533333 14.3119 
-1.2 -0.466667 16.6337 
-1.2 -0.4 18.7938 
-1.2 -0.333333 20.5935 
-1.2 -0.266667 22.0021 
-1.2 -0.2 23.068 
-1.2 -0.133333 23.867 
-1.2 -0.0666667 24.4848 
-1.2 -4.16334e-16 25.0183 
-1.2 0.0666667 25.5872 
-1.2 0.133333 26.3369 
-1.2 0.2 27.3785 
-1.2 0.266667 28.573 
-1.2 0.333333 29.4627 
-1.2 0.4 29.7556 
-1.2 0.466667 28.0537 
-1.2 0.533333 21.5652 
-1.2 0.6 29.1919 
-1.2 0.666667 26.5534 
-1.2 0.733333 28.3754 
-1.2 0.8 28.0574 
-1.2 0.866667 23.0517 
-1.2 0.933333 26.4019 
-1.2 1 27.288 
-1.2 1.06667 24.6372 
-1.2 1.13333 26.31 
-1.2 1.2 24.9842 
-1.2 1.26667 26.3211 
-1.2 1.33333 25.7941 
-1.2 1.4 25.5985 
-1.2 1.46667 25.7272 
-1.2 1.53333 26.0461 
-1.2 1.6 25.1237 
-1.2 1.66667 26.9554 
-1.2 1.73333 25.3487 
-1.2 1.8 26.023 
-1.2 1.86667 24.2537 
-1.2 1.93333 26.7187 
-1.2 2 26.0193 
-1.13333 -2 35.0489 
-1.13333 -1.93333 34.9843 
-1.13333 -1.86667 34.8966 
-1.13333 -1.8 34.7774 
-1.13333 -1.73333 34.6156 
-1.13333 -1.66667 34.3961 
-1.13333 -1.6 34.0987 
-1.13333 -1.53333 33.6963 
-1.13333 -1.46667 33.1528 
-1.13333 -1.4 32.4217 
-1.13333 -1.33333 31.4436 
-1.13333 -1.26667 30.1469 
-1.13333 -1.2 28.4525 
-1.13333 -1.13333 26.2888 
-1.13333 -1.06667 23.6254 
-1.13333 -1 20.5289 
-1.13333 -0.933333 17.234 
-1.13333 -0.866667 14.1799 
-1.13333 -0.8 11.9414 
-1.13333 -0.733333 11.0156 
-1.13333 -0.666667 11.5551 
-1.13333 -0.6 13.2542 
-1.13333 -0.533333 15.5244 
-1.13333 -0.466667 17.819 
-1.13333 -0.4 19.822 
-1.13333 -0.333333 21.4316 
-1.13333 -0.266667 22.6654 
-1.13333 -0.2 23.5876 
-1.13333 -0.133333 24.275 
-1.13333 -0.0666667 24.8086 
-1.13333 -4.16334e-16 25.2802 
-1.13333 0.0666667 25.8047 
-1.13333 0.133333 26.5234 
-1.13333 0.2 27.5454 
-1.13333 0.266667 28.7315 
-1.13333 0.333333 29.6292 
-1.13333 0.4 29.9614 
-1.13333 0.466667 28.391 
-1.13333 0.533333 22.232 
-1.13333 0.6 29.7488 
-1.13333 0.666667 26.8821 
-1.13333 0.733333 28.5803 
-1.13333 0.8 28.2787 
-1.13333 0.866667 23.4723 
-1.13333 0.933333 26.7588 
-1.13333 1 27.5191 
-1.13333 1.06667 25.007 
-1.13333 1.13333 26.5859 
-1.13333 1.2 25.3213 
-1.13333 1.26667 26.5854 
-1.13333 1.33333 26.1261 
-1.13333 1.4 25.9414 
-1.13333 1.46667 26.061 
-1.13333 1.53333 26.3807 
-1.13333 1.6 25.414 
-1.13333 1.66667 27.2774 
-1.13333 1.73333 25.6323 
-1.13333 1.8 26.2977 
-1.13333 1.86667 24.6458 
-1.13333 1.93333 26.972 
-1.13333 2 26.5313 
-1.06667 -2 35.0191 
-1.06667 -1.93333 34.9438 
-1.06667 -1.86667 34.8415 
-1.06667 -1.8 34.7026 
-1.06667 -1.73333 34.5142 
-1.06667 -1.66667 34.2587 
-1.06667 -1.6 33.9126 
-1.06667 -1.53333 33.4447 
-1.06667 -1.46667 32.8139 
-1.06667 -1.4 31.9674 
-1.06667 -1.33333 30.8394 
-1.06667 -1.26667 29.3533 
-1.06667 -1.2 27.431 
-1.06667 -1.13333 25.0158 
-1.06667 -1.06667 22.1171 
-1.06667 -1 18.8776 
-1.06667 -0.933333 15.6352 
-1.06667 -0.866667 12.9164 
-1.06667 -0.8 11.2929 
-1.06667 -0.733333 11.1199 
-1.06667 -0.666667 12.3166 
-1.06667 -0.6 14.395 
-1.06667 -0.533333 16.7467 
-1.06667 -0.466667 18.9307 
-1.06667 -0.4 20.7487 
-1.06667 -0.333333 22.1706 
-1.06667 -0.266667 23.2434 
-1.06667 -0.2 24.0375 
-1.06667 -0.133333 24.6269 
-1.06667 -0.0666667 25.0874 
-1.06667 -4.16334e-16 25.5054 
-1.06667 0.0666667 25.9914 
-1.06667 0.133333 26.6836 
-1.06667 0.2 27.6887 
-1.06667 0.266667 28.8674 
-1.06667 0.333333 29.772 
-1.06667 0.4 30.1377 
-1.06667 0.466667 28.6806 
-1.06667 0.533333 22.8132 
-1.06667 0.6 30.2304 
-1.06667 0.666667 27.165 
-1.06667 0.733333 28.7562 
-1.06667 0.8 28.4686 
-1.06667 0.866667 23.8353 
-1.06667 0.933333 27.0662 
-1.06667 1 27.7175 
-1.06667 1.06667 25.3255 
-1.06667 1.13333 26.823 
-1.06667 1.2 25.6115 
-1.06667 1.26667 26.8125 
-1.06667 1.33333 26.4117 
-1.06667 1.4 26.2364 
-1.06667 1.46667 26.3481 
-1.06667 1.53333 26.6685 
-1.06667 1.6 25.6636 
-1.06667 1.66667 27.5541 
-1.06667 1.73333 25.876 
-1.06667 1.8 26.5337 
-1.06667 1.86667 24.9838 
-1.06667 1.93333 27.1896 
-1.06667 2 26.974 
-1 -2 34.9843 
-1 -1.93333 34.8966 
-1 -1.86667 34.7774 
-1 -1.8 34.6156 
-1 -1.73333 34.3961 
-1 -1.66667 34.0987 
-1 -1.6 33.6961 
-1 -1.53333 33.1526 
-1 -1.46667 32.4213 
-1 -1.4 31.4428 
-1 -1.33333 30.1455 
-1 -1.26667 28.45 
-1 -1.2 26.2848 
-1 -1.13333 23.619 
-1 -1.06667 20.5196 
-1 -1 17.2218 
-1 -0.933333 14.1671 
-1 -0.866667 11.9335 
-1 -0.8 11.0214 
-1 -0.733333 11.5839 
-1 -0.666667 13.3115 
-1 -0.6 15.6096 
-1 -0.533333 17.9275 
-1 -0.466667 19.9489 
-1 -0.4 21.573 
-1 -0.333333 22.8175 
-1 -0.266667 23.7448 
-1 -0.2 24.4259 
-1 -0.133333 24.9299 
-1 -0.0666667 25.3271 
-1 -4.16334e-16 25.6989 
-1 0.0666667 26.1518 
-1 0.133333 26.8211 
-1 0.2 27.8116 
-1 0.266667 28.984 
-1 0.333333 29.8944 
-1 0.4 30.2889 
-1 0.466667 28.9292 
-1 0.533333 23.3176 
-1 0.6 30.6457 
-1 0.666667 27.4082 
-1 0.733333 28.907 
-1 0.8 28.6315 
-1 0.866667 24.1481 
-1 0.933333 27.3304 
-1 1 27.8877 
-1 1.06667 25.5997 
-1 1.13333 27.0266 
-1 1.2 25.861 
-1 1.26667 27.0075 
-1 1.33333 26.6572 
-1 1.4 26.4901 
-1 1.46667 26.5949 
-1 1.53333 26.9158 
-1 1.6 25.8781 
-1 1.66667 27.7918 
-1 1.73333 26.0854 
-1 1.8 26.7364 
-1 1.86667 25.2746 
-1 1.93333 27.3764 
-1 2 27.3561 
-0.933333 -2 34.9438 
-0.933333 -1.93333 34.8415 
-0.933333 -1.86667 34.7026 
-0.933333 -1.8 34.5142 
-0.933333 -1.73333 34.2586 
-0.933333 -1.66667 33.9125 
-0.933333 -1.6 33.4445 
-0.933333 -1.53333 32.8137 
-0.933333 -1.46667 31.9669 
-0.933333 -1.4 30.8385 
-0.933333 -1.33333 29.3517 
-0.933333 -1.26667 27.4283 
-0.933333 -1.2 25.0114 
-0.933333 -1.13333 22.1104 
-0.933333 -1.06667 18.8683 
-0.933333 -1 15.6241 
-0.933333 -0.933333 12.9068 
-0.933333 -0.866667 11.291 
-0.933333 -0.8 11.134 
-0.933333 -0.733333 12.3536 
-0.933333 -0.666667 14.4568 
-0.933333 -0.6 16.8308 
-0.933333 -0.533333 19.0328 
-0.933333 -0.466667 20.8653 
-0.933333 -0.4 22.299 
-0.933333 -0.333333 23.3807 
-0.933333 -0.266667 24.1787 
-0.933333 -0.2 24.7608 
-0.933333 -0.133333 25.1907 
-0.933333 -0.0666667 25.5331 
-0.933333 -4.16334e-16 25.865 
-0.933333 0.0666667 26.2894 
-0.933333 0.133333 26.9391 
-0.933333 0.2 27.917 
-0.933333 0.266667 29.084 
-0.933333 0.333333 29.9993 
-0.933333 0.4 30.4185 
-0.933333 0.466667 29.1424 
-0.933333 0.533333 23.754 
-0.933333 0.6 31.0032 
-0.933333 0.666667 27.6172 
-0.933333 0.733333 29.0364 
-0.933333 0.8 28.7711 
-0.933333 0.866667 24.4173 
-0.933333 0.933333 27.5575 
-0.933333 1 28.0337 
-0.933333 1.06667 25.8353 
-0.933333 1.13333 27.2014 
-0.933333 1.2 26.0754 
-0.933333 1.26667 27.1748 
-0.933333 1.33333 26.8681 
-0.933333 1.4 26.7081 
-0.933333 1.46667 26.8069 
-0.933333 1.53333 27.1282 
-0.933333 1.6 26.0623 
-0.933333 1.66667 27.9958 
-0.933333 1.73333 26.2652 
-0.933333 1.8 26.9105 
-0.933333 1.86667 25.5247 
-0.933333 1.93333 27.5367 
-0.933333 2 27.6852 
-0.866667 -2 34.8965 
-0.866667 -1.93333 34.7774 
-0.866667 -1.86667 34.6156 
-0.866667 -1.8 34.3961 
-0.866667 -1.73333 34.0986 
-0.866667 -1.66667 33.696 
-0.866667 -1.6 33.1524 
-0.866667 -1.53333 32.4209 
-0.866667 -1.46667 31.4422 
-0.866667 -1.4 30.1444 
-0.866667 -1.33333 28.4483 
-0.866667 -1.26667 26.2819 
-0.866667 -1.2 23.6143 
-0.866667 -1.13333 20.5127 
-0.866667 -1.06667 17.2128 
-0.866667 -1 14.1577 
-0.866667 -0.933333 11.9278 
-0.866667 -0.866667 11.0258 
-0.866667 -0.8 11.6055 
-0.866667 -0.733333 13.3542 
-0.866667 -0.666667 15.6729 
-0.866667 -0.6 18.0082 
-0.866667 -0.533333 20.0436 
-0.866667 -0.466667 21.6794 
-0.866667 -0.4 22.934 
-0.866667 -0.333333 23.8691 
-0.866667 -0.266667 24.5531 
-0.866667 -0.2 25.049 
-0.866667 -0.133333 25.4148 
-0.866667 -0.0666667 25.71 
-0.866667 -4.16334e-16 26.0076 
-0.866667 0.0666667 26.4076 
-0.866667 0.133333 27.0403 
-0.866667 0.2 28.0075 
-0.866667 0.266667 29.1698 
-0.866667 0.333333 30.0893 
-0.866667 0.4 30.5296 
-0.866667 0.466667 29.3252 
-0.866667 0.533333 24.1307 
-0.866667 0.6 31.3105 
-0.866667 0.666667 27.7966 
-0.866667 0.733333 29.1473 
-0.866667 0.8 28.8909 
-0.866667 0.866667 24.6487 
-0.866667 0.933333 27.7526 
-0.866667 1 28.159 
-0.866667 1.06667 26.0378 
-0.866667 1.13333 27.3514 
-0.866667 1.2 26.2595 
-0.866667 1.26667 27.3184 
-0.866667 1.33333 27.0492 
-0.866667 1.4 26.8952 
-0.866667 1.46667 26.989 
-0.866667 1.53333 27.3106 
-0.866667 1.6 26.2205 
-0.866667 1.66667 28.1709 
-0.866667 1.73333 26.4196 
-0.866667 1.8 27.0599 
-0.866667 1.86667 25.7396 
-0.866667 1.93333 27.6742 
-0.866667 2 27.9683 
-0.8 -2 34.8415 
-0.8 -1.93333 34.7026 
-0.8 -1.86667 34.5142 
-0.8 -1.8 34.2586 
-0.8 -1.73333 33.9124 
-0.8 -1.66667 33.4444 
-0.8 -1.6 32.8134 
-0.8 -1.53333 31.9665 
-0.8 -1.46667 30.8378 
-0.8 -1.4 29.3506 
-0.8 -1.33333 27.4264 
-0.8 -1.26667 25.0082 
-0.8 -1.2 22.1055 
-0.8 -1.13333 18.8615 
-0.8 -1.06667 15.616 
-0.8 -1 12.8997 
-0.8 -0.933333 11.2897 
-0.8 -0.866667 11.1446 
-0.8 -0.8 12.3811 
-0.8 -0.733333 14.5027 
-0.8 -0.666667 16.8932 
-0.8 -0.6 19.1087 
-0.8 -0.533333 20.9523 
-0.8 -0.466667 22.3958 
-0.8 -0.4 23.4864 
-0.8 -0.333333 24.2913 
-0.8 -0.266667 24.8758 
-0.8 -0.2 25.297 
-0.8 -0.133333 25.6074 
-0.8 -0.0666667 25.862 
-0.8 -4.16334e-16 26.1301 
-0.8 0.0666667 26.5089 
-0.8 0.133333 27.1271 
-0.8 0.2 28.0851 
-0.8 0.266667 29.2433 
-0.8 0.333333 30.1664 
-0.8 0.4 30.6249 
-0.8 0.466667 29.482 
-0.8 0.533333 24.4554 
-0.8 0.6 31.5745 
-0.8 0.666667 27.9506 
-0.8 0.733333 29.2424 
-0.8 0.8 28.9936 
-0.8 0.866667 24.8476 
-0.8 0.933333 27.92 
-0.8 1 28.2664 
-0.8 1.06667 26.2116 
-0.8 1.13333 27.48 
-0.8 1.2 26.4175 
-0.8 1.26667 27.4416 
-0.8 1.33333 27.2047 
-0.8 1.4 27.0559 
-0.8 1.46667 27.1452 
-0.8 1.53333 27.4671 
-0.8 1.6 26.3562 
-0.8 1.66667 28.3211 
-0.8 1.73333 26.5521 
-0.8 1.8 27.1881 
-0.8 1.86667 25.9241 
-0.8 1.93333 27.7922 
-0.8 2 28.2117 
-0.733333 -2 34.7774 
-0.733333 -1.93333 34.6156 
-0.733333 -1.86667 34.3961 
-0.733333 -1.8 34.0986 
-0.733333 -1.73333 33.6959 
-0.733333 -1.66667 33.1523 
-0.733333 -1.6 32.4207 
-0.733333 -1.53333 31.4418 
-0.733333 -1.46667 30.1437 
-0.733333 -1.4 28.4469 
-0.733333 -1.33333 26.2797 
-0.733333 -1.26667 23.6109 
-0.733333 -1.2 20.5077 
-0.733333 -1.13333 17.2063 
-0.733333 -1.06667 14.1508 
-0.733333 -1 11.9236 
-0.733333 -0.933333 11.0292 
-0.733333 -0.866667 11.6216 
-0.733333 -0.8 13.3859 
-0.733333 -0.733333 15.7198 
-0.733333 -0.666667 18.068 
-0.733333 -0.6 20.114 
-0.733333 -0.533333 21.7589 
-0.733333 -0.466667 23.022 
-0.733333 -0.4 23.9652 
-0.733333 -0.333333 24.6557 
-0.733333 -0.266667 25.1535 
-0.733333 -0.2 25.5101 
-0.733333 -0.133333 25.7728 
-0.733333 -0.0666667 25.9924 
-0.733333 -4.16334e-16 26.2351 
-0.733333 0.0666667 26.5959 
-0.733333 0.133333 27.2016 
-0.733333 0.2 28.1516 
-0.733333 0.266667 29.3064 
-0.733333 0.333333 30.2326 
-0.733333 0.4 30.7065 
-0.733333 0.466667 29.6163 
-0.733333 0.533333 24.7348 
-0.733333 0.6 31.801 
-0.733333 0.666667 28.0828 
-0.733333 0.733333 29.324 
-0.733333 0.8 29.0817 
-0.733333 0.866667 25.0184 
-0.733333 0.933333 28.0638 
-0.733333 1 28.3585 
-0.733333 1.06667 26.3609 
-0.733333 1.13333 27.5904 
-0.733333 1.2 26.5532 
-0.733333 1.26667 27.5472 
-0.733333 1.33333 27.3381 
-0.733333 1.4 27.1938 
-0.733333 1.46667 27.2793 
-0.733333 1.53333 27.6015 
-0.733333 1.6 26.4727 
-0.733333 1.66667 28.4499 
-0.733333 1.73333 26.6657 
-0.733333 1.8 27.298 
-0.733333 1.86667 26.0825 
-0.733333 1.93333 27.8934 
-0.733333 2 28.4208 
-0.666667 -2 34.7026 
-0.666667 -1.93333 34.5141 
-0.666667 -1.86667 34.2586 
-0.666667 -1.8 33.9124 
-0.666667 -1.73333 33.4443 
-0.666667 -1.66667 32.8133 
-0.666667 -1.6 31.9662 
-0.666667 -1.53333 30.8373 
-0.666667 -1.46667 29.3497 
-0.666667 -1.4 27.4249 
-0.666667 -1.33333 25.0058 
-0.666667 -1.26667 22.1019 
-0.666667 -1.2 18.8564 
-0.666667 -1.13333 15.61 
-0.666667 -1.06667 12.8946 
-0.666667 -1 11.2889 
-0.666667 -0.933333 11.1525 
-0.666667 -0.866667 12.4015 
-0.666667 -0.8 14.5367 
-0.666667 -0.733333 16.9394 
-0.666667 -0.666667 19.1649 
-0.666667 -0.6 21.017 
-0.666667 -0.533333 22.4684 
-0.666667 -0.466667 23.5666 
-0.666667 -0.4 24.3791 
-0.666667 -0.333333 24.9696 
-0.666667 -0.266667 25.3923 
-0.666667 -0.2 25.6932 
-0.666667 -0.133333 25.9148 
-0.666667 -0.0666667 26.1043 
-0.666667 -4.16334e-16 26.3253 
-0.666667 0.0666667 26.6705 
-0.666667 0.133333 27.2655 
-0.666667 0.2 28.2087 
-0.666667 0.266667 29.3604 
-0.666667 0.333333 30.2893 
-0.666667 0.4 30.7765 
-0.666667 0.466667 29.7315 
-0.666667 0.533333 24.9751 
-0.666667 0.6 31.9954 
-0.666667 0.666667 28.1962 
-0.666667 0.733333 29.394 
-0.666667 0.8 29.1572 
-0.666667 0.866667 25.1651 
-0.666667 0.933333 28.1871 
-0.666667 1 28.4375 
-0.666667 1.06667 26.489 
-0.666667 1.13333 27.6851 
-0.666667 1.2 26.6696 
-0.666667 1.26667 27.6379 
-0.666667 1.33333 27.4526 
-0.666667 1.4 27.3122 
-0.666667 1.46667 27.3944 
-0.666667 1.53333 27.7167 
-0.666667 1.6 26.5727 
-0.666667 1.66667 28.5604 
-0.666667 1.73333 26.7633 
-0.666667 1.8 27.3924 
-0.666667 1.86667 26.2185 
-0.666667 1.93333 27.9803 
-0.666667 2 28.6004 
-0.6 -2 34.6155 
-0.6 -1.93333 34.396 
-0.6 -1.86667 34.0985 
-0.6 -1.8 33.6959 
-0.6 -1.73333 33.1522 
-0.6 -1.66667 32.4205 
-0.6 -1.6 31.4415 
-0.6 -1.53333 30.1431 
-0.6 -1.46667 28.446 
-0.6 -1.4 26.2781 
-0.6 -1.33333 23.6084 
-0.6 -1.26667 20.504 
-0.6 -1.2 17.2014 
-0.6 -1.13333 14.1458 
-0.6 -1.06667 11.9206 
-0.6 -1 11.0318 
-0.6 -0.933333 11.6335 
-0.6 -0.866667 13.4093 
-0.6 -0.8 15.7545 
-0.6 -0.733333 18.1123 
-0.6 -0.666667 20.1662 
-0.6 -0.6 21.8181 
-0.6 -0.533333 23.0882 
-0.6 -0.466667 24.0385 
-0.6 -0.4 24.7361 
-0.6 -0.333333 25.2397 
-0.6 -0.266667 25.5975 
-0.6 -0.2 25.8504 
-0.6 -0.133333 26.0366 
-0.6 -0.0666667 26.2004 
-0.6 -4.16334e-16 26.4026 
-0.6 0.0666667 26.7345 
-0.6 0.133333 27.3203 
-0.6 0.2 28.2576 
-0.6 0.266667 29.4068 
-0.6 0.333333 30.3379 
-0.6 0.4 30.8364 
-0.6 0.466667 29.8302 
-0.6 0.533333 25.1816 
-0.6 0.6 32.1621 
-0.6 0.666667 28.2935 
-0.6 0.733333 29.454 
-0.6 0.8 29.2219 
-0.6 0.866667 25.291 
-0.6 0.933333 28.2929 
-0.6 1 28.5052 
-0.6 1.06667 26.599 
-0.6 1.13333 27.7664 
-0.6 1.2 26.7695 
-0.6 1.26667 27.7156 
-0.6 1.33333 27.5508 
-0.6 1.4 27.4137 
-0.6 1.46667 27.4931 
-0.6 1.53333 27.8156 
-0.6 1.6 26.6584 
-0.6 1.66667 28.6551 
-0.6 1.73333 26.8469 
-0.6 1.8 27.4733 
-0.6 1.86667 26.3352 
-0.6 1.93333 28.0547 
-0.6 2 28.7545 
-0.533333 -2 34.5141 
-0.533333 -1.93333 34.2585 
-0.533333 -1.86667 33.9123 
-0.533333 -1.8 33.4443 
-0.533333 -1.73333 32.8132 
-0.533333 -1.66667 31.966 
-0.533333 -1.6 30.8369 
-0.533333 -1.53333 29.3491 
-0.533333 -1.46667 27.4238 
-0.533333 -1.4 25.0041 
-0.533333 -1.33333 22.0992 
-0.533333 -1.26667 18.8527 
-0.533333 -1.2 15.6056 
-0.533333 -1.13333 12.8908 
-0.533333 -1.06667 11.2882 
-0.533333 -1 11.1584 
-0.533333 -0.933333 12.4166 
-0.533333 -0.866667 14.5618 
-0.533333 -0.8 16.9735 
-0.533333 -0.733333 19.2065 
-0.533333 -0.666667 21.065 
-0.533333 -0.6 22.5224 
-0.533333 -0.533333 23.627 
-0.533333 -0.466667 24.4462 
-0.533333 -0.4 25.0436 
-0.533333 -0.333333 25.4719 
-0.533333 -0.266667 25.7738 
-0.533333 -0.2 25.9854 
-0.533333 -0.133333 26.1412 
-0.533333 -0.0666667 26.2828 
-0.533333 -4.16334e-16 26.469 
-0.533333 0.0666667 26.7895 
-0.533333 0.133333 27.3674 
-0.533333 0.2 28.2996 
-0.533333 0.266667 29.4466 
-0.533333 0.333333 30.3796 
-0.533333 0.4 30.8879 
-0.533333 0.466667 29.9149 
-0.533333 0.533333 25.359 
-0.533333 0.6 32.3051 
-0.533333 0.666667 28.377 
-0.533333 0.733333 29.5055 
-0.533333 0.8 29.2774 
-0.533333 0.866667 25.3991 
-0.533333 0.933333 28.3837 
-0.533333 1 28.5633 
-0.533333 1.06667 26.6933 
-0.533333 1.13333 27.836 
-0.533333 1.2 26.8552 
-0.533333 1.26667 27.7823 
-0.533333 1.33333 27.635 
-0.533333 1.4 27.5008 
-0.533333 1.46667 27.5777 
-0.533333 1.53333 27.9003 
-0.533333 1.6 26.732 
-0.533333 1.66667 28.7364 
-0.533333 1.73333 26.9187 
-0.533333 1.8 27.5428 
-0.533333 1.86667 26.4353 
-0.533333 1.93333 28.1186 
-0.533333 2 28.8868 
-0.466667 -2 34.396 
-0.466667 -1.93333 34.0985 
-0.466667 -1.86667 33.6958 
-0.466667 -1.8 33.1521 
-0.466667 -1.73333 32.4204 
-0.466667 -1.66667 31.4412 
-0.466667 -1.6 30.1427 
-0.466667 -1.53333 28.4453 
-0.466667 -1.46667 26.2769 
-0.466667 -1.4 23.6065 
-0.466667 -1.33333 20.5012 
-0.466667 -1.26667 17.1979 
-0.466667 -1.2 14.142 
-0.466667 -1.13333 11.9184 
-0.466667 -1.06667 11.0337 
-0.466667 -1 11.6423 
-0.466667 -0.933333 13.4266 
-0.466667 -0.866667 15.7801 
-0.466667 -0.8 18.1449 
-0.466667 -0.733333 20.2047 
-0.466667 -0.666667 21.8621 
-0.466667 -0.6 23.1375 
-0.466667 -0.533333 24.0938 
-0.466667 -0.466667 24.7979 
-0.466667 -0.4 25.3082 
-0.466667 -0.333333 25.6714 
-0.466667 -0.266667 25.9252 
-0.466667 -0.2 26.1012 
-0.466667 -0.133333 26.231 
-0.466667 -0.0666667 26.3535 
-0.466667 -4.16334e-16 26.5259 
-0.466667 0.0666667 26.8366 
-0.466667 0.133333 27.4077 
-0.466667 0.2 28.3356 
-0.466667 0.266667 29.4807 
-0.466667 0.333333 30.4154 
-0.466667 0.4 30.932 
-0.466667 0.466667 29.9874 
-0.466667 0.533333 25.5113 
-0.466667 0.6 32.4277 
-0.466667 0.666667 28.4486 
-0.466667 0.733333 29.5496 
-0.466667 0.8 29.325 
-0.466667 0.866667 25.4918 
-0.466667 0.933333 28.4616 
-0.466667 1 28.6132 
-0.466667 1.06667 26.7743 
-0.466667 1.13333 27.8958 
-0.466667 1.2 26.9287 
-0.466667 1.26667 27.8395 
-0.466667 1.33333 27.7073 
-0.466667 1.4 27.5755 
-0.466667 1.46667 27.6504 
-0.466667 1.53333 27.9731 
-0.466667 1.6 26.7951 
-0.466667 1.66667 28.8061 
-0.466667 1.73333 26.9802 
-0.466667 1.8 27.6023 
-0.466667 1.86667 26.5212 
-0.466667 1.93333 28.1733 
-0.466667 2 29.0003 
-0.4 -2 34.2585 
-0.4 -1.93333 33.9123 
-0.4 -1.86667 33.4442 
-0.4 -1.8 32.8131 
-0.4 -1.73333 31.9659 
-0.4 -1.66667 30.8367 
-0.4 -1.6 29.3486 
-0.4 -1.53333 27.4231 
-0.4 -1.46667 25.0028 
-0.4 -1.4 22.0973 
-0.4 -1.33333 18.85 
-0.4 -1.26667 15.6024 
-0.4 -1.2 12.888 
-0.4 -1.13333 11.2878 
-0.4 -1.06667 11.1628 
-0.4 -1 12.4278 
-0.4 -0.933333 14.5803 
-0.4 -0.866667 16.9987 
-0.4 -0.8 19.2372 
-0.4 -0.733333 21.1005 
-0.4 -0.666667 22.5626 
-0.4 -0.6 23.6722 
-0.4 -0.533333 24.4971 
-0.4 -0.466667 25.1008 
-0.4 -0.4 25.5356 
-0.4 -0.333333 25.8428 
-0.4 -0.266667 26.0551 
-0.4 -0.2 26.2006 
-0.4 -0.133333 26.308 
-0.4 -0.0666667 26.4142 
-0.4 -4.16334e-16 26.5747 
-0.4 0.0666667 26.877 
-0.4 0.133333 27.4423 
-0.4 0.2 28.3665 
-0.4 0.266667 29.5099 
-0.4 0.333333 30.4461 
-0.4 0.4 30.9698 
-0.4 0.466667 30.0496 
-0.4 0.533333 25.6421 
-0.4 0.6 32.5328 
-0.4 0.666667 28.51 
-0.4 0.733333 29.5874 
-0.4 0.8 29.3658 
-0.4 0.866667 25.5714 
-0.4 0.933333 28.5284 
-0.4 1 28.6559 
-0.4 1.06667 26.8437 
-0.4 1.13333 27.947 
-0.4 1.2 26.9917 
-0.4 1.26667 27.8885 
-0.4 1.33333 27.7693 
-0.4 1.4 27.6396 
-0.4 1.46667 27.7127 
-0.4 1.53333 28.0355 
-0.4 1.6 26.8493 
-0.4 1.66667 28.8659 
-0.4 1.73333 27.033 
-0.4 1.8 27.6534 
-0.4 1.86667 26.5949 
-0.4 1.93333 28.2203 
-0.4 2 29.0977 
-0.333333 -2 34.0985 
-0.333333 -1.93333 33.6958 
-0.333333 -1.86667 33.152 
-0.333333 -1.8 32.4203 
-0.333333 -1.73333 31.4411 
-0.333333 -1.66667 30.1424 
-0.333333 -1.6 28.4448 
-0.333333 -1.53333 26.2761 
-0.333333 -1.46667 23.6051 
-0.333333 -1.4 20.4992 
-0.333333 -1.33333 17.1953 
-0.333333 -1.26667 14.1393 
-0.333333 -1.2 11.9167 
-0.333333 -1.13333 11.0351 
-0.333333 -1.06667 11.6488 
-0.333333 -1 13.4394 
-0.333333 -0.933333 15.799 
-0.333333 -0.866667 18.169 
-0.333333 -0.8 20.2332 
-0.333333 -0.733333 21.8946 
-0.333333 -0.666667 23.1743 
-0.333333 -0.6 24.1353 
-0.333333 -0.533333 24.8449 
-0.333333 -0.466667 25.3614 
-0.333333 -0.4 25.7311 
-0.333333 -0.333333 25.99 
-0.333333 -0.266667 26.1666 
-0.333333 -0.2 26.2859 
-0.333333 -0.133333 26.3741 
-0.333333 -0.0666667 26.4662 
-0.333333 -4.16334e-16 26.6166 
-0.333333 0.0666667 26.9116 
-0.333333 0.133333 27.4719 
-0.333333 0.2 28.393 
-0.333333 0.266667 29.535 
-0.333333 0.333333 30.4724 
-0.333333 0.4 31.0022 
-0.333333 0.466667 30.103 
-0.333333 0.533333 25.7543 
-0.333333 0.6 32.623 
-0.333333 0.666667 28.5627 
-0.333333 0.733333 29.6199 
-0.333333 0.8 29.4008 
-0.333333 0.866667 25.6397 
-0.333333 0.933333 28.5857 
-0.333333 1 28.6925 
-0.333333 1.06667 26.9033 
-0.333333 1.13333 27.991 
-0.333333 1.2 27.0458 
-0.333333 1.26667 27.9306 
-0.333333 1.33333 27.8225 
-0.333333 1.4 27.6946 
-0.333333 1.46667 27.7661 
-0.333333 1.53333 28.089 
-0.333333 1.6 26.8957 
-0.333333 1.66667 28.9171 
-0.333333 1.73333 27.0783 
-0.333333 1.8 27.6972 
-0.333333 1.86667 26.6581 
-0.333333 1.93333 28.2606 
-0.333333 2 29.1812 
-0.266667 -2 33.9123 
-0.266667 -1.93333 33.4442 
-0.266667 -1.86667 32.813 
-0.266667 -1.8 31.9658 
-0.266667 -1.73333 30.8365 
-0.266667 -1.66667 29.3483 
-0.266667 -1.6 27.4225 
-0.266667 -1.53333 25.0019 
-0.266667 -1.46667 22.0958 
-0.266667 -1.4 18.848 
-0.266667 -1.33333 15.6 
-0.266667 -1.26667 12.886 
-0.266667 -1.2 11.2875 
-0.266667 -1.13333 11.166 
-0.266667 -1.06667 12.436 
-0.266667 -1 14.594 
-0.266667 -0.933333 17.0173 
-0.266667 -0.866667 19.2599 
-0.266667 -0.8 21.1267 
-0.266667 -0.733333 22.5923 
-0.266667 -0.666667 23.7058 
-0.266667 -0.6 24.5353 
-0.266667 -0.533333 25.1444 
-0.266667 -0.466667 25.5854 
-0.266667 -0.4 25.8989 
-0.266667 -0.333333 26.1163 
-0.266667 -0.266667 26.2623 
-0.266667 -0.2 26.3591 
-0.266667 -0.133333 26.4307 
-0.266667 -0.0666667 26.5108 
-0.266667 -4.16334e-16 26.6525 
-0.266667 0.0666667 26.9414 
-0.266667 0.133333 27.4974 
-0.266667 0.2 28.4157 
-0.266667 0.266667 29.5565 
-0.266667 0.333333 30.4949 
-0.266667 0.4 31.03 
-0.266667 0.466667 30.1487 
-0.266667 0.533333 25.8506 
-0.266667 0.6 32.7003 
-0.266667 0.666667 28.6079 
-0.266667 0.733333 29.6477 
-0.266667 0.8 29.4309 
-0.266667 0.866667 25.6983 
-0.266667 0.933333 28.6348 
-0.266667 1 28.724 
-0.266667 1.06667 26.9544 
-0.266667 1.13333 28.0287 
-0.266667 1.2 27.0922 
-0.266667 1.26667 27.9667 
-0.266667 1.33333 27.8681 
-0.266667 1.4 27.7417 
-0.266667 1.46667 27.8119 
-0.266667 1.53333 28.1349 
-0.266667 1.6 26.9355 
-0.266667 1.66667 28.9611 
-0.266667 1.73333 27.1172 
-0.266667 1.8 27.7348 
-0.266667 1.86667 26.7123 
-0.266667 1.93333 28.2951 
-0.266667 2 29.2529 
-0.2 -2 33.6958 
-0.2 -1.93333 33.152 
-0.2 -1.86667 32.4202 
-0.2 -1.8 31.4409 
-0.2 -1.73333 30.1422 
-0.2 -1.66667 28.4444 
-0.2 -1.6 26.2754 
-0.2 -1.53333 23.6041 
-0.2 -1.46667 20.4977 
-0.2 -1.4 17.1934 
-0.2 -1.33333 14.1373 
-0.2 -1.26667 11.9155 
-0.2 -1.2 11.0362 
-0.2 -1.13333 11.6536 
-0.2 -1.06667 13.4488 
-0.2 -1 15.8129 
-0.2 -0.933333 18.1868 
-0.2 -0.866667 20.2542 
-0.2 -0.8 21.9186 
-0.2 -0.733333 23.2015 
-0.2 -0.666667 24.1662 
-0.2 -0.6 24.8802 
-0.2 -0.533333 25.402 
-0.2 -0.466667 25.7778 
-0.2 -0.4 26.043 
-0.2 -0.333333 26.2247 
-0.2 -0.266667 26.3444 
-0.2 -0.2 26.4218 
-0.2 -0.133333 26.4793 
-0.2 -0.0666667 26.5491 
-0.2 -4.16334e-16 26.6834 
-0.2 0.0666667 26.9669 
-0.2 0.133333 27.5192 
-0.2 0.2 28.4352 
-0.2 0.266667 29.575 
-0.2 0.333333 30.5142 
-0.2 0.4 31.0538 
-0.2 0.466667 30.1879 
-0.2 0.533333 25.9333 
-0.2 0.6 32.7665 
-0.2 0.666667 28.6467 
-0.2 0.733333 29.6715 
-0.2 0.8 29.4566 
-0.2 0.866667 25.7485 
-0.2 0.933333 28.677 
-0.2 1 28.7509 
-0.2 1.06667 26.9982 
-0.2 1.13333 28.061 
-0.2 1.2 27.132 
-0.2 1.26667 27.9976 
-0.2 1.33333 27.9072 
-0.2 1.4 27.7821 
-0.2 1.46667 27.8512 
-0.2 1.53333 28.1742 
-0.2 1.6 26.9697 
-0.2 1.66667 28.9988 
-0.2 1.73333 27.1505 
-0.2 1.8 27.767 
-0.2 1.86667 26.7588 
-0.2 1.93333 28.3248 
-0.2 2 29.3143 
-0.133333 -2 33.4442 
-0.133333 -1.93333 32.813 
-0.133333 -1.86667 31.9657 
-0.133333 -1.8 30.8363 
-0.133333 -1.73333 29.348 
-0.133333 -1.66667 27.4221 
-0.133333 -1.6 25.0012 
-0.133333 -1.53333 22.0948 
-0.133333 -1.46667 18.8465 
-0.133333 -1.4 15.5983 
-0.133333 -1.33333 12.8845 
-0.133333 -1.26667 11.2873 
-0.133333 -1.2 11.1684 
-0.133333 -1.13333 12.442 
-0.133333 -1.06667 14.604 
-0.133333 -1 17.0309 
-0.133333 -0.933333 19.2765 
-0.133333 -0.866667 21.1461 
-0.133333 -0.8 22.6143 
-0.133333 -0.733333 23.7308 
-0.133333 -0.666667 24.5638 
-0.133333 -0.6 25.1773 
-0.133333 -0.533333 25.6235 
-0.133333 -0.466667 25.9431 
-0.133333 -0.4 26.1667 
-0.133333 -0.333333 26.3177 
-0.133333 -0.266667 26.4149 
-0.133333 -0.2 26.4757 
-0.133333 -0.133333 26.5211 
-0.133333 -0.0666667 26.582 
-0.133333 -4.16334e-16 26.7098 
-0.133333 0.0666667 26.9887 
-0.133333 0.133333 27.538 
-0.133333 0.2 28.4519 
-0.133333 0.266667 29.5908 
-0.133333 0.333333 30.5308 
-0.133333 0.4 31.0743 
-0.133333 0.466667 30.2215 
-0.133333 0.533333 26.0042 
-0.133333 0.6 32.8233 
-0.133333 0.666667 28.6799 
-0.133333 0.733333 29.692 
-0.133333 0.8 29.4787 
-0.133333 0.866667 25.7916 
-0.133333 0.933333 28.7132 
-0.133333 1 28.774 
-0.133333 1.06667 27.0358 
-0.133333 1.13333 28.0888 
-0.133333 1.2 27.1661 
-0.133333 1.26667 28.0241 
-0.133333 1.33333 27.9407 
-0.133333 1.4 27.8168 
-0.133333 1.46667 27.885 
-0.133333 1.53333 28.208 
-0.133333 1.6 26.999 
-0.133333 1.66667 29.0311 
-0.133333 1.73333 27.1791 
-0.133333 1.8 27.7947 
-0.133333 1.86667 26.7987 
-0.133333 1.93333 28.3502 
-0.133333 2 29.3671 
-0.0666667 -2 33.152 
-0.0666667 -1.93333 32.4201 
-0.0666667 -1.86667 31.4408 
-0.0666667 -1.8 30.142 
-0.0666667 -1.73333 28.4441 
-0.0666667 -1.66667 26.275 
-0.0666667 -1.6 23.6034 
-0.0666667 -1.53333 20.4966 
-0.0666667 -1.46667 17.1919 
-0.0666667 -1.4 14.1358 
-0.0666667 -1.33333 11.9147 
-0.0666667 -1.26667 11.0369 
-0.0666667 -1.2 11.6571 
-0.0666667 -1.13333 13.4557 
-0.0666667 -1.06667 15.8232 
-0.0666667 -1 18.1999 
-0.0666667 -0.933333 20.2697 
-0.0666667 -0.866667 21.9364 
-0.0666667 -0.8 23.2216 
-0.0666667 -0.733333 24.1891 
-0.0666667 -0.666667 24.9067 
-0.0666667 -0.6 25.4328 
-0.0666667 -0.533333 25.8138 
-0.0666667 -0.466667 26.085 
-0.0666667 -0.4 26.2729 
-0.0666667 -0.333333 26.3975 
-0.0666667 -0.266667 26.4753 
-0.0666667 -0.2 26.5219 
-0.0666667 -0.133333 26.5568 
-0.0666667 -0.0666667 26.6101 
-0.0666667 -4.16334e-16 26.7325 
-0.0666667 0.0666667 27.0075 
-0.0666667 0.133333 27.554 
-0.0666667 0.2 28.4662 
-0.0666667 0.266667 29.6044 
-0.0666667 0.333333 30.5451 
-0.0666667 0.4 31.0918 
-0.0666667 0.466667 30.2504 
-0.0666667 0.533333 26.065 
-0.0666667 0.6 32.8721 
-0.0666667 0.666667 28.7084 
-0.0666667 0.733333 29.7096 
-0.0666667 0.8 29.4976 
-0.0666667 0.866667 25.8286 
-0.0666667 0.933333 28.7442 
-0.0666667 1 28.7938 
-0.0666667 1.06667 27.0681 
-0.0666667 1.13333 28.1126 
-0.0666667 1.2 27.1954 
-0.0666667 1.26667 28.0469 
-0.0666667 1.33333 27.9695 
-0.0666667 1.4 27.8466 
-0.0666667 1.46667 27.9139 
-0.0666667 1.53333 28.2369 
-0.0666667 1.6 27.0242 
-0.0666667 1.66667 29.0588 
-0.0666667 1.73333 27.2036 
-0.0666667 1.8 27.8184 
-0.0666667 1.86667 26.8329 
-0.0666667 1.93333 28.372 
-0.0666667 2 29.4123 
