-4 -2 5.21545e-09 
-4 -1.92 1.08955e-08 
-4 -1.84 2.27604e-08 
-4 -1.76 4.75429e-08 
-4 -1.68 9.92999e-08 
-4 -1.6 2.07372e-07 
-4 -1.52 4.32977e-07 
-4 -1.44 9.03758e-07 
-4 -1.36 1.88563e-06 
-4 -1.28 3.93183e-06 
-4 -1.2 8.19129e-06 
-4 -1.12 1.70436e-05 
-4 -1.04 3.53982e-05 
-4 -0.96 7.33286e-05 
-4 -0.88 0.00015134 
-4 -0.8 0.000310709 
-4 -0.72 0.000633199 
-4 -0.64 0.00127722 
-4 -0.56 0.00254035 
-4 -0.48 0.00495893 
-4 -0.4 0.00944848 
-4 -0.32 0.0174681 
-4 -0.24 0.031152 
-4 -0.16 0.0532802 
-4 -0.08 0.086817 
-4 6.93889e-16 0.133606 
-4 0.08 0.192016 
-4 0.16 0.254171 
-4 0.24 0.304735 
-4 0.32 0.324409 
-4 0.4 0.299997 
-4 0.48 0.23704 
-4 0.56 0.166181 
-4 0.64 0.129669 
-4 0.72 0.145772 
-4 0.8 0.196083 
-4 0.88 0.242354 
-4 0.96 0.254623 
-4 1.04 0.231628 
-4 1.12 0.189279 
-4 1.2 0.126575 
-4 1.28 0.0860736 
-4 1.36 0.084244 
-4 1.44 0.115022 
-4 1.52 0.142058 
-4 1.6 0.114779 
-4 1.68 0.113734 
-4 1.76 0.112656 
-4 1.84 0.0875064 
-4 1.92 0.0826535 
-4 2 0.101597 
-3.92 -2 7.53861e-09 
-3.92 -1.92 1.57487e-08 
-3.92 -1.84 3.28988e-08 
-3.92 -1.76 6.87204e-08 
-3.92 -1.68 1.43532e-07 
-3.92 -1.6 2.99744e-07 
-3.92 -1.52 6.25842e-07 
-3.92 -1.44 1.30633e-06 
-3.92 -1.36 2.72556e-06 
-3.92 -1.28 5.68322e-06 
-3.92 -1.2 1.184e-05 
-3.92 -1.12 2.46355e-05 
-3.92 -1.04 5.1166e-05 
-3.92 -0.96 0.000105992 
-3.92 -0.88 0.000218753 
-3.92 -0.8 0.00044911 
-3.92 -0.72 0.000915248 
-3.92 -0.64 0.00184613 
-3.92 -0.56 0.00367188 
-3.92 -0.48 0.00716768 
-3.92 -0.4 0.0136566 
-3.92 -0.32 0.0252471 
-3.92 -0.24 0.0450222 
-3.92 -0.16 0.076995 
-3.92 -0.08 0.12544 
-3.92 6.93889e-16 0.193005 
-3.92 0.08 0.277311 
-3.92 0.16 0.366974 
-3.92 0.24 0.43988 
-3.92 0.32 0.468237 
-3.92 0.4 0.433049 
-3.92 0.48 0.342265 
-3.92 0.56 0.240027 
-3.92 0.64 0.187321 
-3.92 0.72 0.210568 
-3.92 0.8 0.283179 
-3.92 0.88 0.34993 
-3.92 0.96 0.367625 
-3.92 1.04 0.334459 
-3.92 1.12 0.273362 
-3.92 1.2 0.182853 
-3.92 1.28 0.124367 
-3.92 1.36 0.121724 
-3.92 1.44 0.166172 
-3.92 1.52 0.205207 
-3.92 1.6 0.165821 
-3.92 1.68 0.164313 
-3.92 1.76 0.162755 
-3.92 1.84 0.126436 
-3.92 1.92 0.119427 
-3.92 2 0.146786 
-3.84 -2 1.08966e-08 
-3.84 -1.92 2.27639e-08 
-3.84 -1.84 4.75533e-08 
-3.84 -1.76 9.93312e-08 
-3.84 -1.68 2.07467e-07 
-3.84 -1.6 4.33262e-07 
-3.84 -1.52 9.04618e-07 
-3.84 -1.44 1.88822e-06 
-3.84 -1.36 3.93963e-06 
-3.84 -1.28 8.21475e-06 
-3.84 -1.2 1.7114e-05 
-3.84 -1.12 3.56091e-05 
-3.84 -1.04 7.39574e-05 
-3.84 -0.96 0.000153205 
-3.84 -0.88 0.000316195 
-3.84 -0.8 0.00064916 
-3.84 -0.72 0.00132293 
-3.84 -0.64 0.00266845 
-3.84 -0.56 0.0053074 
-3.84 -0.48 0.0103601 
-3.84 -0.4 0.0197386 
-3.84 -0.32 0.0364891 
-3.84 -0.24 0.0650638 
-3.84 -0.16 0.111253 
-3.84 -0.08 0.181215 
-3.84 6.93889e-16 0.278737 
-3.84 0.08 0.400341 
-3.84 0.16 0.529573 
-3.84 0.24 0.634576 
-3.84 0.32 0.675399 
-3.84 0.4 0.624741 
-3.84 0.48 0.49397 
-3.84 0.56 0.346574 
-3.84 0.64 0.270535 
-3.84 0.72 0.304078 
-3.84 0.8 0.408803 
-3.84 0.88 0.505016 
-3.84 0.96 0.530512 
-3.84 1.04 0.482722 
-3.84 1.12 0.394647 
-3.84 1.2 0.264089 
-3.84 1.28 0.179665 
-3.84 1.36 0.175849 
-3.84 1.44 0.240013 
-3.84 1.52 0.296343 
-3.84 1.6 0.239507 
-3.84 1.68 0.23733 
-3.84 1.76 0.235083 
-3.84 1.84 0.182653 
-3.84 1.92 0.172532 
-3.84 2 0.212032 
-3.76 -2 1.57504e-08 
-3.76 -1.92 3.29038e-08 
-3.76 -1.84 6.87354e-08 
-3.76 -1.76 1.43577e-07 
-3.76 -1.68 2.99881e-07 
-3.76 -1.6 6.26255e-07 
-3.76 -1.52 1.30757e-06 
-3.76 -1.44 2.7293e-06 
-3.76 -1.36 5.6945e-06 
-3.76 -1.28 1.18739e-05 
-3.76 -1.2 2.47373e-05 
-3.76 -1.12 5.14708e-05 
-3.76 -1.04 0.000106901 
-3.76 -0.96 0.000221449 
-3.76 -0.88 0.00045704 
-3.76 -0.8 0.000938319 
-3.76 -0.72 0.00191221 
-3.76 -0.64 0.00385704 
-3.76 -0.56 0.00767135 
-3.76 -0.48 0.0149742 
-3.76 -0.4 0.0285285 
-3.76 -0.32 0.0527342 
-3.76 -0.24 0.0940185 
-3.76 -0.16 0.160731 
-3.76 -0.08 0.261724 
-3.76 6.93889e-16 0.402398 
-3.76 0.08 0.577639 
-3.76 0.16 0.763664 
-3.76 0.24 0.914656 
-3.76 0.32 0.973321 
-3.76 0.4 0.900519 
-3.76 0.48 0.712437 
-3.76 0.56 0.500179 
-3.76 0.64 0.390571 
-3.76 0.72 0.438932 
-3.76 0.8 0.589826 
-3.76 0.88 0.728332 
-3.76 0.96 0.765015 
-3.76 1.04 0.696248 
-3.76 1.12 0.569438 
-3.76 1.2 0.381276 
-3.76 1.28 0.259487 
-3.76 1.36 0.253981 
-3.76 1.44 0.346554 
-3.76 1.52 0.427781 
-3.76 1.6 0.345825 
-3.76 1.68 0.342684 
-3.76 1.76 0.339442 
-3.76 1.84 0.263799 
-3.76 1.92 0.249193 
-3.76 2 0.30619 
-3.68 -2 2.27662e-08 
-3.68 -1.92 4.75605e-08 
-3.68 -1.84 9.93529e-08 
-3.68 -1.76 2.07532e-07 
-3.68 -1.68 4.3346e-07 
-3.68 -1.6 9.05213e-07 
-3.68 -1.52 1.89001e-06 
-3.68 -1.44 3.94505e-06 
-3.68 -1.36 8.23106e-06 
-3.68 -1.28 1.7163e-05 
-3.68 -1.2 3.57563e-05 
-3.68 -1.12 7.43979e-05 
-3.68 -1.04 0.000154519 
-3.68 -0.96 0.00032009 
-3.68 -0.88 0.000660622 
-3.68 -0.8 0.00135628 
-3.68 -0.72 0.00276395 
-3.68 -0.64 0.00557502 
-3.68 -0.56 0.0110881 
-3.68 -0.48 0.0216429 
-3.68 -0.4 0.041231 
-3.68 -0.32 0.0762062 
-3.68 -0.24 0.135841 
-3.68 -0.16 0.23216 
-3.68 -0.08 0.377866 
-3.68 6.93889e-16 0.580601 
-3.68 0.08 0.8328 
-3.68 0.16 1.10009 
-3.68 0.24 1.31672 
-3.68 0.32 1.4008 
-3.68 0.4 1.29645 
-3.68 0.48 1.02653 
-3.68 0.56 0.721372 
-3.68 0.64 0.563567 
-3.68 0.72 0.633212 
-3.68 0.8 0.850324 
-3.68 0.88 1.04936 
-3.68 0.96 1.10203 
-3.68 1.04 1.00327 
-3.68 1.12 0.821005 
-3.68 1.2 0.550177 
-3.68 1.28 0.37464 
-3.68 1.36 0.366699 
-3.68 1.44 0.500151 
-3.68 1.52 0.617156 
-3.68 1.6 0.4991 
-3.68 1.68 0.494575 
-3.68 1.76 0.489903 
-3.68 1.84 0.380858 
-3.68 1.92 0.359795 
-3.68 2 0.441976 
-3.6 -2 3.29072e-08 
-3.6 -1.92 6.87458e-08 
-3.6 -1.84 1.43609e-07 
-3.6 -1.76 2.99975e-07 
-3.6 -1.68 6.2654e-07 
-3.6 -1.6 1.30843e-06 
-3.6 -1.52 2.7319e-06 
-3.6 -1.44 5.70233e-06 
-3.6 -1.36 1.18975e-05 
-3.6 -1.28 2.48082e-05 
-3.6 -1.2 5.16835e-05 
-3.6 -1.12 0.000107538 
-3.6 -1.04 0.000223347 
-3.6 -0.96 0.000462671 
-3.6 -0.88 0.000954886 
-3.6 -0.8 0.00196041 
-3.6 -0.72 0.00399508 
-3.6 -0.64 0.00805815 
-3.6 -0.56 0.0160264 
-3.6 -0.48 0.0312805 
-3.6 -0.4 0.059586 
-3.6 -0.32 0.110114 
-3.6 -0.24 0.196232 
-3.6 -0.16 0.335227 
-3.6 -0.08 0.545265 
-3.6 6.93889e-16 0.83706 
-3.6 0.08 1.19931 
-3.6 0.16 1.58236 
-3.6 0.24 1.89214 
-3.6 0.32 2.01222 
-3.6 0.4 1.86317 
-3.6 0.48 1.47703 
-3.6 0.56 1.03936 
-3.6 0.64 0.812562 
-3.6 0.72 0.912695 
-3.6 0.8 1.22445 
-3.6 0.88 1.50972 
-3.6 0.96 1.58513 
-3.6 1.04 1.44372 
-3.6 1.12 1.18239 
-3.6 1.2 0.793303 
-3.6 1.28 0.540617 
-3.6 1.36 0.529177 
-3.6 1.44 0.721332 
-3.6 1.52 0.889617 
-3.6 1.6 0.719818 
-3.6 1.68 0.713306 
-3.6 1.76 0.706583 
-3.6 1.84 0.549575 
-3.6 1.92 0.519229 
-3.6 2 0.637594 
-3.52 -2 4.75654e-08 
-3.52 -1.92 9.93679e-08 
-3.52 -1.84 2.07578e-07 
-3.52 -1.76 4.33596e-07 
-3.52 -1.68 9.05626e-07 
-3.52 -1.6 1.89126e-06 
-3.52 -1.52 3.9488e-06 
-3.52 -1.44 8.24237e-06 
-3.52 -1.36 1.71971e-05 
-3.52 -1.28 3.58587e-05 
-3.52 -1.2 7.47054e-05 
-3.52 -1.12 0.000155439 
-3.52 -1.04 0.000322835 
-3.52 -0.96 0.000668761 
-3.52 -0.88 0.00138022 
-3.52 -0.8 0.00283362 
-3.52 -0.72 0.00577454 
-3.52 -0.64 0.0116472 
-3.52 -0.56 0.0231635 
-3.52 -0.48 0.0452078 
-3.52 -0.4 0.0861051 
-3.52 -0.32 0.159085 
-3.52 -0.24 0.283393 
-3.52 -0.16 0.483828 
-3.52 -0.08 0.786238 
-3.52 6.93889e-16 1.20542 
-3.52 0.08 1.72432 
-3.52 0.16 2.2712 
-3.52 0.24 2.71211 
-3.52 0.32 2.88271 
-3.52 0.4 2.67094 
-3.52 0.48 2.121 
-3.52 0.56 1.49541 
-3.52 0.64 1.17027 
-3.52 0.72 1.3139 
-3.52 0.8 1.76027 
-3.52 0.88 2.16764 
-3.52 0.96 2.27515 
-3.52 1.04 2.07347 
-3.52 1.12 1.70012 
-3.52 1.2 1.14263 
-3.52 1.28 0.779552 
-3.52 1.36 0.763095 
-3.52 1.44 1.0393 
-3.52 1.52 1.28081 
-3.52 1.6 1.03713 
-3.52 1.68 1.02778 
-3.52 1.76 1.01812 
-3.52 1.84 0.792437 
-3.52 1.92 0.748783 
-3.52 2 0.918994 
-3.44 -2 6.8753e-08 
-3.44 -1.92 1.4363e-07 
-3.44 -1.84 3.00041e-07 
-3.44 -1.76 6.26738e-07 
-3.44 -1.68 1.30903e-06 
-3.44 -1.6 2.7337e-06 
-3.44 -1.52 5.70775e-06 
-3.44 -1.44 1.19138e-05 
-3.44 -1.36 2.48574e-05 
-3.44 -1.28 5.18316e-05 
-3.44 -1.2 0.000107982 
-3.44 -1.12 0.000224678 
-3.44 -1.04 0.000466638 
-3.44 -0.96 0.000966651 
-3.44 -0.88 0.00199502 
-3.44 -0.8 0.00409578 
-3.44 -0.72 0.00834654 
-3.44 -0.64 0.0168344 
-3.44 -0.56 0.033478 
-3.44 -0.48 0.065332 
-3.44 -0.4 0.124412 
-3.44 -0.32 0.229785 
-3.44 -0.24 0.409111 
-3.44 -0.16 0.69784 
-3.44 -0.08 1.13249 
-3.44 6.93889e-16 1.73306 
-3.44 0.08 2.47341 
-3.44 0.16 3.25 
-3.44 0.24 3.8734 
-3.44 0.32 4.11395 
-3.44 0.4 3.81529 
-3.44 0.48 3.03709 
-3.44 0.56 2.14722 
-3.44 0.64 1.68279 
-3.44 0.72 1.88812 
-3.44 0.8 2.52457 
-3.44 0.88 3.10323 
-3.44 0.96 3.2556 
-3.44 1.04 2.96965 
-3.44 1.12 2.43895 
-3.44 1.2 1.64324 
-3.44 1.28 1.1229 
-3.44 1.36 1.09927 
-3.44 1.44 1.49533 
-3.44 1.52 1.84083 
-3.44 1.6 1.49221 
-3.44 1.68 1.47882 
-3.44 1.76 1.46499 
-3.44 1.84 1.14139 
-3.44 1.92 1.07872 
-3.44 2 1.32293 
-3.36 -2 9.93783e-08 
-3.36 -1.92 2.07609e-07 
-3.36 -1.84 4.33691e-07 
-3.36 -1.76 9.05911e-07 
-3.36 -1.68 1.89212e-06 
-3.36 -1.6 3.9514e-06 
-3.36 -1.52 8.25021e-06 
-3.36 -1.44 1.72207e-05 
-3.36 -1.36 3.59299e-05 
-3.36 -1.28 7.49194e-05 
-3.36 -1.2 0.000156082 
-3.36 -1.12 0.000324758 
-3.36 -1.04 0.000674495 
-3.36 -0.96 0.00139723 
-3.36 -0.88 0.00288365 
-3.36 -0.8 0.0059201 
-3.36 -0.72 0.012064 
-3.36 -0.64 0.0243313 
-3.36 -0.56 0.0483832 
-3.36 -0.48 0.094406 
-3.36 -0.4 0.179731 
-3.36 -0.32 0.331801 
-3.36 -0.24 0.59027 
-3.36 -0.16 1.00556 
-3.36 -0.08 1.62873 
-3.36 6.93889e-16 2.48585 
-3.36 0.08 3.5362 
-3.36 0.16 4.63064 
-3.36 0.24 5.5038 
-3.36 0.32 5.83946 
-3.36 0.4 5.42261 
-3.36 0.48 4.33133 
-3.36 0.56 3.07427 
-3.36 0.64 2.41427 
-3.36 0.72 2.7064 
-3.36 0.8 3.60854 
-3.36 0.88 4.42437 
-3.36 0.96 4.6385 
-3.36 1.04 4.23642 
-3.36 1.12 3.48747 
-3.36 1.2 2.35795 
-3.36 1.28 1.615 
-3.36 1.36 1.58119 
-3.36 1.44 2.1471 
-3.36 1.52 2.63917 
-3.36 1.6 2.14266 
-3.36 1.68 2.12355 
-3.36 1.76 2.10382 
-3.36 1.84 1.64147 
-3.36 1.92 1.55177 
-3.36 2 1.90102 
-3.28 -2 1.43645e-07 
-3.28 -1.92 3.00086e-07 
-3.28 -1.84 6.26874e-07 
-3.28 -1.76 1.30944e-06 
-3.28 -1.68 2.73495e-06 
-3.28 -1.6 5.71151e-06 
-3.28 -1.52 1.19252e-05 
-3.28 -1.44 2.48915e-05 
-3.28 -1.36 5.19344e-05 
-3.28 -1.28 0.000108291 
-3.28 -1.2 0.000225606 
-3.28 -1.12 0.000469417 
-3.28 -1.04 0.000974939 
-3.28 -0.96 0.0020196 
-3.28 -0.88 0.0041681 
-3.28 -0.8 0.00855692 
-3.28 -0.72 0.0174368 
-3.28 -0.64 0.0351656 
-3.28 -0.56 0.06992 
-3.28 -0.48 0.136401 
-3.28 -0.4 0.259582 
-3.28 -0.32 0.478891 
-3.28 -0.24 0.850962 
-3.28 -0.16 1.44699 
-3.28 -0.08 2.33728 
-3.28 6.93889e-16 3.55379 
-3.28 0.08 5.0321 
-3.28 0.16 6.55804 
-3.28 0.24 7.76505 
-3.28 0.32 8.2266 
-3.28 0.4 7.6532 
-3.28 0.48 6.14217 
-3.28 0.56 4.38365 
-3.28 0.64 3.45256 
-3.28 0.72 3.86534 
-3.28 0.8 5.13341 
-3.28 0.88 6.27156 
-3.28 0.96 6.56895 
-3.28 1.04 6.01007 
-3.28 1.12 4.96381 
-3.28 1.2 3.37285 
-3.28 1.28 2.31771 
-3.28 1.36 2.26953 
-3.28 1.44 3.07411 
-3.28 1.52 3.77044 
-3.28 1.6 3.06781 
-3.28 1.68 3.04071 
-3.28 1.76 3.01271 
-3.28 1.84 2.35542 
-3.28 1.92 2.2276 
-3.28 2 2.72474 
-3.2 -2 2.07631e-07 
-3.2 -1.92 4.33757e-07 
-3.2 -1.84 9.06109e-07 
-3.2 -1.76 1.89272e-06 
-3.2 -1.68 3.9532e-06 
-3.2 -1.6 8.25564e-06 
-3.2 -1.52 1.72371e-05 
-3.2 -1.44 3.59792e-05 
-3.2 -1.36 7.50681e-05 
-3.2 -1.28 0.000156529 
-3.2 -1.2 0.0003261 
-3.2 -1.12 0.000678513 
-3.2 -1.04 0.00140921 
-3.2 -0.96 0.00291918 
-3.2 -0.88 0.00602462 
-3.2 -0.8 0.012368 
-3.2 -0.72 0.0252019 
-3.2 -0.64 0.0508218 
-3.2 -0.56 0.101034 
-3.2 -0.48 0.197039 
-3.2 -0.4 0.374777 
-3.2 -0.32 0.690734 
-3.2 -0.24 1.22537 
-3.2 -0.16 2.07815 
-3.2 -0.08 3.34359 
-3.2 6.93889e-16 5.05675 
-3.2 0.08 7.11414 
-3.2 0.16 9.2102 
-3.2 0.24 10.8487 
-3.2 0.32 11.4707 
-3.2 0.4 10.6976 
-3.2 0.48 8.64171 
-3.2 0.56 6.21494 
-3.2 0.64 4.91487 
-3.2 0.72 5.49255 
-3.2 0.8 7.25417 
-3.2 0.88 8.8188 
-3.2 0.96 9.22509 
-3.2 1.04 8.46069 
-3.2 1.12 7.01968 
-3.2 1.2 4.80309 
-3.2 1.28 3.31588 
-3.2 1.36 3.24763 
-3.2 1.44 4.38341 
-3.2 1.52 5.35993 
-3.2 1.6 4.37456 
-3.2 1.68 4.33642 
-3.2 1.76 4.29703 
-3.2 1.84 3.36927 
-3.2 1.92 3.18822 
-3.2 2 3.89122 
-3.12 -2 3.00118e-07 
-3.12 -1.92 6.26969e-07 
-3.12 -1.84 1.30973e-06 
-3.12 -1.76 2.73581e-06 
-3.12 -1.68 5.71411e-06 
-3.12 -1.6 1.1933e-05 
-3.12 -1.52 2.49152e-05 
-3.12 -1.44 5.20058e-05 
-3.12 -1.36 0.000108506 
-3.12 -1.28 0.000226253 
-3.12 -1.2 0.000471357 
-3.12 -1.12 0.000980747 
-3.12 -1.04 0.00203692 
-3.12 -0.96 0.00421945 
-3.12 -0.88 0.00870799 
-3.12 -0.8 0.0178763 
-3.12 -0.72 0.0364237 
-3.12 -0.64 0.0734432 
-3.12 -0.56 0.145972 
-3.12 -0.48 0.284559 
-3.12 -0.4 0.540814 
-3.12 -0.32 0.995352 
-3.12 -0.24 1.76158 
-3.12 -0.16 2.97629 
-3.12 -0.08 4.76203 
-3.12 6.93889e-16 7.14821 
-3.12 0.08 9.96721 
-3.12 0.16 12.7881 
-3.12 0.24 14.9582 
-3.12 0.32 15.7742 
-3.12 0.4 14.7594 
-3.12 0.48 12.0281 
-3.12 0.56 8.74133 
-3.12 0.64 6.95196 
-3.12 0.72 7.74954 
-3.12 0.8 10.1572 
-3.12 0.88 12.2652 
-3.12 0.96 12.808 
-3.12 1.04 11.7853 
-3.12 1.12 9.83888 
-3.12 1.2 6.79716 
-3.12 1.28 4.72315 
-3.12 1.36 4.62732 
-3.12 1.44 6.21461 
-3.12 1.52 7.56679 
-3.12 1.6 6.2023 
-3.12 1.68 6.14926 
-3.12 1.76 6.09444 
-3.12 1.84 4.79806 
-3.12 1.92 4.54385 
-3.12 2 5.52869 
-3.04 -2 4.33802e-07 
-3.04 -1.92 9.06246e-07 
-3.04 -1.84 1.89313e-06 
-3.04 -1.76 3.95445e-06 
-3.04 -1.68 8.2594e-06 
-3.04 -1.6 1.72485e-05 
-3.04 -1.52 3.60135e-05 
-3.04 -1.44 7.51712e-05 
-3.04 -1.36 0.000156839 
-3.04 -1.28 0.000327034 
-3.04 -1.2 0.000681317 
-3.04 -1.12 0.0014176 
-3.04 -1.04 0.00294421 
-3.04 -0.96 0.00609884 
-3.04 -0.88 0.0125864 
-3.04 -0.8 0.025837 
-3.04 -0.72 0.0526398 
-3.04 -0.64 0.106123 
-3.04 -0.56 0.210857 
-3.04 -0.48 0.410792 
-3.04 -0.4 0.779836 
-3.04 -0.32 1.43237 
-3.04 -0.24 2.52644 
-3.04 -0.16 4.24576 
-3.04 -0.08 6.74025 
-3.04 6.93889e-16 10.0135 
-3.04 0.08 13.7945 
-3.04 0.16 17.4883 
-3.04 0.24 20.2706 
-3.04 0.32 21.3038 
-3.04 0.4 20.0177 
-3.04 0.48 16.5017 
-3.04 0.56 12.1615 
-3.04 0.64 9.74681 
-3.04 0.72 10.8277 
-3.04 0.8 14.0462 
-3.04 0.88 16.8102 
-3.04 0.96 17.514 
-3.04 1.04 16.1852 
-3.04 1.12 13.6244 
-3.04 1.2 9.53615 
-3.04 1.28 6.68635 
-3.04 1.36 6.55343 
-3.04 1.44 8.74088 
-3.04 1.52 10.5807 
-3.04 1.6 8.72403 
-3.04 1.68 8.65141 
-3.04 1.76 8.57633 
-3.04 1.84 6.79019 
-3.04 1.92 6.43757 
-3.04 2 7.79931 
-2.96 -2 6.27034e-07 
-2.96 -1.92 1.30992e-06 
-2.96 -1.84 2.73641e-06 
-2.96 -1.76 5.71591e-06 
-2.96 -1.68 1.19385e-05 
-2.96 -1.6 2.49316e-05 
-2.96 -1.52 5.20553e-05 
-2.96 -1.44 0.000108655 
-2.96 -1.36 0.000226702 
-2.96 -1.28 0.000472707 
-2.96 -1.2 0.0009848 
-2.96 -1.12 0.00204905 
-2.96 -1.04 0.00425563 
-2.96 -0.96 0.00881527 
-2.96 -0.88 0.0181918 
-2.96 -0.8 0.0373416 
-2.96 -0.72 0.0760698 
-2.96 -0.64 0.153322 
-2.96 -0.56 0.304495 
-2.96 -0.48 0.592691 
-2.96 -0.4 1.1233 
-2.96 -0.32 2.05728 
-2.96 -0.24 3.61118 
-2.96 -0.16 6.02308 
-2.96 -0.08 9.45865 
-2.96 6.93889e-16 13.8558 
-2.96 0.08 18.7849 
-2.96 0.16 23.4514 
-2.96 0.24 26.8735 
-2.96 0.32 28.1245 
-2.96 0.4 26.5657 
-2.96 0.48 22.219 
-2.96 0.56 16.6754 
-2.96 0.64 13.5022 
-2.96 0.72 14.9307 
-2.96 0.8 19.1074 
-2.96 0.88 22.6055 
-2.96 0.96 23.4834 
-2.96 1.04 21.8215 
-2.96 1.12 18.5665 
-2.96 1.2 13.2223 
-2.96 1.28 9.38519 
-2.96 1.36 9.20391 
-2.96 1.44 12.1609 
-2.96 1.52 14.6054 
-2.96 1.6 12.1384 
-2.96 1.68 12.0411 
-2.96 1.76 11.9404 
-2.96 1.84 9.52666 
-2.96 1.92 9.04572 
-2.96 2 10.8949 
-2.88 -2 9.0634e-07 
-2.88 -1.92 1.89342e-06 
-2.88 -1.84 3.95531e-06 
-2.88 -1.76 8.26201e-06 
-2.88 -1.68 1.72563e-05 
-2.88 -1.6 3.60372e-05 
-2.88 -1.52 7.52428e-05 
-2.88 -1.44 0.000157055 
-2.88 -1.36 0.000327683 
-2.88 -1.28 0.000683269 
-2.88 -1.2 0.00142346 
-2.88 -1.12 0.00296175 
-2.88 -1.04 0.00615113 
-2.88 -0.96 0.0127414 
-2.88 -0.88 0.0262931 
-2.88 -0.8 0.053966 
-2.88 -0.72 0.109917 
-2.88 -0.64 0.221466 
-2.88 -0.56 0.439533 
-2.88 -0.48 0.854443 
-2.88 -0.4 1.61558 
-2.88 -0.32 2.94667 
-2.88 -0.24 5.1371 
-2.88 -0.16 8.47852 
-2.88 -0.08 13.1192 
-2.88 6.93889e-16 18.8635 
-2.88 0.08 25.0559 
-2.88 0.16 30.6915 
-2.88 0.24 34.6912 
-2.88 0.32 36.1264 
-2.88 0.4 34.3359 
-2.88 0.48 29.2239 
-2.88 0.56 22.4367 
-2.88 0.64 18.4094 
-2.88 0.72 20.2356 
-2.88 0.8 25.4523 
-2.88 0.88 29.6857 
-2.88 0.96 30.7294 
-2.88 1.04 28.7474 
-2.88 1.12 24.7868 
-2.88 1.2 18.049 
-2.88 1.28 13.0214 
-2.88 1.36 12.7798 
-2.88 1.44 16.6746 
-2.88 1.52 19.8217 
-2.88 1.6 16.6453 
-2.88 1.68 16.5186 
-2.88 1.76 16.3875 
-2.88 1.84 13.2097 
-2.88 1.92 12.5686 
-2.88 2 15.0191 
-2.8 -2 1.31006e-06 
-2.8 -1.92 2.73682e-06 
-2.8 -1.84 5.71716e-06 
-2.8 -1.76 1.19422e-05 
-2.8 -1.68 2.4943e-05 
-2.8 -1.6 5.20896e-05 
-2.8 -1.52 0.000108759 
-2.8 -1.44 0.000227013 
-2.8 -1.36 0.000473646 
-2.8 -1.28 0.000987621 
-2.8 -1.2 0.00205752 
-2.8 -1.12 0.00428097 
-2.8 -1.04 0.00889085 
-2.8 -0.96 0.0184159 
-2.8 -0.88 0.0380006 
-2.8 -0.8 0.0779858 
-2.8 -0.72 0.158801 
-2.8 -0.64 0.319801 
-2.8 -0.56 0.634078 
-2.8 -0.48 1.23036 
-2.8 -0.4 2.31854 
-2.8 -0.32 4.20406 
-2.8 -0.24 7.25926 
-2.8 -0.16 11.8092 
-2.8 -0.08 17.916 
-2.8 6.93889e-16 25.1526 
-2.8 0.08 32.5805 
-2.8 0.16 39.0272 
-2.8 0.24 43.4325 
-2.8 0.32 44.9803 
-2.8 0.4 43.0467 
-2.8 0.48 37.376 
-2.8 0.56 29.4842 
-2.8 0.64 24.593 
-2.8 0.72 26.8309 
-2.8 0.8 33.0435 
-2.8 0.88 37.8976 
-2.8 0.96 39.0696 
-2.8 1.04 36.8358 
-2.8 1.12 32.2654 
-2.8 1.2 24.1473 
-2.8 1.28 17.7898 
-2.8 1.36 17.4774 
-2.8 1.44 22.4358 
-2.8 1.52 26.3266 
-2.8 1.6 22.399 
-2.8 1.68 22.2403 
-2.8 1.76 22.0757 
-2.8 1.84 18.0327 
-2.8 1.92 17.204 
-2.8 2 20.3479 
-2.72 -2 1.89361e-06 
-2.72 -1.92 3.95591e-06 
-2.72 -1.84 8.26381e-06 
-2.72 -1.76 1.72618e-05 
-2.72 -1.68 3.60536e-05 
-2.72 -1.6 7.52923e-05 
-2.72 -1.52 0.000157204 
-2.72 -1.44 0.000328134 
-2.72 -1.36 0.000684625 
-2.72 -1.28 0.00142754 
-2.72 -1.2 0.00297399 
-2.72 -1.12 0.00618777 
-2.72 -1.04 0.0128507 
-2.72 -0.96 0.0266169 
-2.72 -0.88 0.0549183 
-2.72 -0.8 0.112685 
-2.72 -0.72 0.229375 
-2.72 -0.64 0.461595 
-2.72 -0.56 0.91394 
-2.72 -0.48 1.76872 
-2.72 -0.4 3.31706 
-2.72 -0.32 5.965 
-2.72 -0.24 10.1642 
-2.72 -0.16 16.2165 
-2.72 -0.08 23.9825 
-2.72 6.93889e-16 32.6936 
-2.72 0.08 41.1249 
-2.72 0.16 48.0571 
-2.72 0.24 52.6024 
-2.72 0.32 54.164 
-2.72 0.4 52.2103 
-2.72 0.48 46.314 
-2.72 0.56 37.6703 
-2.72 0.64 32.038 
-2.72 0.72 34.6422 
-2.72 0.8 41.6343 
-2.72 0.88 46.8671 
-2.72 0.96 48.1016 
-2.72 1.04 45.739 
-2.72 1.12 40.7771 
-2.72 1.2 31.5138 
-2.72 1.28 23.826 
-2.72 1.36 23.4379 
-2.72 1.44 29.4831 
-2.72 1.52 34.0594 
-2.72 1.6 29.4391 
-2.72 1.68 29.2493 
-2.72 1.76 29.0523 
-2.72 1.84 24.1272 
-2.72 1.92 23.0973 
-2.72 2 26.9674 
-2.64 -2 2.7371e-06 
-2.64 -1.92 5.71802e-06 
-2.64 -1.84 1.19448e-05 
-2.64 -1.76 2.49509e-05 
-2.64 -1.68 5.21133e-05 
-2.64 -1.6 0.00010883 
-2.64 -1.52 0.000227229 
-2.64 -1.44 0.000474297 
-2.64 -1.36 0.000989581 
-2.64 -1.28 0.00206341 
-2.64 -1.2 0.00429866 
-2.64 -1.12 0.0089438 
-2.64 -1.04 0.0185738 
-2.64 -0.96 0.0384686 
-2.64 -0.88 0.0793617 
-2.64 -0.8 0.162797 
-2.64 -0.72 0.331209 
-2.64 -0.64 0.665839 
-2.64 -0.56 1.31569 
-2.64 -0.48 2.5366 
-2.64 -0.4 4.7248 
-2.64 -0.32 8.39889 
-2.64 -0.24 14.0553 
-2.64 -0.16 21.8608 
-2.64 -0.08 31.3195 
-2.64 6.93889e-16 41.2495 
-2.64 0.08 50.2402 
-2.64 0.16 57.2158 
-2.64 0.24 61.5999 
-2.64 0.32 63.0732 
-2.64 0.4 61.2274 
-2.64 0.48 55.4954 
-2.64 0.56 46.6263 
-2.64 0.64 40.5256 
-2.64 0.72 43.3793 
-2.64 0.8 50.7652 
-2.64 0.88 56.0436 
-2.64 0.96 57.2593 
-2.64 1.04 54.9229 
-2.64 1.12 49.8806 
-2.64 1.2 39.9442 
-2.64 1.28 31.1347 
-2.64 1.36 30.6755 
-2.64 1.44 37.6689 
-2.64 1.52 42.7457 
-2.64 1.6 37.6193 
-2.64 1.68 37.4047 
-2.64 1.76 37.1817 
-2.64 1.84 31.4901 
-2.64 1.92 30.2713 
-2.64 2 34.7995 
-2.56 -2 3.95632e-06 
-2.56 -1.92 8.26506e-06 
-2.56 -1.84 1.72655e-05 
-2.56 -1.76 3.6065e-05 
-2.56 -1.68 7.53266e-05 
-2.56 -1.6 0.000157308 
-2.56 -1.52 0.000328446 
-2.56 -1.44 0.000685566 
-2.56 -1.36 0.00143037 
-2.56 -1.28 0.00298251 
-2.56 -1.2 0.00621334 
-2.56 -1.12 0.0129272 
-2.56 -1.04 0.0268451 
-2.56 -0.96 0.0555946 
-2.56 -0.88 0.114672 
-2.56 -0.8 0.235143 
-2.56 -0.72 0.478037 
-2.56 -0.64 0.959584 
-2.56 -0.56 1.89067 
-2.56 -0.48 3.62553 
-2.56 -0.4 6.68864 
-2.56 -0.32 11.7023 
-2.56 -0.24 19.1191 
-2.56 -0.16 28.7945 
-2.56 -0.08 39.728 
-2.56 6.93889e-16 50.3688 
-2.56 0.08 59.3396 
-2.56 0.16 65.9052 
-2.56 0.24 69.8679 
-2.56 0.32 71.1724 
-2.56 0.4 69.5359 
-2.56 0.48 64.3163 
-2.56 0.56 55.8052 
-2.56 0.64 49.6201 
-2.56 0.72 52.5483 
-2.56 0.8 59.8453 
-2.56 0.88 64.8248 
-2.56 0.96 65.9452 
-2.56 1.04 63.7833 
-2.56 1.12 58.9921 
-2.56 1.2 49.0157 
-2.56 1.28 39.5221 
-2.56 1.36 39.0093 
-2.56 1.44 46.6249 
-2.56 1.52 51.9035 
-2.56 1.6 46.5723 
-2.56 1.68 46.3446 
-2.56 1.76 46.1075 
-2.56 1.84 39.9178 
-2.56 1.92 38.5564 
-2.56 2 43.5499 
-2.48 -2 5.71862e-06 
-2.48 -1.92 1.19466e-05 
-2.48 -1.84 2.49563e-05 
-2.48 -1.76 5.21297e-05 
-2.48 -1.68 0.00010888 
-2.48 -1.6 0.000227379 
-2.48 -1.52 0.000474748 
-2.48 -1.44 0.000990941 
-2.48 -1.36 0.00206751 
-2.48 -1.28 0.00431098 
-2.48 -1.2 0.00898076 
-2.48 -1.12 0.0186844 
-2.48 -1.04 0.0387984 
-2.48 -0.96 0.0803387 
-2.48 -0.88 0.165667 
-2.48 -0.8 0.33953 
-2.48 -0.72 0.689506 
-2.48 -0.64 1.38112 
-2.48 -0.56 2.71002 
-2.48 -0.48 5.1572 
-2.48 -0.4 9.38831 
-2.48 -0.32 16.0769 
-2.48 -0.24 25.4667 
-2.48 -0.16 36.8893 
-2.48 -0.08 48.7903 
-2.48 6.93889e-16 59.4637 
-2.48 0.08 67.8401 
-2.48 0.16 73.6428 
-2.48 0.24 77.0198 
-2.48 0.32 78.1117 
-2.48 0.4 76.7404 
-2.48 0.48 72.2628 
-2.48 0.56 64.6039 
-2.48 0.64 58.7397 
-2.48 0.72 61.5487 
-2.48 0.8 68.2966 
-2.48 0.88 72.706 
-2.48 0.96 73.6774 
-2.48 1.04 71.7964 
-2.48 1.12 67.5255 
-2.48 1.2 58.1525 
-2.48 1.28 48.5753 
-2.48 1.36 48.0384 
-2.48 1.44 55.8038 
-2.48 1.52 60.9353 
-2.48 1.6 55.7516 
-2.48 1.68 55.5257 
-2.48 1.76 55.29 
-2.48 1.84 48.9882 
-2.48 1.92 47.5624 
-2.48 2 52.7214 
-2.4 -2 8.26592e-06 
-2.4 -1.92 1.72682e-05 
-2.4 -1.84 3.60728e-05 
-2.4 -1.76 7.53504e-05 
-2.4 -1.68 0.000157379 
-2.4 -1.6 0.000328662 
-2.4 -1.52 0.000686218 
-2.4 -1.44 0.00143234 
-2.4 -1.36 0.00298843 
-2.4 -1.28 0.00623114 
-2.4 -1.2 0.0129806 
-2.4 -1.12 0.027005 
-2.4 -1.04 0.056071 
-2.4 -0.96 0.116083 
-2.4 -0.88 0.239285 
-2.4 -0.8 0.490028 
-2.4 -0.72 0.993588 
-2.4 -0.64 1.98412 
-2.4 -0.56 3.87045 
-2.4 -0.48 7.28703 
-2.4 -0.4 13.0255 
-2.4 -0.32 21.6853 
-2.4 -0.24 33.0602 
-2.4 -0.16 45.796 
-2.4 -0.08 57.9329 
-2.4 6.93889e-16 67.9523 
-2.4 0.08 75.3032 
-2.4 0.16 80.1533 
-2.4 0.24 82.8899 
-2.4 0.32 83.7617 
-2.4 0.4 82.6658 
-2.4 0.48 79.0169 
-2.4 0.56 72.5137 
-2.4 0.64 67.2966 
-2.4 0.72 69.8223 
-2.4 0.8 75.6917 
-2.4 0.88 79.3831 
-2.4 0.96 80.1816 
-2.4 1.04 78.6306 
-2.4 1.12 75.0347 
-2.4 1.2 66.7622 
-2.4 1.28 57.723 
-2.4 1.36 57.1973 
-2.4 1.44 64.6026 
-2.4 1.52 69.275 
-2.4 1.6 64.5542 
-2.4 1.68 64.3445 
-2.4 1.76 64.1254 
-2.4 1.84 58.1257 
-2.4 1.92 56.7297 
-2.4 2 61.7128 
-2.32 -2 1.19479e-05 
-2.32 -1.92 2.49601e-05 
-2.32 -1.84 5.21411e-05 
-2.32 -1.76 0.000108914 
-2.32 -1.68 0.000227482 
-2.32 -1.6 0.00047506 
-2.32 -1.52 0.000991884 
-2.32 -1.44 0.00207035 
-2.32 -1.36 0.00431953 
-2.32 -1.28 0.00900649 
-2.32 -1.2 0.0187616 
-2.32 -1.12 0.0390294 
-2.32 -1.04 0.081027 
-2.32 -0.96 0.167705 
-2.32 -0.88 0.345504 
-2.32 -0.8 0.706764 
-2.32 -0.72 1.42984 
-2.32 -0.64 2.84279 
-2.32 -0.56 5.49969 
-2.32 -0.48 10.2018 
-2.32 -0.4 17.7951 
-2.32 -0.32 28.5837 
-2.32 -0.24 41.6527 
-2.32 -0.16 54.9799 
-2.32 -0.08 66.5618 
-2.32 6.93889e-16 75.3988 
-2.32 0.08 81.5065 
-2.32 0.16 85.3749 
-2.32 0.24 87.5038 
-2.32 0.32 88.174 
-2.32 0.4 87.3309 
-2.32 0.48 84.4797 
-2.32 0.56 79.2243 
-2.32 0.64 74.839 
-2.32 0.72 76.9814 
-2.32 0.8 81.8209 
-2.32 0.88 84.7689 
-2.32 0.96 85.3971 
-2.32 1.04 84.1737 
-2.32 1.12 81.2887 
-2.32 1.2 74.3809 
-2.32 1.28 66.37 
-2.32 1.36 65.8883 
-2.32 1.44 72.5126 
-2.32 1.52 76.5203 
-2.32 1.6 72.4704 
-2.32 1.68 72.2874 
-2.32 1.76 72.0959 
-2.32 1.84 66.7378 
-2.32 1.92 65.4583 
-2.32 2 69.9683 
-2.24 -2 1.727e-05 
-2.24 -1.92 3.60783e-05 
-2.24 -1.84 7.53668e-05 
-2.24 -1.76 0.000157429 
-2.24 -1.68 0.000328812 
-2.24 -1.6 0.00068667 
-2.24 -1.52 0.0014337 
-2.24 -1.44 0.00299253 
-2.24 -1.36 0.00624351 
-2.24 -1.28 0.0130178 
-2.24 -1.2 0.0271165 
-2.24 -1.12 0.0564048 
-2.24 -1.04 0.117077 
-2.24 -0.96 0.242226 
-2.24 -0.88 0.498637 
-2.24 -0.8 1.01838 
-2.24 -0.72 2.05367 
-2.24 -0.64 4.05771 
-2.24 -0.56 7.75938 
-2.24 -0.48 14.1051 
-2.24 -0.4 23.8326 
-2.24 -0.32 36.6497 
-2.24 -0.24 50.7841 
-2.24 -0.16 63.8364 
-2.24 -0.08 74.2087 
-2.24 6.93889e-16 81.5839 
-2.24 0.08 86.4324 
-2.24 0.16 89.4044 
-2.24 0.24 91.0085 
-2.24 0.32 91.509 
-2.24 0.4 90.879 
-2.24 0.48 88.7232 
-2.24 0.56 84.6436 
-2.24 0.64 81.1297 
-2.24 0.72 82.8591 
-2.24 0.8 86.6768 
-2.24 0.88 88.9437 
-2.24 0.96 89.4212 
-2.24 1.04 88.4895 
-2.24 1.12 86.2628 
-2.24 1.2 80.7567 
-2.24 1.28 74.0436 
-2.24 1.36 73.6282 
-2.24 1.44 79.2234 
-2.24 1.52 82.489 
-2.24 1.6 79.1886 
-2.24 1.68 79.0373 
-2.24 1.76 78.8788 
-2.24 1.84 74.3599 
-2.24 1.92 73.2562 
-2.24 2 77.1042 
-2.16 -2 2.49627e-05 
-2.16 -1.92 5.2149e-05 
-2.16 -1.84 0.000108938 
-2.16 -1.76 0.000227554 
-2.16 -1.68 0.000475277 
-2.16 -1.6 0.000992537 
-2.16 -1.52 0.00207232 
-2.16 -1.44 0.00432547 
-2.16 -1.36 0.00902436 
-2.16 -1.28 0.0188154 
-2.16 -1.2 0.0391906 
-2.16 -1.12 0.0815093 
-2.16 -1.04 0.16914 
-2.16 -0.96 0.349746 
-2.16 -0.88 0.719153 
-2.16 -0.8 1.46536 
-2.16 -0.72 2.94155 
-2.16 -0.64 5.76104 
-2.16 -0.56 10.841 
-2.16 -0.48 19.1829 
-2.16 -0.4 31.1425 
-2.16 -0.32 45.5403 
-2.16 -0.24 59.8635 
-2.16 -0.16 71.843 
-2.16 -0.08 80.6161 
-2.16 6.93889e-16 86.4926 
-2.16 0.08 90.2039 
-2.16 0.16 92.4222 
-2.16 0.24 93.6021 
-2.16 0.32 93.9678 
-2.16 0.4 93.5073 
-2.16 0.48 91.9175 
-2.16 0.56 88.8482 
-2.16 0.64 86.1389 
-2.16 0.72 87.4801 
-2.16 0.8 90.3879 
-2.16 0.88 92.0811 
-2.16 0.96 92.4346 
-2.16 1.04 91.7438 
-2.16 1.12 90.0761 
-2.16 1.2 85.8476 
-2.16 1.28 80.4813 
-2.16 1.36 80.1413 
-2.16 1.44 84.6428 
-2.16 1.52 87.1943 
-2.16 1.6 84.6153 
-2.16 1.68 84.4958 
-2.16 1.76 84.3704 
-2.16 1.84 80.7396 
-2.16 1.92 79.8359 
-2.16 2 82.9575 
-2.08 -2 3.60821e-05 
-2.08 -1.92 7.53782e-05 
-2.08 -1.84 0.000157463 
-2.08 -1.76 0.000328915 
-2.08 -1.68 0.000686983 
-2.08 -1.6 0.00143465 
-2.08 -1.52 0.00299538 
-2.08 -1.44 0.00625208 
-2.08 -1.36 0.0130436 
-2.08 -1.28 0.0271942 
-2.08 -1.2 0.0566378 
-2.08 -1.12 0.117774 
-2.08 -1.04 0.244298 
-2.08 -0.96 0.50475 
-2.08 -0.88 1.03617 
-2.08 -0.8 2.10435 
-2.08 -0.72 4.19684 
-2.08 -0.64 8.11889 
-2.08 -0.56 14.9482 
-2.08 -0.48 25.5449 
-2.08 -0.4 39.5309 
-2.08 -0.32 54.7247 
-2.08 -0.24 68.313 
-2.08 -0.16 78.6692 
-2.08 -0.08 85.7377 
-2.08 6.93889e-16 90.2493 
-2.08 0.08 93.0118 
-2.08 0.16 94.6321 
-2.08 0.24 95.4847 
-2.08 0.32 95.7477 
-2.08 0.4 95.4165 
-2.08 0.48 94.2654 
-2.08 0.56 92.0103 
-2.08 0.64 89.9825 
-2.08 0.72 90.9907 
-2.08 0.8 93.1471 
-2.08 0.88 94.3844 
-2.08 0.96 94.6411 
-2.08 1.04 94.139 
-2.08 1.12 92.9177 
-2.08 1.2 89.7624 
-2.08 1.28 85.6321 
-2.08 1.36 85.3655 
-2.08 1.44 88.8476 
-2.08 1.52 90.7766 
-2.08 1.6 88.8267 
-2.08 1.68 88.7355 
-2.08 1.76 88.6398 
-2.08 1.84 85.8342 
-2.08 1.92 85.1256 
-2.08 2 87.5559 
-2 -2 5.21544e-05 
-2 -1.92 0.000108955 
-2 -1.84 0.000227604 
-2 -1.76 0.000475427 
-2 -1.68 0.000992989 
-2 -1.6 0.00207368 
-2 -1.52 0.00432958 
-2 -1.44 0.00903676 
-2 -1.36 0.0188527 
-2 -1.28 0.0393028 
-2 -1.2 0.0818458 
-2 -1.12 0.170146 
-2 -1.04 0.352734 
-2 -0.96 0.727949 
-2 -0.88 1.49084 
-2 -0.8 3.01346 
-2 -0.72 5.95496 
-2 -0.64 11.3258 
-2 -0.56 20.2578 
-2 -0.48 33.1514 
-2 -0.4 48.5845 
-2 -0.32 63.5982 
-2 -0.24 75.7056 
-2 -0.16 84.2044 
-2 -0.08 89.6793 
-2 6.93889e-16 93.0452 
-2 0.08 95.0589 
-2 0.16 96.2238 
-2 0.24 96.8321 
-2 0.32 97.0191 
-2 0.4 96.7835 
-2 0.48 95.9613 
-2 0.56 94.3329 
-2 0.64 92.8488 
-2 0.72 93.5891 
-2 0.8 95.1566 
-2 0.88 96.0465 
-2 0.96 96.2303 
-2 1.04 95.8706 
-2 1.12 94.9909 
-2 1.2 92.6866 
-2 1.28 89.5993 
-2 1.36 89.3972 
-2 1.44 92.0098 
-2 1.52 93.4323 
-2 1.6 91.9943 
-2 1.68 91.9266 
-2 1.76 91.8555 
-2 1.84 89.7523 
-2 1.92 89.2151 
-2 2 91.0475 
-1.92 -2 7.53861e-05 
-1.92 -1.92 0.000157487 
-1.92 -1.84 0.000328987 
-1.92 -1.76 0.000687199 
-1.92 -1.68 0.0014353 
-1.92 -1.6 0.00299735 
-1.92 -1.52 0.00625803 
-1.92 -1.44 0.0130616 
-1.92 -1.36 0.0272482 
-1.92 -1.28 0.0567999 
-1.92 -1.2 0.11826 
-1.92 -1.12 0.245749 
-1.92 -1.04 0.509056 
-1.92 -0.96 1.04881 
-1.92 -0.88 2.14071 
-1.92 -0.8 4.29809 
-1.92 -0.72 8.38511 
-1.92 -0.64 15.5845 
-1.92 -0.56 26.8579 
-1.92 -0.48 41.7528 
-1.92 -0.4 57.7319 
-1.92 -0.32 71.634 
-1.92 -0.24 81.8322 
-1.92 -0.16 88.5129 
-1.92 -0.08 92.6252 
-1.92 6.93889e-16 95.083 
-1.92 0.08 96.5288 
-1.92 0.16 97.3568 
-1.92 0.24 97.7867 
-1.92 0.32 97.9186 
-1.92 0.4 97.7525 
-1.92 0.48 97.1707 
-1.92 0.56 96.0096 
-1.92 0.64 94.9411 
-1.92 0.72 95.4754 
-1.92 0.8 96.5984 
-1.92 0.88 97.2311 
-1.92 0.96 97.3614 
-1.92 1.04 97.1063 
-1.92 1.12 96.4802 
-1.92 1.2 94.8237 
-1.92 1.28 92.5662 
-1.92 1.36 92.4169 
-1.92 1.44 94.3326 
-1.92 1.52 95.3624 
-1.92 1.6 94.3213 
-1.92 1.68 94.2721 
-1.92 1.76 94.2203 
-1.92 1.84 92.6791 
-1.92 1.92 92.2821 
-1.92 2 93.6306 
-1.84 -2 0.000108966 
-1.84 -1.92 0.000227638 
-1.84 -1.84 0.000475531 
-1.84 -1.76 0.000993302 
-1.84 -1.68 0.00207463 
-1.84 -1.6 0.00433244 
-1.84 -1.52 0.00904536 
-1.84 -1.44 0.0188786 
-1.84 -1.36 0.0393808 
-1.84 -1.28 0.0820801 
-1.84 -1.2 0.170848 
-1.84 -1.12 0.354828 
-1.84 -1.04 0.734145 
-1.84 -0.96 1.50894 
-1.84 -0.88 3.06504 
-1.84 -0.8 6.09592 
-1.84 -0.72 11.6838 
-1.84 -0.64 21.0642 
-1.84 -0.56 34.6733 
-1.84 -0.48 50.887 
-1.84 -0.4 66.3781 
-1.84 -0.32 78.4957 
-1.84 -0.24 86.6855 
-1.84 -0.16 91.7612 
-1.84 -0.08 94.7793 
-1.84 6.93889e-16 96.546 
-1.84 0.08 97.5725 
-1.84 0.16 98.1563 
-1.84 0.24 98.4583 
-1.84 0.32 98.5507 
-1.84 0.4 98.4342 
-1.84 0.48 98.0254 
-1.84 0.56 97.205 
-1.84 0.64 96.4447 
-1.84 0.72 96.8255 
-1.84 0.8 97.6218 
-1.84 0.88 98.0679 
-1.84 0.96 98.1595 
-1.84 1.04 97.9801 
-1.84 1.12 97.5382 
-1.84 1.2 96.3608 
-1.84 1.28 94.7365 
-1.84 1.36 94.6283 
-1.84 1.44 96.0094 
-1.84 1.52 96.745 
-1.84 1.6 96.0013 
-1.84 1.68 95.966 
-1.84 1.76 95.9289 
-1.84 1.84 94.8183 
-1.84 1.92 94.5305 
-1.84 2 95.5053 
-1.76 -2 0.000157504 
-1.76 -1.92 0.000329037 
-1.76 -1.84 0.000687349 
-1.76 -1.76 0.00143575 
-1.76 -1.68 0.00299872 
-1.76 -1.6 0.00626215 
-1.76 -1.52 0.013074 
-1.76 -1.44 0.0272856 
-1.76 -1.36 0.0569126 
-1.76 -1.28 0.118598 
-1.76 -1.2 0.246763 
-1.76 -1.12 0.512073 
-1.76 -1.04 1.0577 
-1.76 -0.96 2.16651 
-1.76 -0.88 4.37066 
-1.76 -0.8 8.57835 
-1.76 -0.72 16.0527 
-1.76 -0.64 27.8353 
-1.76 -0.56 43.4131 
-1.76 -0.48 59.9623 
-1.76 -0.4 74.0507 
-1.76 -0.32 84.0668 
-1.76 -0.24 90.3945 
-1.76 -0.16 94.1517 
-1.76 -0.08 96.3291 
-1.76 6.93889e-16 97.5847 
-1.76 0.08 98.3079 
-1.76 0.16 98.7172 
-1.76 0.24 98.9283 
-1.76 0.32 98.9928 
-1.76 0.4 98.9115 
-1.76 0.48 98.6255 
-1.76 0.56 98.0495 
-1.76 0.64 97.5131 
-1.76 0.72 97.7821 
-1.76 0.8 98.3425 
-1.76 0.88 98.6553 
-1.76 0.96 98.7194 
-1.76 1.04 98.5938 
-1.76 1.12 98.2838 
-1.76 1.2 97.4538 
-1.76 1.28 96.2985 
-1.76 1.36 96.2211 
-1.76 1.44 97.2048 
-1.76 1.52 97.7253 
-1.76 1.6 97.1991 
-1.76 1.68 97.174 
-1.76 1.76 97.1477 
-1.76 1.84 96.357 
-1.76 1.92 96.1511 
-1.76 2 96.8467 
-1.68 -2 0.000227662 
-1.68 -1.92 0.000475602 
-1.68 -1.84 0.000993519 
-1.68 -1.76 0.00207528 
-1.68 -1.68 0.00433441 
-1.68 -1.6 0.00905131 
-1.68 -1.52 0.0188966 
-1.68 -1.44 0.0394349 
-1.68 -1.36 0.0822429 
-1.68 -1.28 0.171336 
-1.68 -1.2 0.356289 
-1.68 -1.12 0.738486 
-1.68 -1.04 1.52168 
-1.68 -0.96 3.10163 
-1.68 -0.88 6.19688 
-1.68 -0.8 11.9431 
-1.68 -0.72 21.6548 
-1.68 -0.64 35.7959 
-1.68 -0.56 52.5826 
-1.68 -0.48 68.402 
-1.68 -0.4 80.4871 
-1.68 -0.32 88.4077 
-1.68 -0.24 93.1519 
-1.68 -0.16 95.8797 
-1.68 -0.08 97.4313 
-1.68 6.93889e-16 98.3165 
-1.68 0.08 98.8232 
-1.68 0.16 99.109 
-1.68 0.24 99.2561 
-1.68 0.32 99.301 
-1.68 0.4 99.2444 
-1.68 0.48 99.045 
-1.68 0.56 98.6424 
-1.68 0.64 98.2662 
-1.68 0.72 98.455 
-1.68 0.8 98.8474 
-1.68 0.88 99.0658 
-1.68 0.96 99.1106 
-1.68 1.04 99.0229 
-1.68 1.12 98.8064 
-1.68 1.2 98.2245 
-1.68 1.28 97.4097 
-1.68 1.36 97.3548 
-1.68 1.44 98.0494 
-1.68 1.52 98.4152 
-1.68 1.6 98.0454 
-1.68 1.68 98.0277 
-1.68 1.76 98.0092 
-1.68 1.84 97.451 
-1.68 1.92 97.3053 
-1.68 2 97.7971 
-1.6 -2 0.000329071 
-1.6 -1.92 0.000687453 
-1.6 -1.84 0.00143607 
-1.6 -1.76 0.00299966 
-1.6 -1.68 0.00626501 
-1.6 -1.6 0.0130826 
-1.6 -1.52 0.0273116 
-1.6 -1.44 0.0569908 
-1.6 -1.36 0.118834 
-1.6 -1.28 0.247468 
-1.6 -1.2 0.514178 
-1.6 -1.12 1.06394 
-1.6 -1.04 2.18468 
-1.6 -0.96 4.42213 
-1.6 -0.88 8.71661 
-1.6 -0.8 16.3911 
-1.6 -0.72 28.5471 
-1.6 -0.64 44.6253 
-1.6 -0.56 61.5812 
-1.6 -0.48 75.7812 
-1.6 -0.4 85.6366 
-1.6 -0.32 91.683 
-1.6 -0.24 95.1601 
-1.6 -0.16 97.1128 
-1.6 -0.08 98.2087 
-1.6 6.93889e-16 98.8292 
-1.6 0.08 99.1829 
-1.6 0.16 99.3819 
-1.6 0.24 99.4842 
-1.6 0.32 99.5154 
-1.6 0.4 99.476 
-1.6 0.48 99.3374 
-1.6 0.56 99.0568 
-1.6 0.64 98.794 
-1.6 0.72 98.926 
-1.6 0.8 99.1998 
-1.6 0.88 99.3519 
-1.6 0.96 99.383 
-1.6 1.04 99.322 
-1.6 1.12 99.1712 
-1.6 1.2 98.7649 
-1.6 1.28 98.1935 
-1.6 1.36 98.155 
-1.6 1.44 98.6424 
-1.6 1.52 98.8982 
-1.6 1.6 98.6395 
-1.6 1.68 98.6272 
-1.6 1.76 98.6142 
-1.6 1.84 98.2226 
-1.6 1.92 98.1201 
-1.6 2 98.4655 
-1.52 -2 0.000475652 
-1.52 -1.92 0.000993669 
-1.52 -1.84 0.00207573 
-1.52 -1.76 0.00433578 
-1.52 -1.68 0.00905544 
-1.52 -1.6 0.018909 
-1.52 -1.52 0.0394724 
-1.52 -1.44 0.0823558 
-1.52 -1.36 0.171676 
-1.52 -1.28 0.357306 
-1.52 -1.2 0.741515 
-1.52 -1.12 1.5306 
-1.52 -1.04 3.1274 
-1.52 -0.96 6.26844 
-1.52 -0.88 12.1284 
-1.52 -0.8 22.0802 
-1.52 -0.72 36.6081 
-1.52 -0.64 53.8075 
-1.52 -0.56 69.8513 
-1.52 -0.48 81.8933 
-1.52 -0.4 89.6028 
-1.52 -0.32 94.0947 
-1.52 -0.24 96.6009 
-1.52 -0.16 97.9846 
-1.52 -0.08 98.7538 
-1.52 6.93889e-16 99.1871 
-1.52 0.08 99.4333 
-1.52 0.16 99.5715 
-1.52 0.24 99.6426 
-1.52 0.32 99.6642 
-1.52 0.4 99.6369 
-1.52 0.48 99.5406 
-1.52 0.56 99.3456 
-1.52 0.64 99.1626 
-1.52 0.72 99.2545 
-1.52 0.8 99.445 
-1.52 0.88 99.5507 
-1.52 0.96 99.5723 
-1.52 1.04 99.5299 
-1.52 1.12 99.4251 
-1.52 1.2 99.1423 
-1.52 1.28 98.7432 
-1.52 1.36 98.7162 
-1.52 1.44 99.0568 
-1.52 1.52 99.2351 
-1.52 1.6 99.0548 
-1.52 1.68 99.0462 
-1.52 1.76 99.0372 
-1.52 1.84 98.7636 
-1.52 1.92 98.6918 
-1.52 2 98.9334 
-1.44 -2 0.000687525 
-1.44 -1.92 0.00143628 
-1.44 -1.84 0.00300032 
-1.44 -1.76 0.00626698 
-1.44 -1.68 0.0130886 
-1.44 -1.6 0.0273295 
-1.44 -1.52 0.0570449 
-1.44 -1.44 0.118997 
-1.44 -1.36 0.247958 
-1.44 -1.28 0.515643 
-1.44 -1.2 1.06829 
-1.44 -1.12 2.19741 
-1.44 -1.04 4.45835 
-1.44 -0.96 8.81454 
-1.44 -0.88 16.6323 
-1.44 -0.8 29.0576 
-1.44 -0.72 45.4959 
-1.44 -0.64 62.7383 
-1.44 -0.56 77.0058 
-1.44 -0.48 86.733 
-1.44 -0.4 92.5688 
-1.44 -0.32 95.8388 
-1.44 -0.24 97.6235 
-1.44 -0.16 98.597 
-1.44 -0.08 99.1345 
-1.44 6.93889e-16 99.4362 
-1.44 0.08 99.6072 
-1.44 0.16 99.7032 
-1.44 0.24 99.7524 
-1.44 0.32 99.7675 
-1.44 0.4 99.7485 
-1.44 0.48 99.6818 
-1.44 0.56 99.5463 
-1.44 0.64 99.4191 
-1.44 0.72 99.4831 
-1.44 0.8 99.6154 
-1.44 0.88 99.6887 
-1.44 0.96 99.7037 
-1.44 1.04 99.6743 
-1.44 1.12 99.6016 
-1.44 1.2 99.405 
-1.44 1.28 99.1271 
-1.44 1.36 99.1083 
-1.44 1.44 99.3456 
-1.44 1.52 99.4696 
-1.44 1.6 99.3442 
-1.44 1.68 99.3382 
-1.44 1.76 99.3319 
-1.44 1.84 99.1413 
-1.44 1.92 99.0913 
-1.44 2 99.2596 
-1.36 -2 0.000993773 
-1.36 -1.92 0.00207605 
-1.36 -1.84 0.00433672 
-1.36 -1.76 0.00905829 
-1.36 -1.68 0.0189176 
-1.36 -1.6 0.0394984 
-1.36 -1.52 0.0824341 
-1.36 -1.44 0.171911 
-1.36 -1.36 0.358012 
-1.36 -1.28 0.743623 
-1.36 -1.2 1.53683 
-1.36 -1.12 3.14544 
-1.36 -1.04 6.3188 
-1.36 -0.96 12.2595 
-1.36 -0.88 22.3828 
-1.36 -0.8 37.1877 
-1.36 -0.72 54.6802 
-1.36 -0.64 70.8771 
-1.36 -0.56 82.8787 
-1.36 -0.48 90.4302 
-1.36 -0.4 94.7383 
-1.36 -0.32 97.0837 
-1.36 -0.24 98.3438 
-1.36 -0.16 99.0251 
-1.36 -0.08 99.3997 
-1.36 6.93889e-16 99.6093 
-1.36 0.08 99.728 
-1.36 0.16 99.7945 
-1.36 0.24 99.8286 
-1.36 0.32 99.839 
-1.36 0.4 99.8259 
-1.36 0.48 99.7796 
-1.36 0.56 99.6857 
-1.36 0.64 99.5974 
-1.36 0.72 99.6418 
-1.36 0.8 99.7336 
-1.36 0.88 99.7844 
-1.36 0.96 99.7948 
-1.36 1.04 99.7745 
-1.36 1.12 99.724 
-1.36 1.2 99.5876 
-1.36 1.28 99.3945 
-1.36 1.36 99.3814 
-1.36 1.44 99.5463 
-1.36 1.52 99.6324 
-1.36 1.6 99.5454 
-1.36 1.68 99.5412 
-1.36 1.76 99.5368 
-1.36 1.84 99.4044 
-1.36 1.92 99.3696 
-1.36 2 99.4866 
-1.28 -2 0.00143643 
-1.28 -1.92 0.00300077 
-1.28 -1.84 0.00626835 
-1.28 -1.76 0.0130927 
-1.28 -1.68 0.027342 
-1.28 -1.6 0.0570825 
-1.28 -1.52 0.11911 
-1.28 -1.44 0.248297 
-1.28 -1.36 0.516661 
-1.28 -1.28 1.07131 
-1.28 -1.2 2.20629 
-1.28 -1.12 4.48372 
-1.28 -1.04 8.8834 
-1.28 -0.96 16.8028 
-1.28 -0.88 29.4198 
-1.28 -0.8 46.1139 
-1.28 -0.72 63.5567 
-1.28 -0.64 77.8653 
-1.28 -0.56 87.4951 
-1.28 -0.48 93.1781 
-1.28 -0.4 96.2998 
-1.28 -0.32 97.9641 
-1.28 -0.24 98.8483 
-1.28 -0.16 99.3235 
-1.28 -0.08 99.5839 
-1.28 6.93889e-16 99.7293 
-1.28 0.08 99.8116 
-1.28 0.16 99.8577 
-1.28 0.24 99.8814 
-1.28 0.32 99.8886 
-1.28 0.4 99.8795 
-1.28 0.48 99.8474 
-1.28 0.56 99.7824 
-1.28 0.64 99.7211 
-1.28 0.72 99.7519 
-1.28 0.8 99.8155 
-1.28 0.88 99.8508 
-1.28 0.96 99.858 
-1.28 1.04 99.8439 
-1.28 1.12 99.8089 
-1.28 1.2 99.7143 
-1.28 1.28 99.5803 
-1.28 1.36 99.5712 
-1.28 1.44 99.6857 
-1.28 1.52 99.7454 
-1.28 1.6 99.685 
-1.28 1.68 99.6821 
-1.28 1.76 99.6791 
-1.28 1.84 99.5872 
-1.28 1.92 99.563 
-1.28 2 99.6443 
-1.2 -2 0.00207626 
-1.2 -1.92 0.00433738 
-1.2 -1.84 0.00906027 
-1.2 -1.76 0.0189236 
-1.2 -1.68 0.0395164 
-1.2 -1.6 0.0824883 
-1.2 -1.52 0.172075 
-1.2 -1.44 0.358503 
-1.2 -1.36 0.745088 
-1.2 -1.28 1.54117 
-1.2 -1.2 3.15803 
-1.2 -1.12 6.35404 
-1.2 -1.04 12.3517 
-1.2 -0.96 22.5962 
-1.2 -0.88 37.5974 
-1.2 -0.8 55.2964 
-1.2 -0.72 71.5976 
-1.2 -0.64 83.5655 
-1.2 -0.56 91.002 
-1.2 -0.48 95.1791 
-1.2 -0.4 97.4106 
-1.2 -0.32 98.5826 
-1.2 -0.24 99.2004 
-1.2 -0.16 99.531 
-1.2 -0.08 99.7118 
-1.2 6.93889e-16 99.8126 
-1.2 0.08 99.8696 
-1.2 0.16 99.9015 
-1.2 0.24 99.9179 
-1.2 0.32 99.9229 
-1.2 0.4 99.9166 
-1.2 0.48 99.8944 
-1.2 0.56 99.8493 
-1.2 0.64 99.8069 
-1.2 0.72 99.8282 
-1.2 0.8 99.8723 
-1.2 0.88 99.8967 
-1.2 0.96 99.9017 
-1.2 1.04 99.8919 
-1.2 1.12 99.8677 
-1.2 1.2 99.8022 
-1.2 1.28 99.7093 
-1.2 1.36 99.703 
-1.2 1.44 99.7823 
-1.2 1.52 99.8237 
-1.2 1.6 99.7819 
-1.2 1.68 99.7799 
-1.2 1.76 99.7778 
-1.2 1.84 99.714 
-1.2 1.92 99.6973 
-1.2 2 99.7536 
-1.12 -2 0.00300109 
-1.12 -1.92 0.0062693 
-1.12 -1.84 0.0130955 
-1.12 -1.76 0.0273506 
-1.12 -1.68 0.0571085 
-1.12 -1.6 0.119188 
-1.12 -1.52 0.248533 
-1.12 -1.44 0.517368 
-1.12 -1.36 1.07342 
-1.12 -1.28 2.21247 
-1.12 -1.2 4.50142 
-1.12 -1.12 8.93159 
-1.12 -1.04 16.9225 
-1.12 -0.96 29.6747 
-1.12 -0.88 46.5491 
-1.12 -0.8 64.1313 
-1.12 -0.72 78.4655 
-1.12 -0.64 88.0235 
-1.12 -0.56 93.5974 
-1.12 -0.48 96.6144 
-1.12 -0.4 98.1941 
-1.12 -0.32 99.0151 
-1.12 -0.24 99.4454 
-1.12 -0.16 99.6751 
-1.12 -0.08 99.8004 
-1.12 6.93889e-16 99.8703 
-1.12 0.08 99.9098 
-1.12 0.16 99.9318 
-1.12 0.24 99.9432 
-1.12 0.32 99.9466 
-1.12 0.4 99.9423 
-1.12 0.48 99.9269 
-1.12 0.56 99.8957 
-1.12 0.64 99.8663 
-1.12 0.72 99.8811 
-1.12 0.8 99.9116 
-1.12 0.88 99.9285 
-1.12 0.96 99.932 
-1.12 1.04 99.9252 
-1.12 1.12 99.9084 
-1.12 1.2 99.8631 
-1.12 1.28 99.7987 
-1.12 1.36 99.7943 
-1.12 1.44 99.8493 
-1.12 1.52 99.878 
-1.12 1.6 99.849 
-1.12 1.68 99.8476 
-1.12 1.76 99.8462 
-1.12 1.84 99.802 
-1.12 1.92 99.7904 
-1.12 2 99.8294 
-1.04 -2 0.00433783 
-1.04 -1.92 0.00906164 
-1.04 -1.84 0.0189277 
-1.04 -1.76 0.0395288 
-1.04 -1.68 0.0825259 
-1.04 -1.6 0.172188 
-1.04 -1.52 0.358842 
-1.04 -1.44 0.746104 
-1.04 -1.36 1.54418 
-1.04 -1.28 3.16679 
-1.04 -1.2 6.37863 
-1.04 -1.12 12.4161 
-1.04 -1.04 22.7459 
-1.04 -0.96 37.8852 
-1.04 -0.88 55.7287 
-1.04 -0.8 72.1011 
-1.04 -0.72 84.0428 
-1.04 -0.64 91.3968 
-1.04 -0.56 95.4813 
-1.04 -0.48 97.6331 
-1.04 -0.4 98.7437 
-1.04 -0.32 99.3166 
-1.04 -0.24 99.6157 
-1.04 -0.16 99.775 
-1.04 -0.08 99.8618 
-1.04 6.93889e-16 99.9102 
-1.04 0.08 99.9375 
-1.04 0.16 99.9528 
-1.04 0.24 99.9607 
-1.04 0.32 99.9631 
-1.04 0.4 99.9601 
-1.04 0.48 99.9494 
-1.04 0.56 99.9278 
-1.04 0.64 99.9075 
-1.04 0.72 99.9177 
-1.04 0.8 99.9388 
-1.04 0.88 99.9505 
-1.04 0.96 99.9529 
-1.04 1.04 99.9482 
-1.04 1.12 99.9366 
-1.04 1.2 99.9052 
-1.04 1.28 99.8606 
-1.04 1.36 99.8576 
-1.04 1.44 99.8957 
-1.04 1.52 99.9156 
-1.04 1.6 99.8955 
-1.04 1.68 99.8945 
-1.04 1.76 99.8935 
-1.04 1.84 99.8629 
-1.04 1.92 99.8549 
-1.04 2 99.8819 
-0.96 -2 0.00626995 
-0.96 -1.92 0.0130975 
-0.96 -1.84 0.0273566 
-0.96 -1.76 0.0571265 
-0.96 -1.68 0.119242 
-0.96 -1.6 0.248696 
-0.96 -1.52 0.517857 
-0.96 -1.44 1.07488 
-0.96 -1.36 2.21677 
-0.96 -1.28 4.51373 
-0.96 -1.2 8.96519 
-0.96 -1.12 17.0062 
-0.96 -1.04 29.8531 
-0.96 -0.96 46.8539 
-0.96 -0.88 64.5329 
-0.96 -0.8 78.8831 
-0.96 -0.72 88.3893 
-0.96 -0.64 93.8859 
-0.96 -0.56 96.8297 
-0.96 -0.48 98.3504 
-0.96 -0.4 99.1274 
-0.96 -0.32 99.5262 
-0.96 -0.24 99.7338 
-0.96 -0.16 99.8442 
-0.96 -0.08 99.9044 
-0.96 6.93889e-16 99.9379 
-0.96 0.08 99.9568 
-0.96 0.16 99.9674 
-0.96 0.24 99.9728 
-0.96 0.32 99.9745 
-0.96 0.4 99.9724 
-0.96 0.48 99.965 
-0.96 0.56 99.9501 
-0.96 0.64 99.936 
-0.96 0.72 99.9431 
-0.96 0.8 99.9577 
-0.96 0.88 99.9658 
-0.96 0.96 99.9674 
-0.96 1.04 99.9642 
-0.96 1.12 99.9562 
-0.96 1.2 99.9344 
-0.96 1.28 99.9035 
-0.96 1.36 99.9014 
-0.96 1.44 99.9278 
-0.96 1.52 99.9416 
-0.96 1.6 99.9277 
-0.96 1.68 99.927 
-0.96 1.76 99.9263 
-0.96 1.84 99.9051 
-0.96 1.92 99.8996 
-0.96 2 99.9183 
-0.88 -2 0.00906258 
-0.88 -1.92 0.0189306 
-0.88 -1.84 0.0395375 
-0.88 -1.76 0.0825519 
-0.88 -1.68 0.172266 
-0.88 -1.6 0.359078 
-0.88 -1.52 0.746809 
-0.88 -1.44 1.54627 
-0.88 -1.36 3.17287 
-0.88 -1.28 6.39573 
-0.88 -1.2 12.461 
-0.88 -1.12 22.8504 
-0.88 -1.04 38.0863 
-0.88 -0.96 56.0306 
-0.88 -0.88 72.4518 
-0.88 -0.8 84.3738 
-0.88 -0.72 91.6693 
-0.88 -0.64 95.6889 
-0.88 -0.56 97.785 
-0.88 -0.48 98.853 
-0.88 -0.4 99.3947 
-0.88 -0.32 99.6717 
-0.88 -0.24 99.8157 
-0.88 -0.16 99.8922 
-0.88 -0.08 99.9338 
-0.88 6.93889e-16 99.957 
-0.88 0.08 99.9701 
-0.88 0.16 99.9774 
-0.88 0.24 99.9812 
-0.88 0.32 99.9824 
-0.88 0.4 99.9809 
-0.88 0.48 99.9758 
-0.88 0.56 99.9654 
-0.88 0.64 99.9557 
-0.88 0.72 99.9606 
-0.88 0.8 99.9707 
-0.88 0.88 99.9763 
-0.88 0.96 99.9775 
-0.88 1.04 99.9752 
-0.88 1.12 99.9697 
-0.88 1.2 99.9546 
-0.88 1.28 99.9332 
-0.88 1.36 99.9318 
-0.88 1.44 99.9501 
-0.88 1.52 99.9596 
-0.88 1.6 99.9499 
-0.88 1.68 99.9495 
-0.88 1.76 99.949 
-0.88 1.84 99.9343 
-0.88 1.92 99.9305 
-0.88 2 99.9435 
-0.8 -2 0.0130989 
-0.8 -1.92 0.0273607 
-0.8 -1.84 0.0571389 
-0.8 -1.76 0.11928 
-0.8 -1.68 0.248809 
-0.8 -1.6 0.518197 
-0.8 -1.52 1.07589 
-0.8 -1.44 2.21975 
-0.8 -1.36 4.52228 
-0.8 -1.28 8.98857 
-0.8 -1.2 17.0645 
-0.8 -1.12 29.9777 
-0.8 -1.04 47.0665 
-0.8 -0.96 64.8127 
-0.8 -0.88 79.1732 
-0.8 -0.8 88.6424 
-0.8 -0.72 94.0847 
-0.8 -0.64 96.9773 
-0.8 -0.56 98.4571 
-0.8 -0.48 99.2036 
-0.8 -0.4 99.5805 
-0.8 -0.32 99.7727 
-0.8 -0.24 99.8724 
-0.8 -0.16 99.9254 
-0.8 -0.08 99.9542 
-0.8 6.93889e-16 99.9703 
-0.8 0.08 99.9793 
-0.8 0.16 99.9844 
-0.8 0.24 99.987 
-0.8 0.32 99.9878 
-0.8 0.4 99.9868 
-0.8 0.48 99.9832 
-0.8 0.56 99.9761 
-0.8 0.64 99.9693 
-0.8 0.72 99.9727 
-0.8 0.8 99.9797 
-0.8 0.88 99.9836 
-0.8 0.96 99.9844 
-0.8 1.04 99.9829 
-0.8 1.12 99.979 
-0.8 1.2 99.9686 
-0.8 1.28 99.9538 
-0.8 1.36 99.9528 
-0.8 1.44 99.9654 
-0.8 1.52 99.972 
-0.8 1.6 99.9654 
-0.8 1.68 99.965 
-0.8 1.76 99.9647 
-0.8 1.84 99.9546 
-0.8 1.92 99.9519 
-0.8 2 99.9609 
-0.72 -2 0.0189326 
-0.72 -1.92 0.0395434 
-0.72 -1.84 0.0825699 
-0.72 -1.76 0.17232 
-0.72 -1.68 0.359241 
-0.72 -1.6 0.747297 
-0.72 -1.52 1.54771 
-0.72 -1.44 3.17709 
-0.72 -1.36 6.40761 
-0.72 -1.28 12.4923 
-0.72 -1.2 22.9232 
-0.72 -1.12 38.2264 
-0.72 -1.04 56.2408 
-0.72 -0.96 72.6955 
-0.72 -0.88 84.6032 
-0.72 -0.8 91.8575 
-0.72 -0.72 95.8316 
-0.72 -0.64 97.8891 
-0.72 -0.56 98.9275 
-0.72 -0.48 99.4477 
-0.72 -0.4 99.7094 
-0.72 -0.32 99.8426 
-0.72 -0.24 99.9117 
-0.72 -0.16 99.9484 
-0.72 -0.08 99.9683 
-0.72 6.93889e-16 99.9794 
-0.72 0.08 99.9857 
-0.72 0.16 99.9892 
-0.72 0.24 99.991 
-0.72 0.32 99.9916 
-0.72 0.4 99.9909 
-0.72 0.48 99.9884 
-0.72 0.56 99.9835 
-0.72 0.64 99.9788 
-0.72 0.72 99.9811 
-0.72 0.8 99.986 
-0.72 0.88 99.9887 
-0.72 0.96 99.9892 
-0.72 1.04 99.9881 
-0.72 1.12 99.9855 
-0.72 1.2 99.9783 
-0.72 1.28 99.968 
-0.72 1.36 99.9673 
-0.72 1.44 99.9761 
-0.72 1.52 99.9806 
-0.72 1.6 99.976 
-0.72 1.68 99.9758 
-0.72 1.76 99.9756 
-0.72 1.84 99.9686 
-0.72 1.92 99.9667 
-0.72 2 99.9729 
-0.64 -2 0.0273636 
-0.64 -1.92 0.0571476 
-0.64 -1.84 0.119306 
-0.64 -1.76 0.248888 
-0.64 -1.68 0.518432 
-0.64 -1.6 1.07659 
-0.64 -1.52 2.22181 
-0.64 -1.44 4.52822 
-0.64 -1.36 9.0048 
-0.64 -1.28 17.105 
-0.64 -1.2 30.0643 
-0.64 -1.12 47.2145 
-0.64 -1.04 65.0072 
-0.64 -0.96 79.3744 
-0.64 -0.88 88.8174 
-0.64 -0.8 94.2217 
-0.64 -0.72 97.0787 
-0.64 -0.64 98.5301 
-0.64 -0.56 99.2555 
-0.64 -0.48 99.6172 
-0.64 -0.4 99.7988 
-0.64 -0.32 99.8911 
-0.64 -0.24 99.9389 
-0.64 -0.16 99.9643 
-0.64 -0.08 99.9781 
-0.64 6.93889e-16 99.9858 
-0.64 0.08 99.9901 
-0.64 0.16 99.9925 
-0.64 0.24 99.9938 
-0.64 0.32 99.9942 
-0.64 0.4 99.9937 
-0.64 0.48 99.992 
-0.64 0.56 99.9886 
-0.64 0.64 99.9853 
-0.64 0.72 99.9869 
-0.64 0.8 99.9903 
-0.64 0.88 99.9922 
-0.64 0.96 99.9925 
-0.64 1.04 99.9918 
-0.64 1.12 99.99 
-0.64 1.2 99.985 
-0.64 1.28 99.9779 
-0.64 1.36 99.9774 
-0.64 1.44 99.9835 
-0.64 1.52 99.9866 
-0.64 1.6 99.9834 
-0.64 1.68 99.9833 
-0.64 1.76 99.9831 
-0.64 1.84 99.9782 
-0.64 1.92 99.977 
-0.64 2 99.9813 
-0.56 -2 0.0395476 
-0.56 -1.92 0.0825823 
-0.56 -1.84 0.172358 
-0.56 -1.76 0.359354 
-0.56 -1.68 0.747635 
-0.56 -1.6 1.54872 
-0.56 -1.52 3.18002 
-0.56 -1.44 6.41585 
-0.56 -1.36 12.5139 
-0.56 -1.28 22.9738 
-0.56 -1.2 38.3239 
-0.56 -1.12 56.3869 
-0.56 -1.04 72.8647 
-0.56 -0.96 84.762 
-0.56 -0.88 91.9874 
-0.56 -0.8 95.93 
-0.56 -0.72 97.9606 
-0.56 -0.64 98.9784 
-0.56 -0.56 99.4838 
-0.56 -0.48 99.7349 
-0.56 -0.4 99.8607 
-0.56 -0.32 99.9246 
-0.56 -0.24 99.9577 
-0.56 -0.16 99.9753 
-0.56 -0.08 99.9848 
-0.56 6.93889e-16 99.9902 
-0.56 0.08 99.9932 
-0.56 0.16 99.9948 
-0.56 0.24 99.9957 
-0.56 0.32 99.996 
-0.56 0.4 99.9957 
-0.56 0.48 99.9946 
-0.56 0.56 99.9921 
-0.56 0.64 99.9898 
-0.56 0.72 99.991 
-0.56 0.8 99.9933 
-0.56 0.88 99.9946 
-0.56 0.96 99.9948 
-0.56 1.04 99.9943 
-0.56 1.12 99.993 
-0.56 1.2 99.9896 
-0.56 1.28 99.9847 
-0.56 1.36 99.9844 
-0.56 1.44 99.9886 
-0.56 1.52 99.9907 
-0.56 1.6 99.9885 
-0.56 1.68 99.9884 
-0.56 1.76 99.9883 
-0.56 1.84 99.985 
-0.56 1.92 99.9841 
-0.56 2 99.987 
-0.48 -2 0.0571535 
-0.48 -1.92 0.119324 
-0.48 -1.84 0.248942 
-0.48 -1.76 0.518594 
-0.48 -1.68 1.07707 
-0.48 -1.6 2.22324 
-0.48 -1.52 4.53233 
-0.48 -1.44 9.01606 
-0.48 -1.36 17.1331 
-0.48 -1.28 30.1245 
-0.48 -1.2 47.3173 
-0.48 -1.12 65.1421 
-0.48 -1.04 79.5138 
-0.48 -0.96 88.9385 
-0.48 -0.88 94.3163 
-0.48 -0.8 97.1484 
-0.48 -0.72 98.5801 
-0.48 -0.64 99.291 
-0.48 -0.56 99.6423 
-0.48 -0.48 99.8164 
-0.48 -0.4 99.9036 
-0.48 -0.32 99.9478 
-0.48 -0.24 99.9707 
-0.48 -0.16 99.9829 
-0.48 -0.08 99.9895 
-0.48 6.93889e-16 99.9932 
-0.48 0.08 99.9953 
-0.48 0.16 99.9964 
-0.48 0.24 99.997 
-0.48 0.32 99.9972 
-0.48 0.4 99.997 
-0.48 0.48 99.9963 
-0.48 0.56 99.9945 
-0.48 0.64 99.993 
-0.48 0.72 99.9938 
-0.48 0.8 99.9954 
-0.48 0.88 99.9972 
-0.48 0.96 99.9973 
-0.48 1.04 99.9972 
-0.48 1.12 99.9952 
-0.48 1.2 99.9928 
-0.48 1.28 99.9894 
-0.48 1.36 99.9892 
-0.48 1.44 99.9921 
-0.48 1.52 99.9936 
-0.48 1.6 99.9921 
-0.48 1.68 99.992 
-0.48 1.76 99.9919 
-0.48 1.84 99.9896 
-0.48 1.92 99.989 
-0.48 2 99.991 
-0.4 -2 0.082591 
-0.4 -1.92 0.172384 
-0.4 -1.84 0.359432 
-0.4 -1.76 0.747869 
-0.4 -1.68 1.54941 
-0.4 -1.6 3.18205 
-0.4 -1.52 6.42156 
-0.4 -1.44 12.529 
-0.4 -1.36 23.0089 
-0.4 -1.28 38.3915 
-0.4 -1.2 56.4883 
-0.4 -1.12 72.9819 
-0.4 -1.04 84.872 
-0.4 -0.96 92.0772 
-0.4 -0.88 95.9977 
-0.4 -0.8 98.0097 
-0.4 -0.72 99.0134 
-0.4 -0.64 99.5084 
-0.4 -0.56 99.7522 
-0.4 -0.48 99.8729 
-0.4 -0.4 99.9333 
-0.4 -0.32 99.9639 
-0.4 -0.24 99.9798 
-0.4 -0.16 99.9882 
-0.4 -0.08 99.9927 
-0.4 6.93889e-16 99.9953 
-0.4 0.08 99.9967 
-0.4 0.16 99.9975 
-0.4 0.24 99.9979 
-0.4 0.32 99.9981 
-0.4 0.4 99.9979 
-0.4 0.48 99.9974 
-0.4 0.56 99.9966 
-0.4 0.64 99.9951 
-0.4 0.72 99.9957 
-0.4 0.8 99.9976 
-0.4 0.88 99.998 
-0.4 0.96 99.9982 
-0.4 1.04 99.998 
-0.4 1.12 99.9977 
-0.4 1.2 99.995 
-0.4 1.28 99.9927 
-0.4 1.36 99.9925 
-0.4 1.44 99.9945 
-0.4 1.52 99.9956 
-0.4 1.6 99.9945 
-0.4 1.68 99.9945 
-0.4 1.76 99.9944 
-0.4 1.84 99.9928 
-0.4 1.92 99.9924 
-0.4 2 99.9938 
-0.32 -2 0.119336 
-0.32 -1.92 0.248979 
-0.32 -1.84 0.518707 
-0.32 -1.76 1.07741 
-0.32 -1.68 2.22423 
-0.32 -1.6 4.53518 
-0.32 -1.52 9.02386 
-0.32 -1.44 17.1526 
-0.32 -1.36 30.1662 
-0.32 -1.28 47.3886 
-0.32 -1.2 65.2357 
-0.32 -1.12 79.6104 
-0.32 -1.04 89.0222 
-0.32 -0.96 94.3816 
-0.32 -0.88 97.1965 
-0.32 -0.8 98.6146 
-0.32 -0.72 99.3153 
-0.32 -0.64 99.6594 
-0.32 -0.56 99.8285 
-0.32 -0.48 99.9121 
-0.32 -0.4 99.9538 
-0.32 -0.32 99.975 
-0.32 -0.24 99.986 
-0.32 -0.16 99.9918 
-0.32 -0.08 99.995 
-0.32 6.93889e-16 99.9967 
-0.32 0.08 99.9977 
-0.32 0.16 99.9983 
-0.32 0.24 99.9986 
-0.32 0.32 99.9987 
-0.32 0.4 99.9986 
-0.32 0.48 99.9982 
-0.32 0.56 99.9976 
-0.32 0.64 99.9973 
-0.32 0.72 99.9978 
-0.32 0.8 99.9983 
-0.32 0.88 99.9986 
-0.32 0.96 99.9987 
-0.32 1.04 99.9987 
-0.32 1.12 99.9984 
-0.32 1.2 99.9979 
-0.32 1.28 99.9949 
-0.32 1.36 99.9948 
-0.32 1.44 99.9974 
-0.32 1.52 99.9977 
-0.32 1.6 99.9974 
-0.32 1.68 99.9974 
-0.32 1.76 99.9975 
-0.32 1.84 99.995 
-0.32 1.92 99.9947 
-0.32 2 99.9957 
-0.24 -2 0.172402 
-0.24 -1.92 0.359486 
-0.24 -1.84 0.748031 
-0.24 -1.76 1.54989 
-0.24 -1.68 3.18345 
-0.24 -1.6 6.42552 
-0.24 -1.52 12.5394 
-0.24 -1.44 23.0332 
-0.24 -1.36 38.4384 
-0.24 -1.28 56.5586 
-0.24 -1.2 73.0632 
-0.24 -1.12 84.9481 
-0.24 -1.04 92.1393 
-0.24 -0.96 96.0445 
-0.24 -0.88 98.0436 
-0.24 -0.8 99.0374 
-0.24 -0.72 99.5253 
-0.24 -0.64 99.7641 
-0.24 -0.56 99.8813 
-0.24 -0.48 99.9392 
-0.24 -0.4 99.9681 
-0.24 -0.32 99.9827 
-0.24 -0.24 99.9903 
-0.24 -0.16 99.9943 
-0.24 -0.08 99.9965 
-0.24 6.93889e-16 99.9977 
-0.24 0.08 99.9984 
-0.24 0.16 99.9988 
-0.24 0.24 99.999 
-0.24 0.32 99.9991 
-0.24 0.4 99.999 
-0.24 0.48 99.9988 
-0.24 0.56 99.9984 
-0.24 0.64 99.9982 
-0.24 0.72 99.9985 
-0.24 0.8 99.9988 
-0.24 0.88 99.9991 
-0.24 0.96 99.9991 
-0.24 1.04 99.9991 
-0.24 1.12 99.9989 
-0.24 1.2 99.9985 
-0.24 1.28 99.9981 
-0.24 1.36 99.9979 
-0.24 1.44 99.9982 
-0.24 1.52 99.9984 
-0.24 1.6 99.9982 
-0.24 1.68 99.9982 
-0.24 1.76 99.9983 
-0.24 1.84 99.998 
-0.24 1.92 99.9981 
-0.24 2 99.998 
-0.16 -2 0.249005 
-0.16 -1.92 0.518785 
-0.16 -1.84 1.07764 
-0.16 -1.76 2.22492 
-0.16 -1.68 4.53715 
-0.16 -1.6 9.02927 
-0.16 -1.52 17.1661 
-0.16 -1.44 30.1952 
-0.16 -1.36 47.4381 
-0.16 -1.28 65.3006 
-0.16 -1.2 79.6773 
-0.16 -1.12 89.0801 
-0.16 -1.04 94.4267 
-0.16 -0.96 97.2297 
-0.16 -0.88 98.6383 
-0.16 -0.8 99.3321 
-0.16 -0.72 99.6711 
-0.16 -0.64 99.8367 
-0.16 -0.56 99.9178 
-0.16 -0.48 99.9579 
-0.16 -0.4 99.9779 
-0.16 -0.32 99.988 
-0.16 -0.24 99.9933 
-0.16 -0.16 99.9961 
-0.16 -0.08 99.9976 
-0.16 6.93889e-16 99.9984 
-0.16 0.08 99.9989 
-0.16 0.16 99.9992 
-0.16 0.24 99.9993 
-0.16 0.32 99.9994 
-0.16 0.4 99.9993 
-0.16 0.48 99.9991 
-0.16 0.56 99.9989 
-0.16 0.64 99.9987 
-0.16 0.72 99.9989 
-0.16 0.8 99.9992 
-0.16 0.88 99.9993 
-0.16 0.96 99.9994 
-0.16 1.04 99.9994 
-0.16 1.12 99.9992 
-0.16 1.2 99.999 
-0.16 1.28 99.9987 
-0.16 1.36 99.9985 
-0.16 1.44 99.9987 
-0.16 1.52 99.9989 
-0.16 1.6 99.9988 
-0.16 1.68 99.9988 
-0.16 1.76 99.9988 
-0.16 1.84 99.9986 
-0.16 1.92 99.9987 
-0.16 2 99.9986 
-0.08 -2 0.359523 
-0.08 -1.92 0.748143 
-0.08 -1.84 1.55023 
-0.08 -1.76 3.18442 
-0.08 -1.68 6.42826 
-0.08 -1.6 12.5466 
-0.08 -1.52 23.0501 
-0.08 -1.44 38.4709 
-0.08 -1.36 56.6073 
-0.08 -1.28 73.1194 
-0.08 -1.2 85.0007 
-0.08 -1.12 92.1822 
-0.08 -1.04 96.0768 
-0.08 -0.96 98.0669 
-0.08 -0.88 99.0539 
-0.08 -0.8 99.5369 
-0.08 -0.72 99.7722 
-0.08 -0.64 99.887 
-0.08 -0.56 99.9431 
-0.08 -0.48 99.9709 
-0.08 -0.4 99.9847 
-0.08 -0.32 99.9917 
-0.08 -0.24 99.9954 
-0.08 -0.16 99.9973 
-0.08 -0.08 99.9983 
-0.08 6.93889e-16 99.9989 
-0.08 0.08 99.9992 
-0.08 0.16 99.9994 
-0.08 0.24 99.9995 
-0.08 0.32 99.9996 
-0.08 0.4 99.9995 
-0.08 0.48 99.9994 
-0.08 0.56 99.9992 
-0.08 0.64 99.9991 
-0.08 0.72 99.9993 
-0.08 0.8 99.9994 
-0.08 0.88 99.9995 
-0.08 0.96 99.9996 
-0.08 1.04 99.9996 
-0.08 1.12 99.9995 
-0.08 1.2 99.9993 
-0.08 1.28 99.9991 
-0.08 1.36 99.999 
-0.08 1.44 99.9991 
-0.08 1.52 99.9992 
-0.08 1.6 99.9991 
-0.08 1.68 99.9991 
-0.08 1.76 99.9992 
-0.08 1.84 99.999 
-0.08 1.92 99.9991 
-0.08 2 99.9991 
