-4 -2 2.05637e-12 
-4 -1.92 4.29635e-12 
-4 -1.84 8.97632e-12 
-4 -1.76 1.87541e-11 
-4 -1.68 3.91827e-11 
-4 -1.6 8.18635e-11 
-4 -1.52 1.71035e-10 
-4 -1.44 3.57337e-10 
-4 -1.36 7.46563e-10 
-4 -1.28 1.55973e-09 
-4 -1.2 3.25858e-09 
-4 -1.12 6.80761e-09 
-4 -1.04 1.42215e-08 
-4 -0.96 2.97083e-08 
-4 -0.88 6.20551e-08 
-4 -0.8 1.29608e-07 
-4 -0.72 2.7066e-07 
-4 -0.64 5.65097e-07 
-4 -0.56 1.17947e-06 
-4 -0.48 2.46069e-06 
-4 -0.4 5.13035e-06 
-4 -0.32 1.06864e-05 
-4 -0.24 2.22298e-05 
-4 -0.16 4.6153e-05 
-4 -0.08 9.55556e-05 
-4 6.93889e-16 0.000197051 
-4 0.08 0.000404035 
-4 0.16 0.000821719 
-4 0.24 0.00165203 
-4 0.32 0.00326792 
-4 0.4 0.00632048 
-4 0.48 0.011854 
-4 0.56 0.0213352 
-4 0.64 0.0363953 
-4 0.72 0.0580442 
-4 0.8 0.0854045 
-4 0.88 0.11481 
-4 0.96 0.140762 
-4 1.04 0.159046 
-4 1.12 0.169282 
-4 1.2 0.173734 
-4 1.28 0.174096 
-4 1.36 0.170914 
-4 1.44 0.165491 
-4 1.52 0.160201 
-4 1.6 0.156725 
-4 1.68 0.15512 
-4 1.76 0.154603 
-4 1.84 0.154494 
-4 1.92 0.154481 
-3.92 -2 2.97235e-12 
-3.92 -1.92 6.21011e-12 
-3.92 -1.84 1.29747e-11 
-3.92 -1.76 2.71079e-11 
-3.92 -1.68 5.66362e-11 
-3.92 -1.6 1.18329e-10 
-3.92 -1.52 2.47221e-10 
-3.92 -1.44 5.16509e-10 
-3.92 -1.36 1.07911e-09 
-3.92 -1.28 2.2545e-09 
-3.92 -1.2 4.71008e-09 
-3.92 -1.12 9.83999e-09 
-3.92 -1.04 2.05564e-08 
-3.92 -0.96 4.29416e-08 
-3.92 -0.88 8.9697e-08 
-3.92 -0.8 1.87341e-07 
-3.92 -0.72 3.91223e-07 
-3.92 -0.64 8.16813e-07 
-3.92 -0.56 1.70485e-06 
-3.92 -0.48 3.55678e-06 
-3.92 -0.4 7.41561e-06 
-3.92 -0.32 1.54466e-05 
-3.92 -0.24 3.21319e-05 
-3.92 -0.16 6.67114e-05 
-3.92 -0.08 0.00013812 
-3.92 6.93889e-16 0.000284825 
-3.92 0.08 0.000584008 
-3.92 0.16 0.00118774 
-3.92 0.24 0.00238789 
-3.92 0.32 0.00472351 
-3.92 0.4 0.00913562 
-3.92 0.48 0.0171334 
-3.92 0.56 0.0308359 
-3.92 0.64 0.0525987 
-3.92 0.72 0.0838777 
-3.92 0.8 0.1234 
-3.92 0.88 0.165866 
-3.92 0.96 0.203336 
-3.92 1.04 0.229728 
-3.92 1.12 0.244503 
-3.92 1.2 0.250928 
-3.92 1.28 0.25145 
-3.92 1.36 0.246859 
-3.92 1.44 0.239031 
-3.92 1.52 0.231396 
-3.92 1.6 0.226379 
-3.92 1.68 0.224062 
-3.92 1.76 0.223315 
-3.92 1.84 0.223158 
-3.92 1.92 0.223139 
-3.84 -2 4.29636e-12 
-3.84 -1.92 8.97634e-12 
-3.84 -1.84 1.87542e-11 
-3.84 -1.76 3.91829e-11 
-3.84 -1.68 8.18642e-11 
-3.84 -1.6 1.71037e-10 
-3.84 -1.52 3.57343e-10 
-3.84 -1.44 7.46582e-10 
-3.84 -1.36 1.55979e-09 
-3.84 -1.28 3.25875e-09 
-3.84 -1.2 6.80813e-09 
-3.84 -1.12 1.42231e-08 
-3.84 -1.04 2.9713e-08 
-3.84 -0.96 6.20694e-08 
-3.84 -0.88 1.29652e-07 
-3.84 -0.8 2.7079e-07 
-3.84 -0.72 5.6549e-07 
-3.84 -0.64 1.18065e-06 
-3.84 -0.56 2.46426e-06 
-3.84 -0.48 5.14111e-06 
-3.84 -0.4 1.07188e-05 
-3.84 -0.32 2.23271e-05 
-3.84 -0.24 4.64447e-05 
-3.84 -0.16 9.64273e-05 
-3.84 -0.08 0.000199644 
-3.84 6.93889e-16 0.000411697 
-3.84 0.08 0.000844146 
-3.84 0.16 0.0017168 
-3.84 0.24 0.00345151 
-3.84 0.32 0.00682741 
-3.84 0.4 0.0132044 
-3.84 0.48 0.0247634 
-3.84 0.56 0.0445653 
-3.84 0.64 0.0760104 
-3.84 0.72 0.121195 
-3.84 0.8 0.178269 
-3.84 0.88 0.239573 
-3.84 0.96 0.293643 
-3.84 1.04 0.331719 
-3.84 1.12 0.353029 
-3.84 1.2 0.362296 
-3.84 1.28 0.363049 
-3.84 1.36 0.356427 
-3.84 1.44 0.345137 
-3.84 1.52 0.334125 
-3.84 1.6 0.326888 
-3.84 1.68 0.323545 
-3.84 1.76 0.322468 
-3.84 1.84 0.322241 
-3.84 1.92 0.322214 
-3.76 -2 6.21012e-12 
-3.76 -1.92 1.29748e-11 
-3.76 -1.84 2.71081e-11 
-3.76 -1.76 5.66365e-11 
-3.76 -1.68 1.1833e-10 
-3.76 -1.6 2.47224e-10 
-3.76 -1.52 5.16518e-10 
-3.76 -1.44 1.07914e-09 
-3.76 -1.36 2.25459e-09 
-3.76 -1.28 4.71032e-09 
-3.76 -1.2 9.84074e-09 
-3.76 -1.12 2.05587e-08 
-3.76 -1.04 4.29484e-08 
-3.76 -0.96 8.97176e-08 
-3.76 -0.88 1.87404e-07 
-3.76 -0.8 3.91411e-07 
-3.76 -0.72 8.17381e-07 
-3.76 -0.64 1.70656e-06 
-3.76 -0.56 3.56194e-06 
-3.76 -0.48 7.43117e-06 
-3.76 -0.4 1.54934e-05 
-3.76 -0.32 3.22725e-05 
-3.76 -0.24 6.7133e-05 
-3.76 -0.16 0.00013938 
-3.76 -0.08 0.000288573 
-3.76 6.93889e-16 0.000595082 
-3.76 0.08 0.00122016 
-3.76 0.16 0.00248151 
-3.76 0.24 0.00498887 
-3.76 0.32 0.0098683 
-3.76 0.4 0.0190851 
-3.76 0.48 0.0357901 
-3.76 0.56 0.0644037 
-3.76 0.64 0.109831 
-3.76 0.72 0.175085 
-3.76 0.8 0.257473 
-3.76 0.88 0.345919 
-3.76 0.96 0.423889 
-3.76 1.04 0.478773 
-3.76 1.12 0.509481 
-3.76 1.2 0.522833 
-3.76 1.28 0.523919 
-3.76 1.36 0.514378 
-3.76 1.44 0.498109 
-3.76 1.52 0.482239 
-3.76 1.6 0.47181 
-3.76 1.68 0.466992 
-3.76 1.76 0.465439 
-3.76 1.84 0.465112 
-3.76 1.92 0.465073 
-3.68 -2 8.97636e-12 
-3.68 -1.92 1.87542e-11 
-3.68 -1.84 3.91831e-11 
-3.68 -1.76 8.18647e-11 
-3.68 -1.68 1.71039e-10 
-3.68 -1.6 3.57347e-10 
-3.68 -1.52 7.46595e-10 
-3.68 -1.44 1.55983e-09 
-3.68 -1.36 3.25887e-09 
-3.68 -1.28 6.80849e-09 
-3.68 -1.2 1.42242e-08 
-3.68 -1.12 2.97163e-08 
-3.68 -1.04 6.20793e-08 
-3.68 -0.96 1.29681e-07 
-3.68 -0.88 2.70881e-07 
-3.68 -0.8 5.65761e-07 
-3.68 -0.72 1.18148e-06 
-3.68 -0.64 2.46674e-06 
-3.68 -0.56 5.14857e-06 
-3.68 -0.48 1.07413e-05 
-3.68 -0.4 2.23948e-05 
-3.68 -0.32 4.6648e-05 
-3.68 -0.24 9.70367e-05 
-3.68 -0.16 0.000201465 
-3.68 -0.08 0.000417114 
-3.68 6.93889e-16 0.000860153 
-3.68 0.08 0.00176365 
-3.68 0.16 0.00358684 
-3.68 0.24 0.00721096 
-3.68 0.32 0.0142634 
-3.68 0.4 0.027584 
-3.68 0.48 0.0517241 
-3.68 0.56 0.0930649 
-3.68 0.64 0.158677 
-3.68 0.72 0.252878 
-3.68 0.8 0.371736 
-3.68 0.88 0.499236 
-3.68 0.96 0.611552 
-3.68 1.04 0.690564 
-3.68 1.12 0.734757 
-3.68 1.2 0.753968 
-3.68 1.28 0.75553 
-3.68 1.36 0.741802 
-3.68 1.44 0.718393 
-3.68 1.52 0.695554 
-3.68 1.6 0.680542 
-3.68 1.68 0.673608 
-3.68 1.76 0.671372 
-3.68 1.84 0.670902 
-3.68 1.92 0.670846 
-3.6 -2 1.29748e-11 
-3.6 -1.92 2.71081e-11 
-3.6 -1.84 5.66367e-11 
-3.6 -1.76 1.1833e-10 
-3.6 -1.68 2.47226e-10 
-3.6 -1.6 5.16524e-10 
-3.6 -1.52 1.07916e-09 
-3.6 -1.44 2.25464e-09 
-3.6 -1.36 4.7105e-09 
-3.6 -1.28 9.84126e-09 
-3.6 -1.2 2.05602e-08 
-3.6 -1.12 4.29531e-08 
-3.6 -1.04 8.97319e-08 
-3.6 -0.96 1.87447e-07 
-3.6 -0.88 3.91542e-07 
-3.6 -0.8 8.17774e-07 
-3.6 -0.72 1.70775e-06 
-3.6 -0.64 3.56552e-06 
-3.6 -0.56 7.44195e-06 
-3.6 -0.48 1.55259e-05 
-3.6 -0.4 3.23703e-05 
-3.6 -0.32 6.74268e-05 
-3.6 -0.24 0.000140261 
-3.6 -0.16 0.000291205 
-3.6 -0.08 0.000602912 
-3.6 6.93889e-16 0.00124329 
-3.6 0.08 0.00254924 
-3.6 0.16 0.00518447 
-3.6 0.24 0.0104227 
-3.6 0.32 0.0206156 
-3.6 0.4 0.0398662 
-3.6 0.48 0.0747469 
-3.6 0.56 0.134464 
-3.6 0.64 0.229196 
-3.6 0.72 0.365109 
-3.6 0.8 0.536433 
-3.6 0.88 0.720014 
-3.6 0.96 0.88156 
-3.6 1.04 0.995108 
-3.6 1.12 1.05858 
-3.6 1.2 1.08617 
-3.6 1.28 1.08841 
-3.6 1.36 1.0687 
-3.6 1.44 1.03508 
-3.6 1.52 1.00228 
-3.6 1.6 0.98071 
-3.6 1.68 0.970747 
-3.6 1.76 0.967535 
-3.6 1.84 0.966859 
-3.6 1.92 0.966778 
-3.52 -2 1.87543e-11 
-3.52 -1.92 3.91832e-11 
-3.52 -1.84 8.1865e-11 
-3.52 -1.76 1.7104e-10 
-3.52 -1.68 3.5735e-10 
-3.52 -1.6 7.46604e-10 
-3.52 -1.52 1.55986e-09 
-3.52 -1.44 3.25895e-09 
-3.52 -1.36 6.80874e-09 
-3.52 -1.28 1.4225e-08 
-3.52 -1.2 2.97186e-08 
-3.52 -1.12 6.20862e-08 
-3.52 -1.04 1.29702e-07 
-3.52 -0.96 2.70943e-07 
-3.52 -0.88 5.6595e-07 
-3.52 -0.8 1.18204e-06 
-3.52 -0.72 2.46845e-06 
-3.52 -0.64 5.15374e-06 
-3.52 -0.56 1.07569e-05 
-3.52 -0.48 2.24418e-05 
-3.52 -0.4 4.67893e-05 
-3.52 -0.32 9.74614e-05 
-3.52 -0.24 0.000202738 
-3.52 -0.16 0.000420919 
-3.52 -0.08 0.000871471 
-3.52 6.93889e-16 0.0017971 
-3.52 0.08 0.00368473 
-3.52 0.16 0.00749367 
-3.52 0.24 0.0150646 
-3.52 0.32 0.0297959 
-3.52 0.4 0.0576139 
-3.52 0.48 0.108006 
-3.52 0.56 0.194243 
-3.52 0.64 0.330951 
-3.52 0.72 0.526886 
-3.52 0.8 0.773534 
-3.52 0.88 1.03741 
-3.52 0.96 1.26926 
-3.52 1.04 1.43202 
-3.52 1.12 1.52294 
-3.52 1.2 1.56243 
-3.52 1.28 1.56564 
-3.52 1.36 1.53742 
-3.52 1.44 1.48928 
-3.52 1.52 1.44229 
-3.52 1.6 1.41139 
-3.52 1.68 1.39712 
-3.52 1.76 1.39251 
-3.52 1.84 1.39154 
-3.52 1.92 1.39143 
-3.44 -2 2.71082e-11 
-3.44 -1.92 5.66369e-11 
-3.44 -1.84 1.18331e-10 
-3.44 -1.76 2.47227e-10 
-3.44 -1.68 5.16528e-10 
-3.44 -1.6 1.07917e-09 
-3.44 -1.52 2.25468e-09 
-3.44 -1.44 4.71061e-09 
-3.44 -1.36 9.84162e-09 
-3.44 -1.28 2.05613e-08 
-3.44 -1.2 4.29564e-08 
-3.44 -1.12 8.97418e-08 
-3.44 -1.04 1.87477e-07 
-3.44 -0.96 3.91632e-07 
-3.44 -0.88 8.18046e-07 
-3.44 -0.8 1.70857e-06 
-3.44 -0.72 3.568e-06 
-3.44 -0.64 7.44943e-06 
-3.44 -0.56 1.55484e-05 
-3.44 -0.48 3.24382e-05 
-3.44 -0.4 6.76311e-05 
-3.44 -0.32 0.000140875 
-3.44 -0.24 0.000293046 
-3.44 -0.16 0.000608412 
-3.44 -0.08 0.00125965 
-3.44 6.93889e-16 0.00259758 
-3.44 0.08 0.00532596 
-3.44 0.16 0.0108313 
-3.44 0.24 0.0217736 
-3.44 0.32 0.0430624 
-3.44 0.4 0.0832561 
-3.44 0.48 0.156041 
-3.44 0.56 0.280524 
-3.44 0.64 0.477666 
-3.44 0.72 0.759799 
-3.44 0.8 1.11426 
-3.44 0.88 1.49262 
-3.44 0.96 1.82432 
-3.44 1.04 2.05678 
-3.44 1.12 2.18648 
-3.44 1.2 2.24279 
-3.44 1.28 2.24736 
-3.44 1.36 2.20714 
-3.44 1.44 2.13848 
-3.44 1.52 2.07144 
-3.44 1.6 2.02734 
-3.44 1.68 2.00696 
-3.44 1.76 2.00038 
-3.44 1.84 1.999 
-3.44 1.92 1.99884 
-3.36 -2 3.91832e-11 
-3.36 -1.92 8.18652e-11 
-3.36 -1.84 1.7104e-10 
-3.36 -1.76 3.57352e-10 
-3.36 -1.68 7.4661e-10 
-3.36 -1.6 1.55988e-09 
-3.36 -1.52 3.25901e-09 
-3.36 -1.44 6.80891e-09 
-3.36 -1.36 1.42255e-08 
-3.36 -1.28 2.97201e-08 
-3.36 -1.2 6.20909e-08 
-3.36 -1.12 1.29716e-07 
-3.36 -1.04 2.70986e-07 
-3.36 -0.96 5.6608e-07 
-3.36 -0.88 1.18244e-06 
-3.36 -0.8 2.46964e-06 
-3.36 -0.72 5.15733e-06 
-3.36 -0.64 1.07677e-05 
-3.36 -0.56 2.24743e-05 
-3.36 -0.48 4.68875e-05 
-3.36 -0.4 9.77567e-05 
-3.36 -0.32 0.000203626 
-3.36 -0.24 0.000423579 
-3.36 -0.16 0.00087942 
-3.36 -0.08 0.00182074 
-3.36 6.93889e-16 0.0037546 
-3.36 0.08 0.00769817 
-3.36 0.16 0.0156552 
-3.36 0.24 0.0314693 
-3.36 0.32 0.0622322 
-3.36 0.4 0.120297 
-3.36 0.48 0.225392 
-3.36 0.56 0.404975 
-3.36 0.64 0.688971 
-3.36 0.72 1.09454 
-3.36 0.8 1.60264 
-3.36 0.88 2.14324 
-3.36 0.96 2.61569 
-3.36 1.04 2.94596 
-3.36 1.12 3.12994 
-3.36 1.2 3.20975 
-3.36 1.28 3.21623 
-3.36 1.36 3.15922 
-3.36 1.44 3.06188 
-3.36 1.52 2.96676 
-3.36 1.6 2.90417 
-3.36 1.68 2.87523 
-3.36 1.76 2.8659 
-3.36 1.84 2.86394 
-3.36 1.92 2.8637 
-3.28 -2 5.6637e-11 
-3.28 -1.92 1.18331e-10 
-3.28 -1.84 2.47228e-10 
-3.28 -1.76 5.16531e-10 
-3.28 -1.68 1.07918e-09 
-3.28 -1.6 2.25471e-09 
-3.28 -1.52 4.7107e-09 
-3.28 -1.44 9.84187e-09 
-3.28 -1.36 2.05621e-08 
-3.28 -1.28 4.29587e-08 
-3.28 -1.2 8.97486e-08 
-3.28 -1.12 1.87497e-07 
-3.28 -1.04 3.91694e-07 
-3.28 -0.96 8.18234e-07 
-3.28 -0.88 1.70914e-06 
-3.28 -0.8 3.56971e-06 
-3.28 -0.72 7.4546e-06 
-3.28 -0.64 1.55641e-05 
-3.28 -0.56 3.24853e-05 
-3.28 -0.48 6.7773e-05 
-3.28 -0.4 0.000141301 
-3.28 -0.32 0.000294328 
-3.28 -0.24 0.000612257 
-3.28 -0.16 0.00127114 
-3.28 -0.08 0.00263175 
-3.28 6.93889e-16 0.00542695 
-3.28 0.08 0.0111269 
-3.28 0.16 0.0226271 
-3.28 0.24 0.0454806 
-3.28 0.32 0.0899279 
-3.28 0.4 0.173789 
-3.28 0.48 0.325463 
-3.28 0.56 0.584313 
-3.28 0.64 0.992819 
-3.28 0.72 1.57441 
-3.28 0.8 2.3001 
-3.28 0.88 3.06862 
-3.28 0.96 3.73728 
-3.28 1.04 4.20306 
-3.28 1.12 4.46193 
-3.28 1.2 4.57411 
-3.28 1.28 4.58321 
-3.28 1.36 4.50309 
-3.28 1.44 4.36621 
-3.28 1.52 4.23234 
-3.28 1.6 4.14419 
-3.28 1.68 4.10342 
-3.28 1.76 4.09027 
-3.28 1.84 4.0875 
-3.28 1.92 4.08717 
-3.2 -2 8.18654e-11 
-3.2 -1.92 1.71041e-10 
-3.2 -1.84 3.57354e-10 
-3.2 -1.76 7.46615e-10 
-3.2 -1.68 1.55989e-09 
-3.2 -1.6 3.25905e-09 
-3.2 -1.52 6.80903e-09 
-3.2 -1.44 1.42258e-08 
-3.2 -1.36 2.97212e-08 
-3.2 -1.28 6.20942e-08 
-3.2 -1.2 1.29726e-07 
-3.2 -1.12 2.71016e-07 
-3.2 -1.04 5.6617e-07 
-3.2 -0.96 1.18271e-06 
-3.2 -0.88 2.47046e-06 
-3.2 -0.8 5.15981e-06 
-3.2 -0.72 1.07752e-05 
-3.2 -0.64 2.24969e-05 
-3.2 -0.56 4.69555e-05 
-3.2 -0.48 9.79617e-05 
-3.2 -0.4 0.000204243 
-3.2 -0.32 0.000425433 
-3.2 -0.24 0.000884978 
-3.2 -0.16 0.00183735 
-3.2 -0.08 0.003804 
-3.2 6.93889e-16 0.00784414 
-3.2 0.08 0.0160824 
-3.2 0.16 0.0327028 
-3.2 0.24 0.0657262 
-3.2 0.32 0.129933 
-3.2 0.4 0.251007 
-3.2 0.48 0.469757 
-3.2 0.56 0.842396 
-3.2 0.64 1.42874 
-3.2 0.72 2.25987 
-3.2 0.8 3.29093 
-3.2 0.88 4.3757 
-3.2 0.96 5.31356 
-3.2 1.04 5.96362 
-3.2 1.12 6.32377 
-3.2 1.2 6.47957 
-3.2 1.28 6.49221 
-3.2 1.36 6.38096 
-3.2 1.44 6.19069 
-3.2 1.52 6.0044 
-3.2 1.6 5.8816 
-3.2 1.68 5.82478 
-3.2 1.76 5.80644 
-3.2 1.84 5.80259 
-3.2 1.92 5.80213 
-3.12 -2 1.18331e-10 
-3.12 -1.92 2.47229e-10 
-3.12 -1.84 5.16533e-10 
-3.12 -1.76 1.07919e-09 
-3.12 -1.68 2.25473e-09 
-3.12 -1.6 4.71075e-09 
-3.12 -1.52 9.84204e-09 
-3.12 -1.44 2.05626e-08 
-3.12 -1.36 4.29602e-08 
-3.12 -1.28 8.97534e-08 
-3.12 -1.2 1.87511e-07 
-3.12 -1.12 3.91737e-07 
-3.12 -1.04 8.18365e-07 
-3.12 -0.96 1.70953e-06 
-3.12 -0.88 3.5709e-06 
-3.12 -0.8 7.45819e-06 
-3.12 -0.72 1.55749e-05 
-3.12 -0.64 3.25179e-05 
-3.12 -0.56 6.78714e-05 
-3.12 -0.48 0.000141598 
-3.12 -0.4 0.00029522 
-3.12 -0.32 0.000614937 
-3.12 -0.24 0.00127918 
-3.12 -0.16 0.00265576 
-3.12 -0.08 0.00549835 
-3.12 6.93889e-16 0.0113378 
-3.12 0.08 0.0232445 
-3.12 0.16 0.047263 
-3.12 0.24 0.0949755 
-3.12 0.32 0.187702 
-3.12 0.4 0.36241 
-3.12 0.48 0.677587 
-3.12 0.56 1.21308 
-3.12 0.64 2.0521 
-3.12 0.72 3.23396 
-3.12 0.8 4.68812 
-3.12 0.88 6.20389 
-3.12 0.96 7.50284 
-3.12 1.04 8.39699 
-3.12 1.12 8.8902 
-3.12 1.2 9.10309 
-3.12 1.28 9.12035 
-3.12 1.36 8.96838 
-3.12 1.44 8.70814 
-3.12 1.52 8.45292 
-3.12 1.6 8.28445 
-3.12 1.68 8.20644 
-3.12 1.76 8.18126 
-3.12 1.84 8.17597 
-3.12 1.92 8.17533 
-3.04 -2 1.71041e-10 
-3.04 -1.92 3.57355e-10 
-3.04 -1.84 7.46618e-10 
-3.04 -1.76 1.5599e-09 
-3.04 -1.68 3.25907e-09 
-3.04 -1.6 6.80911e-09 
-3.04 -1.52 1.42261e-08 
-3.04 -1.44 2.9722e-08 
-3.04 -1.36 6.20964e-08 
-3.04 -1.28 1.29733e-07 
-3.04 -1.2 2.71037e-07 
-3.04 -1.12 5.66232e-07 
-3.04 -1.04 1.1829e-06 
-3.04 -0.96 2.47103e-06 
-3.04 -0.88 5.16152e-06 
-3.04 -0.8 1.07804e-05 
-3.04 -0.72 2.25125e-05 
-3.04 -0.64 4.70027e-05 
-3.04 -0.56 9.81039e-05 
-3.04 -0.48 0.000204671 
-3.04 -0.4 0.000426722 
-3.04 -0.32 0.000888852 
-3.04 -0.24 0.00184896 
-3.04 -0.16 0.0038387 
-3.04 -0.08 0.00794735 
-3.04 6.93889e-16 0.0163873 
-3.04 0.08 0.033595 
-3.04 0.16 0.0683015 
-3.04 0.24 0.137223 
-3.04 0.32 0.271086 
-3.04 0.4 0.522998 
-3.04 0.48 0.976464 
-3.04 0.56 1.74401 
-3.04 0.64 2.93932 
-3.04 0.72 4.60811 
-3.04 0.8 6.63778 
-3.04 0.88 8.72621 
-3.04 0.96 10.4942 
-3.04 1.04 11.6997 
-3.04 1.12 12.3608 
-3.04 1.2 12.6452 
-3.04 1.28 12.6683 
-3.04 1.36 12.4653 
-3.04 1.44 12.1171 
-3.04 1.52 11.7748 
-3.04 1.6 11.5485 
-3.04 1.68 11.4436 
-3.04 1.76 11.4097 
-3.04 1.84 11.4026 
-3.04 1.92 11.4017 
-2.96 -2 2.4723e-10 
-2.96 -1.92 5.16535e-10 
-2.96 -1.84 1.07919e-09 
-2.96 -1.76 2.25474e-09 
-2.96 -1.68 4.71079e-09 
-2.96 -1.6 9.84216e-09 
-2.96 -1.52 2.05629e-08 
-2.96 -1.44 4.29613e-08 
-2.96 -1.36 8.97566e-08 
-2.96 -1.28 1.87521e-07 
-2.96 -1.2 3.91767e-07 
-2.96 -1.12 8.18455e-07 
-2.96 -1.04 1.70981e-06 
-2.96 -0.96 3.57172e-06 
-2.96 -0.88 7.46067e-06 
-2.96 -0.8 1.55824e-05 
-2.96 -0.72 3.25405e-05 
-2.96 -0.64 6.79395e-05 
-2.96 -0.56 0.000141803 
-2.96 -0.48 0.000295839 
-2.96 -0.4 0.0006168 
-2.96 -0.32 0.00128478 
-2.96 -0.24 0.00267254 
-2.96 -0.16 0.00554851 
-2.96 -0.08 0.011487 
-2.96 6.93889e-16 0.0236852 
-2.96 0.08 0.0485523 
-2.96 0.16 0.0986957 
-2.96 0.24 0.198227 
-2.96 0.32 0.391365 
-2.96 0.4 0.754205 
-2.96 0.48 1.40531 
-2.96 0.56 2.50143 
-2.96 0.64 4.1937 
-2.96 0.72 6.52677 
-2.96 0.8 9.31898 
-2.96 0.88 12.1413 
-2.96 0.96 14.4913 
-2.96 1.04 16.0736 
-2.96 1.12 16.9343 
-2.96 1.2 17.3033 
-2.96 1.28 17.3331 
-2.96 1.36 17.07 
-2.96 1.44 16.6176 
-2.96 1.52 16.1716 
-2.96 1.6 15.876 
-2.96 1.68 15.7388 
-2.96 1.76 15.6944 
-2.96 1.84 15.6851 
-2.96 1.92 15.684 
-2.88 -2 3.57355e-10 
-2.88 -1.92 7.4662e-10 
-2.88 -1.84 1.55991e-09 
-2.88 -1.76 3.25909e-09 
-2.88 -1.68 6.80917e-09 
-2.88 -1.6 1.42262e-08 
-2.88 -1.52 2.97225e-08 
-2.88 -1.44 6.2098e-08 
-2.88 -1.36 1.29738e-07 
-2.88 -1.28 2.71051e-07 
-2.88 -1.2 5.66276e-07 
-2.88 -1.12 1.18303e-06 
-2.88 -1.04 2.47142e-06 
-2.88 -0.96 5.16271e-06 
-2.88 -0.88 1.07839e-05 
-2.88 -0.8 2.25234e-05 
-2.88 -0.72 4.70353e-05 
-2.88 -0.64 9.82025e-05 
-2.88 -0.56 0.000204968 
-2.88 -0.48 0.000427617 
-2.88 -0.4 0.000891545 
-2.88 -0.32 0.00185706 
-2.88 -0.24 0.00386296 
-2.88 -0.16 0.00801984 
-2.88 -0.08 0.0166029 
-2.88 6.93889e-16 0.0342319 
-2.88 0.08 0.0701643 
-2.88 0.16 0.142596 
-2.88 0.24 0.286272 
-2.88 0.32 0.564711 
-2.88 0.4 1.08651 
-2.88 0.48 2.01865 
-2.88 0.56 3.57582 
-2.88 0.64 5.95058 
-2.88 0.72 9.16753 
-2.88 0.8 12.9332 
-2.88 0.88 16.6491 
-2.88 0.96 19.6762 
-2.88 1.04 21.6811 
-2.88 1.12 22.7607 
-2.88 1.2 23.2211 
-2.88 1.28 23.2582 
-2.88 1.36 22.9301 
-2.88 1.44 22.3643 
-2.88 1.52 21.8044 
-2.88 1.6 21.4321 
-2.88 1.68 21.259 
-2.88 1.76 21.2031 
-2.88 1.84 21.1913 
-2.88 1.92 21.1899 
-2.8 -2 5.16536e-10 
-2.8 -1.92 1.07919e-09 
-2.8 -1.84 2.25475e-09 
-2.8 -1.76 4.71082e-09 
-2.8 -1.68 9.84224e-09 
-2.8 -1.6 2.05632e-08 
-2.8 -1.52 4.29621e-08 
-2.8 -1.44 8.97589e-08 
-2.8 -1.36 1.87528e-07 
-2.8 -1.28 3.91788e-07 
-2.8 -1.2 8.18517e-07 
-2.8 -1.12 1.70999e-06 
-2.8 -1.04 3.57229e-06 
-2.8 -0.96 7.46239e-06 
-2.8 -0.88 1.55875e-05 
-2.8 -0.8 3.25562e-05 
-2.8 -0.72 6.79867e-05 
-2.8 -0.64 0.000141946 
-2.8 -0.56 0.000296269 
-2.8 -0.48 0.000618094 
-2.8 -0.4 0.00128867 
-2.8 -0.32 0.00268424 
-2.8 -0.24 0.00558357 
-2.8 -0.16 0.0115918 
-2.8 -0.08 0.0239967 
-2.8 6.93889e-16 0.0494726 
-2.8 0.08 0.101387 
-2.8 0.16 0.205983 
-2.8 0.24 0.413262 
-2.8 0.32 0.814207 
-2.8 0.4 1.56292 
-2.8 0.48 2.89184 
-2.8 0.56 5.0876 
-2.8 0.64 8.37911 
-2.8 0.72 12.7312 
-2.8 0.8 17.6758 
-2.8 0.88 22.4037 
-2.8 0.96 26.1489 
-2.8 1.04 28.5787 
-2.8 1.12 29.8707 
-2.8 1.2 30.4183 
-2.8 1.28 30.4624 
-2.8 1.36 30.0725 
-2.8 1.44 29.3977 
-2.8 1.52 28.7269 
-2.8 1.6 28.2791 
-2.8 1.68 28.0705 
-2.8 1.76 28.0029 
-2.8 1.84 27.9887 
-2.8 1.92 27.987 
-2.72 -2 7.46621e-10 
-2.72 -1.92 1.55991e-09 
-2.72 -1.84 3.2591e-09 
-2.72 -1.76 6.80921e-09 
-2.72 -1.68 1.42264e-08 
-2.72 -1.6 2.97228e-08 
-2.72 -1.52 6.20991e-08 
-2.72 -1.44 1.29741e-07 
-2.72 -1.36 2.71061e-07 
-2.72 -1.28 5.66305e-07 
-2.72 -1.2 1.18312e-06 
-2.72 -1.12 2.47169e-06 
-2.72 -1.04 5.16353e-06 
-2.72 -0.96 1.07864e-05 
-2.72 -0.88 2.25309e-05 
-2.72 -0.8 4.7058e-05 
-2.72 -0.72 9.82707e-05 
-2.72 -0.64 0.000205174 
-2.72 -0.56 0.000428238 
-2.72 -0.48 0.000893415 
-2.72 -0.4 0.00186268 
-2.72 -0.32 0.00387986 
-2.72 -0.24 0.00807052 
-2.72 -0.16 0.0167543 
-2.72 -0.08 0.0346821 
-2.72 6.93889e-16 0.0714939 
-2.72 0.08 0.146482 
-2.72 0.16 0.297463 
-2.72 0.24 0.596248 
-2.72 0.32 1.17263 
-2.72 0.4 2.24349 
-2.72 0.48 4.12682 
-2.72 0.56 7.19086 
-2.72 0.64 11.6757 
-2.72 0.72 17.4146 
-2.72 0.8 23.6845 
-2.72 0.88 29.4448 
-2.72 0.96 33.8535 
-2.72 1.04 36.6439 
-2.72 1.12 38.1061 
-2.72 1.2 38.7213 
-2.72 1.28 38.7707 
-2.72 1.36 38.3331 
-2.72 1.44 37.5725 
-2.72 1.52 36.8124 
-2.72 1.6 36.3029 
-2.72 1.68 36.0648 
-2.72 1.76 35.9876 
-2.72 1.84 35.9714 
-2.72 1.92 35.9694 
-2.64 -2 1.0792e-09 
-2.64 -1.92 2.25476e-09 
-2.64 -1.84 4.71084e-09 
-2.64 -1.76 9.8423e-09 
-2.64 -1.68 2.05634e-08 
-2.64 -1.6 4.29626e-08 
-2.64 -1.52 8.97605e-08 
-2.64 -1.44 1.87533e-07 
-2.64 -1.36 3.91802e-07 
-2.64 -1.28 8.1856e-07 
-2.64 -1.2 1.71013e-06 
-2.64 -1.12 3.57269e-06 
-2.64 -1.04 7.46357e-06 
-2.64 -0.96 1.55911e-05 
-2.64 -0.88 3.2567e-05 
-2.64 -0.8 6.80194e-05 
-2.64 -0.72 0.000142044 
-2.64 -0.64 0.000296566 
-2.64 -0.56 0.000618991 
-2.64 -0.48 0.00129137 
-2.64 -0.4 0.00269237 
-2.64 -0.32 0.00560801 
-2.64 -0.24 0.011665 
-2.64 -0.16 0.0242156 
-2.64 -0.08 0.0501232 
-2.64 6.93889e-16 0.103307 
-2.64 0.08 0.211593 
-2.64 0.16 0.429396 
-2.64 0.24 0.859558 
-2.64 0.32 1.68616 
-2.64 0.4 3.21074 
-2.64 0.48 5.85739 
-2.64 0.56 10.0714 
-2.64 0.64 16.0422 
-2.64 0.72 23.3597 
-2.64 0.8 30.9675 
-2.64 0.88 37.6257 
-2.64 0.96 42.5212 
-2.64 1.04 45.5342 
-2.64 1.12 47.0875 
-2.64 1.2 47.7358 
-2.64 1.28 47.7878 
-2.64 1.36 47.327 
-2.64 1.44 46.5226 
-2.64 1.52 45.714 
-2.64 1.6 45.1694 
-2.64 1.68 44.9141 
-2.64 1.76 44.8313 
-2.64 1.84 44.8139 
-2.64 1.92 44.8118 
-2.56 -2 1.55991e-09 
-2.56 -1.92 3.25911e-09 
-2.56 -1.84 6.80923e-09 
-2.56 -1.76 1.42265e-08 
-2.56 -1.68 2.97231e-08 
-2.56 -1.6 6.20998e-08 
-2.56 -1.52 1.29743e-07 
-2.56 -1.44 2.71068e-07 
-2.56 -1.36 5.66326e-07 
-2.56 -1.28 1.18318e-06 
-2.56 -1.2 2.47188e-06 
-2.56 -1.12 5.1641e-06 
-2.56 -1.04 1.07881e-05 
-2.56 -0.96 2.2536e-05 
-2.56 -0.88 4.70736e-05 
-2.56 -0.8 9.8318e-05 
-2.56 -0.72 0.000205316 
-2.56 -0.64 0.000428668 
-2.56 -0.56 0.000894711 
-2.56 -0.48 0.00186659 
-2.56 -0.4 0.00389162 
-2.56 -0.32 0.00810584 
-2.56 -0.24 0.0168602 
-2.56 -0.16 0.0349984 
-2.56 -0.08 0.0724339 
-2.56 6.93889e-16 0.149256 
-2.56 0.08 0.305557 
-2.56 0.16 0.619481 
-2.56 0.24 1.2377 
-2.56 0.32 2.41908 
-2.56 0.4 4.57549 
-2.56 0.48 8.25122 
-2.56 0.56 13.9325 
-2.56 0.64 21.6416 
-2.56 0.72 30.5828 
-2.56 0.8 39.3356 
-2.56 0.88 46.5791 
-2.56 0.96 51.6744 
-2.56 1.04 54.7185 
-2.56 1.12 56.2615 
-2.56 1.2 56.9003 
-2.56 1.28 56.9514 
-2.56 1.36 56.4979 
-2.56 1.44 55.7024 
-2.56 1.52 54.8981 
-2.56 1.6 54.3535 
-2.56 1.68 54.0976 
-2.56 1.76 54.0145 
-2.56 1.84 53.997 
-2.56 1.92 53.9949 
-2.48 -2 2.25476e-09 
-2.48 -1.92 4.71085e-09 
-2.48 -1.84 9.84234e-09 
-2.48 -1.76 2.05635e-08 
-2.48 -1.68 4.29629e-08 
-2.48 -1.6 8.97616e-08 
-2.48 -1.52 1.87536e-07 
-2.48 -1.44 3.91812e-07 
-2.48 -1.36 8.1859e-07 
-2.48 -1.28 1.71022e-06 
-2.48 -1.2 3.57296e-06 
-2.48 -1.12 7.4644e-06 
-2.48 -1.04 1.55936e-05 
-2.48 -0.96 3.25745e-05 
-2.48 -0.88 6.80421e-05 
-2.48 -0.8 0.000142113 
-2.48 -0.72 0.000296772 
-2.48 -0.64 0.000619612 
-2.48 -0.56 0.00129325 
-2.48 -0.48 0.00269802 
-2.48 -0.4 0.005625 
-2.48 -0.32 0.0117161 
-2.48 -0.24 0.0243686 
-2.48 -0.16 0.0505802 
-2.48 -0.08 0.104665 
-2.48 6.93889e-16 0.215597 
-2.48 0.08 0.441064 
-2.48 0.16 0.892959 
-2.48 0.24 1.77921 
-2.48 0.32 3.45936 
-2.48 0.4 6.48149 
-2.48 0.48 11.5038 
-2.48 0.56 18.9618 
-2.48 0.64 28.5312 
-2.48 0.72 38.9056 
-2.48 0.8 48.3802 
-2.48 0.88 55.7584 
-2.48 0.96 60.7166 
-2.48 1.04 63.5924 
-2.48 1.12 65.0263 
-2.48 1.2 65.6153 
-2.48 1.28 65.6623 
-2.48 1.36 65.2446 
-2.48 1.44 64.5085 
-2.48 1.52 63.7601 
-2.48 1.6 63.2509 
-2.48 1.68 63.0109 
-2.48 1.76 62.9329 
-2.48 1.84 62.9164 
-2.48 1.92 62.9145 
-2.4 -2 3.25912e-09 
-2.4 -1.92 6.80925e-09 
-2.4 -1.84 1.42265e-08 
-2.4 -1.76 2.97233e-08 
-2.4 -1.68 6.21003e-08 
-2.4 -1.6 1.29745e-07 
-2.4 -1.52 2.71072e-07 
-2.4 -1.44 5.6634e-07 
-2.4 -1.36 1.18322e-06 
-2.4 -1.28 2.47201e-06 
-2.4 -1.2 5.16449e-06 
-2.4 -1.12 1.07893e-05 
-2.4 -1.04 2.25396e-05 
-2.4 -0.96 4.70845e-05 
-2.4 -0.88 9.83507e-05 
-2.4 -0.8 0.000205415 
-2.4 -0.72 0.000428966 
-2.4 -0.64 0.00089561 
-2.4 -0.56 0.0018693 
-2.4 -0.48 0.00389978 
-2.4 -0.4 0.0081304 
-2.4 -0.32 0.016934 
-2.4 -0.24 0.0352195 
-2.4 -0.16 0.0730942 
-2.4 -0.08 0.151217 
-2.4 6.93889e-16 0.311333 
-2.4 0.08 0.636281 
-2.4 0.16 1.2856 
-2.4 0.24 2.55152 
-2.4 0.32 4.92441 
-2.4 0.4 9.10572 
-2.4 0.48 15.8176 
-2.4 0.56 25.2735 
-2.4 0.64 36.5899 
-2.4 0.72 47.9295 
-2.4 0.8 57.5322 
-2.4 0.88 64.5605 
-2.4 0.96 69.0792 
-2.4 1.04 71.629 
-2.4 1.12 72.8813 
-2.4 1.2 73.3922 
-2.4 1.28 73.4328 
-2.4 1.36 73.0709 
-2.4 1.44 72.4305 
-2.4 1.52 71.7761 
-2.4 1.6 71.3289 
-2.4 1.68 71.1175 
-2.4 1.76 71.0487 
-2.4 1.84 71.0342 
-2.4 1.92 71.0325 
-2.32 -2 4.71086e-09 
-2.32 -1.92 9.84237e-09 
-2.32 -1.84 2.05636e-08 
-2.32 -1.76 4.29632e-08 
-2.32 -1.68 8.97623e-08 
-2.32 -1.6 1.87538e-07 
-2.32 -1.52 3.91819e-07 
-2.32 -1.44 8.18611e-07 
-2.32 -1.36 1.71028e-06 
-2.32 -1.28 3.57315e-06 
-2.32 -1.2 7.46497e-06 
-2.32 -1.12 1.55953e-05 
-2.32 -1.04 3.25797e-05 
-2.32 -0.96 6.80577e-05 
-2.32 -0.88 0.00014216 
-2.32 -0.8 0.000296915 
-2.32 -0.72 0.000620043 
-2.32 -0.64 0.00129455 
-2.32 -0.56 0.00270194 
-2.32 -0.48 0.0056368 
-2.32 -0.4 0.0117516 
-2.32 -0.32 0.0244752 
-2.32 -0.24 0.0508997 
-2.32 -0.16 0.105619 
-2.32 -0.08 0.218427 
-2.32 6.93889e-16 0.44939 
-2.32 0.08 0.917107 
-2.32 0.16 1.84768 
-2.32 0.24 3.64662 
-2.32 0.32 6.96516 
-2.32 0.4 12.6487 
-2.32 0.48 21.3585 
-2.32 0.56 32.8348 
-2.32 0.64 45.4765 
-2.32 0.72 57.0905 
-2.32 0.8 66.1954 
-2.32 0.88 72.4759 
-2.32 0.96 76.355 
-2.32 1.04 78.4915 
-2.32 1.12 79.5275 
-2.32 1.2 79.9476 
-2.32 1.28 79.981 
-2.32 1.36 79.6836 
-2.32 1.44 79.1556 
-2.32 1.52 78.6137 
-2.32 1.6 78.242 
-2.32 1.68 78.0659 
-2.32 1.76 78.0086 
-2.32 1.84 77.9965 
-2.32 1.92 77.995 
-2.24 -2 6.80927e-09 
-2.24 -1.92 1.42265e-08 
-2.24 -1.84 2.97234e-08 
-2.24 -1.76 6.21007e-08 
-2.24 -1.68 1.29746e-07 
-2.24 -1.6 2.71076e-07 
-2.24 -1.52 5.6635e-07 
-2.24 -1.44 1.18325e-06 
-2.24 -1.36 2.4721e-06 
-2.24 -1.28 5.16477e-06 
-2.24 -1.2 1.07902e-05 
-2.24 -1.12 2.25421e-05 
-2.24 -1.04 4.7092e-05 
-2.24 -0.96 9.83733e-05 
-2.24 -0.88 0.000205483 
-2.24 -0.8 0.000429172 
-2.24 -0.72 0.000896232 
-2.24 -0.64 0.00187118 
-2.24 -0.56 0.00390544 
-2.24 -0.48 0.00814745 
-2.24 -0.4 0.0169853 
-2.24 -0.32 0.0353736 
-2.24 -0.24 0.0735558 
-2.24 -0.16 0.152594 
-2.24 -0.08 0.315417 
-2.24 6.93889e-16 0.648268 
-2.24 0.08 1.32023 
-2.24 0.16 2.64891 
-2.24 0.24 5.18673 
-2.24 0.32 9.76476 
-2.24 0.4 17.3078 
-2.24 0.48 28.1904 
-2.24 0.56 41.4049 
-2.24 0.64 54.6609 
-2.24 0.72 65.7902 
-2.24 0.8 73.8932 
-2.24 0.88 79.1931 
-2.24 0.96 82.356 
-2.24 1.04 84.0635 
-2.24 1.12 84.8828 
-2.24 1.2 85.2134 
-2.24 1.28 85.2397 
-2.24 1.36 85.0057 
-2.24 1.44 84.5893 
-2.24 1.52 84.1604 
-2.24 1.6 83.8653 
-2.24 1.68 83.7253 
-2.24 1.76 83.6796 
-2.24 1.84 83.67 
-2.24 1.92 83.6688 
-2.16 -2 9.84238e-09 
-2.16 -1.92 2.05636e-08 
-2.16 -1.84 4.29634e-08 
-2.16 -1.76 8.97628e-08 
-2.16 -1.68 1.8754e-07 
-2.16 -1.6 3.91823e-07 
-2.16 -1.52 8.18625e-07 
-2.16 -1.44 1.71032e-06 
-2.16 -1.36 3.57328e-06 
-2.16 -1.28 7.46536e-06 
-2.16 -1.2 1.55965e-05 
-2.16 -1.12 3.25833e-05 
-2.16 -1.04 6.80686e-05 
-2.16 -0.96 0.000142193 
-2.16 -0.88 0.000297014 
-2.16 -0.8 0.000620341 
-2.16 -0.72 0.00129544 
-2.16 -0.64 0.00270465 
-2.16 -0.56 0.00564498 
-2.16 -0.48 0.0117762 
-2.16 -0.4 0.0245494 
-2.16 -0.32 0.0511224 
-2.16 -0.24 0.106286 
-2.16 -0.16 0.220415 
-2.16 -0.08 0.455276 
-2.16 6.93889e-16 0.934335 
-2.16 0.08 1.89715 
-2.16 0.16 3.78419 
-2.16 0.24 7.3278 
-2.16 0.32 13.526 
-2.16 0.4 23.2267 
-2.16 0.48 36.2016 
-2.16 0.56 50.529 
-2.16 0.64 63.5386 
-2.16 0.72 73.5435 
-2.16 0.8 80.3583 
-2.16 0.88 84.6189 
-2.16 0.96 87.0914 
-2.16 1.04 88.4052 
-2.16 1.12 89.0304 
-2.16 1.2 89.2818 
-2.16 1.28 89.3017 
-2.16 1.36 89.1239 
-2.16 1.44 88.8068 
-2.16 1.52 88.4793 
-2.16 1.6 88.2534 
-2.16 1.68 88.1461 
-2.16 1.76 88.1111 
-2.16 1.84 88.1037 
-2.16 1.92 88.1028 
-2.08 -2 1.42266e-08 
-2.08 -1.92 2.97235e-08 
-2.08 -1.84 6.2101e-08 
-2.08 -1.76 1.29747e-07 
-2.08 -1.68 2.71078e-07 
-2.08 -1.6 5.66357e-07 
-2.08 -1.52 1.18327e-06 
-2.08 -1.44 2.47217e-06 
-2.08 -1.36 5.16496e-06 
-2.08 -1.28 1.07907e-05 
-2.08 -1.2 2.25438e-05 
-2.08 -1.12 4.70971e-05 
-2.08 -1.04 9.8389e-05 
-2.08 -0.96 0.000205531 
-2.08 -0.88 0.000429315 
-2.08 -0.8 0.000896663 
-2.08 -0.72 0.00187248 
-2.08 -0.64 0.00390936 
-2.08 -0.56 0.00815927 
-2.08 -0.48 0.0170209 
-2.08 -0.4 0.0354808 
-2.08 -0.32 0.0738775 
-2.08 -0.24 0.153557 
-2.08 -0.16 0.318285 
-2.08 -0.08 0.656742 
-2.08 6.93889e-16 1.34493 
-2.08 0.08 2.71924 
-2.08 0.16 5.37915 
-2.08 0.24 10.2571 
-2.08 0.32 18.4401 
-2.08 0.4 30.425 
-2.08 0.48 45.0609 
-2.08 0.56 59.618 
-2.08 0.64 71.5817 
-2.08 0.72 80.0718 
-2.08 0.8 85.5358 
-2.08 0.88 88.8294 
-2.08 0.96 90.6995 
-2.08 1.04 91.6811 
-2.08 1.12 92.1454 
-2.08 1.2 92.3315 
-2.08 1.28 92.3463 
-2.08 1.36 92.2146 
-2.08 1.44 91.9796 
-2.08 1.52 91.7362 
-2.08 1.6 91.5681 
-2.08 1.68 91.4882 
-2.08 1.76 91.4621 
-2.08 1.84 91.4566 
-2.08 1.92 91.4559 
-2 -2 2.05637e-08 
-2 -1.92 4.29635e-08 
-2 -1.84 8.97632e-08 
-2 -1.76 1.87541e-07 
-2 -1.68 3.91827e-07 
-2 -1.6 8.18635e-07 
-2 -1.52 1.71035e-06 
-2 -1.44 3.57337e-06 
-2 -1.36 7.46563e-06 
-2 -1.28 1.55973e-05 
-2 -1.2 3.25858e-05 
-2 -1.12 6.80761e-05 
-2 -1.04 0.000142215 
-2 -0.96 0.000297082 
-2 -0.88 0.000620548 
-2 -0.8 0.00129607 
-2 -0.72 0.00270653 
-2 -0.64 0.00565065 
-2 -0.56 0.0117933 
-2 -0.48 0.0246008 
-2 -0.4 0.0512772 
-2 -0.32 0.10675 
-2 -0.24 0.221805 
-2 -0.16 0.45941 
-2 -0.08 0.946513 
-2 6.93889e-16 1.93243 
-2 0.08 3.88346 
-2 0.16 7.5933 
-2 0.24 14.1782 
-2 0.32 24.6308 
-2 0.4 38.7288 
-2 0.48 54.2448 
-2 0.56 68.0917 
-2 0.64 78.4522 
-2 0.72 85.3109 
-2 0.8 89.5263 
-2 0.88 91.9963 
-2 0.96 93.3758 
-2 1.04 94.0933 
-2 1.12 94.4311 
-2 1.2 94.5663 
-2 1.28 94.577 
-2 1.36 94.4815 
-2 1.44 94.3106 
-2 1.52 94.1335 
-2 1.6 94.011 
-2 1.68 93.9526 
-2 1.76 93.9336 
-2 1.84 93.9296 
-2 1.92 93.9291 
-1.92 -2 2.97235e-08 
-1.92 -1.92 6.21011e-08 
-1.92 -1.84 1.29747e-07 
-1.92 -1.76 2.71079e-07 
-1.92 -1.68 5.66362e-07 
-1.92 -1.6 1.18329e-06 
-1.92 -1.52 2.47221e-06 
-1.92 -1.44 5.16509e-06 
-1.92 -1.36 1.07911e-05 
-1.92 -1.28 2.2545e-05 
-1.92 -1.2 4.71007e-05 
-1.92 -1.12 9.83998e-05 
-1.92 -1.04 0.000205564 
-1.92 -0.96 0.000429414 
-1.92 -0.88 0.000896962 
-1.92 -0.8 0.00187338 
-1.92 -0.72 0.00391208 
-1.92 -0.64 0.00816747 
-1.92 -0.56 0.0170456 
-1.92 -0.48 0.0355551 
-1.92 -0.4 0.0741012 
-1.92 -0.32 0.154228 
-1.92 -0.24 0.32029 
-1.92 -0.16 0.662694 
-1.92 -0.08 1.36238 
-1.92 6.93889e-16 2.76938 
-1.92 0.08 5.51786 
-1.92 0.16 10.6166 
-1.92 0.24 19.2764 
-1.92 0.32 32.0824 
-1.92 0.4 47.7437 
-1.92 0.48 63.149 
-1.92 0.56 75.5174 
-1.92 0.64 84.0323 
-1.92 0.72 89.3558 
-1.92 0.8 92.5123 
-1.92 0.88 94.3228 
-1.92 0.96 95.3216 
-1.92 1.04 95.8378 
-1.92 1.12 96.08 
-1.92 1.2 96.1768 
-1.92 1.28 96.1844 
-1.92 1.36 96.116 
-1.92 1.44 95.9936 
-1.92 1.52 95.8666 
-1.92 1.6 95.7787 
-1.92 1.68 95.7368 
-1.92 1.76 95.7231 
-1.92 1.84 95.7202 
-1.92 1.92 95.7199 
-1.84 -2 4.29636e-08 
-1.84 -1.92 8.97634e-08 
-1.84 -1.84 1.87542e-07 
-1.84 -1.76 3.91829e-07 
-1.84 -1.68 8.18642e-07 
-1.84 -1.6 1.71037e-06 
-1.84 -1.52 3.57343e-06 
-1.84 -1.44 7.46582e-06 
-1.84 -1.36 1.55979e-05 
-1.84 -1.28 3.25875e-05 
-1.84 -1.2 6.80813e-05 
-1.84 -1.12 0.000142231 
-1.84 -1.04 0.000297129 
-1.84 -0.96 0.00062069 
-1.84 -0.88 0.0012965 
-1.84 -0.8 0.00270783 
-1.84 -0.72 0.00565458 
-1.84 -0.64 0.0118052 
-1.84 -0.56 0.0246365 
-1.84 -0.48 0.0513847 
-1.84 -0.4 0.107073 
-1.84 -0.32 0.222774 
-1.84 -0.24 0.4623 
-1.84 -0.16 0.955064 
-1.84 -0.08 1.95736 
-1.84 6.93889e-16 3.95419 
-1.84 0.08 7.78441 
-1.84 0.16 14.6527 
-1.84 0.24 25.6596 
-1.84 0.32 40.5748 
-1.84 0.4 56.908 
-1.84 0.48 71.2392 
-1.84 0.56 81.68 
-1.84 0.64 88.3813 
-1.84 0.72 92.3863 
-1.84 0.8 94.6974 
-1.84 0.88 96.0024 
-1.84 0.96 96.716 
-1.84 1.04 97.083 
-1.84 1.12 97.2549 
-1.84 1.2 97.3234 
-1.84 1.28 97.3289 
-1.84 1.36 97.2804 
-1.84 1.44 97.1936 
-1.84 1.52 97.1035 
-1.84 1.6 97.0411 
-1.84 1.68 97.0113 
-1.84 1.76 97.0016 
-1.84 1.84 96.9995 
-1.84 1.92 96.9993 
-1.76 -2 6.21012e-08 
-1.76 -1.92 1.29748e-07 
-1.76 -1.84 2.71081e-07 
-1.76 -1.76 5.66365e-07 
-1.76 -1.68 1.1833e-06 
-1.76 -1.6 2.47224e-06 
-1.76 -1.52 5.16518e-06 
-1.76 -1.44 1.07914e-05 
-1.76 -1.36 2.25458e-05 
-1.76 -1.28 4.71032e-05 
-1.76 -1.2 9.84073e-05 
-1.76 -1.12 0.000205586 
-1.76 -1.04 0.000429482 
-1.76 -0.96 0.000897168 
-1.76 -0.88 0.001874 
-1.76 -0.8 0.00391396 
-1.76 -0.72 0.00817314 
-1.76 -0.64 0.0170627 
-1.76 -0.56 0.0356067 
-1.76 -0.48 0.0742565 
-1.76 -0.4 0.154694 
-1.76 -0.32 0.321687 
-1.76 -0.24 0.666854 
-1.76 -0.16 1.37464 
-1.76 -0.08 2.8048 
-1.76 6.93889e-16 5.61662 
-1.76 0.08 10.8748 
-1.76 0.16 19.8819 
-1.76 0.24 33.285 
-1.76 0.32 49.671 
-1.76 0.4 65.6225 
-1.76 0.48 78.1673 
-1.76 0.56 86.5673 
-1.76 0.64 91.6633 
-1.76 0.72 94.606 
-1.76 0.8 96.2706 
-1.76 0.88 97.1998 
-1.76 0.96 97.7048 
-1.76 1.04 97.9637 
-1.76 1.12 98.0846 
-1.76 1.2 98.1329 
-1.76 1.28 98.1367 
-1.76 1.36 98.1026 
-1.76 1.44 98.0415 
-1.76 1.52 97.9781 
-1.76 1.6 97.9341 
-1.76 1.68 97.9131 
-1.76 1.76 97.9063 
-1.76 1.84 97.9048 
-1.76 1.92 97.9046 
-1.68 -2 8.97636e-08 
-1.68 -1.92 1.87542e-07 
-1.68 -1.84 3.91831e-07 
-1.68 -1.76 8.18647e-07 
-1.68 -1.68 1.71039e-06 
-1.68 -1.6 3.57347e-06 
-1.68 -1.52 7.46595e-06 
-1.68 -1.44 1.55983e-05 
-1.68 -1.36 3.25887e-05 
-1.68 -1.28 6.80848e-05 
-1.68 -1.2 0.000142242 
-1.68 -1.12 0.000297162 
-1.68 -1.04 0.000620789 
-1.68 -0.96 0.0012968 
-1.68 -0.88 0.00270873 
-1.68 -0.8 0.00565729 
-1.68 -0.72 0.0118134 
-1.68 -0.64 0.0246613 
-1.68 -0.56 0.0514592 
-1.68 -0.48 0.107298 
-1.68 -0.4 0.223448 
-1.68 -0.32 0.464314 
-1.68 -0.24 0.961042 
-1.68 -0.16 1.97487 
-1.68 -0.08 4.00414 
-1.68 6.93889e-16 7.92033 
-1.68 0.08 14.9926 
-1.68 0.16 26.4 
-1.68 0.24 41.8992 
-1.68 0.32 58.7891 
-1.68 0.4 73.3983 
-1.68 0.48 83.8059 
-1.68 0.56 90.3055 
-1.68 0.64 94.0804 
-1.68 0.72 96.2052 
-1.68 0.8 97.3899 
-1.68 0.88 98.0459 
-1.68 0.96 98.4008 
-1.68 1.04 98.5823 
-1.68 1.12 98.667 
-1.68 1.2 98.7008 
-1.68 1.28 98.7035 
-1.68 1.36 98.6796 
-1.68 1.44 98.6368 
-1.68 1.52 98.5924 
-1.68 1.6 98.5616 
-1.68 1.68 98.5469 
-1.68 1.76 98.5421 
-1.68 1.84 98.5411 
-1.68 1.92 98.5409 
-1.6 -2 1.29748e-07 
-1.6 -1.92 2.71081e-07 
-1.6 -1.84 5.66367e-07 
-1.6 -1.76 1.1833e-06 
-1.6 -1.68 2.47226e-06 
-1.6 -1.6 5.16524e-06 
-1.6 -1.52 1.07916e-05 
-1.6 -1.44 2.25464e-05 
-1.6 -1.36 4.71049e-05 
-1.6 -1.28 9.84125e-05 
-1.6 -1.2 0.000205602 
-1.6 -1.12 0.000429529 
-1.6 -1.04 0.000897311 
-1.6 -0.96 0.00187443 
-1.6 -0.88 0.00391526 
-1.6 -0.8 0.00817707 
-1.6 -0.72 0.0170746 
-1.6 -0.64 0.0356425 
-1.6 -0.56 0.0743642 
-1.6 -0.48 0.155018 
-1.6 -0.4 0.322659 
-1.6 -0.32 0.669753 
-1.6 -0.24 1.38321 
-1.6 -0.16 2.82966 
-1.6 -0.08 5.68632 
-1.6 6.93889e-16 11.0582 
-1.6 0.08 20.3143 
-1.6 0.16 34.1444 
-1.6 0.24 51.0374 
-1.6 0.32 67.3414 
-1.6 0.4 79.9527 
-1.6 0.48 88.2079 
-1.6 0.56 93.0865 
-1.6 0.64 95.8285 
-1.6 0.72 97.3436 
-1.6 0.8 98.1796 
-1.6 0.88 98.6399 
-1.6 0.96 98.8881 
-1.6 1.04 99.0149 
-1.6 1.12 99.074 
-1.6 1.2 99.0976 
-1.6 1.28 99.0994 
-1.6 1.36 99.0828 
-1.6 1.44 99.0529 
-1.6 1.52 99.0219 
-1.6 1.6 99.0004 
-1.6 1.68 98.9902 
-1.6 1.76 98.9868 
-1.6 1.84 98.9861 
-1.6 1.92 98.986 
-1.52 -2 1.87543e-07 
-1.52 -1.92 3.91832e-07 
-1.52 -1.84 8.1865e-07 
-1.52 -1.76 1.7104e-06 
-1.52 -1.68 3.5735e-06 
-1.52 -1.6 7.46604e-06 
-1.52 -1.52 1.55986e-05 
-1.52 -1.44 3.25895e-05 
-1.52 -1.36 6.80873e-05 
-1.52 -1.28 0.000142249 
-1.52 -1.2 0.000297185 
-1.52 -1.12 0.000620858 
-1.52 -1.04 0.001297 
-1.52 -0.96 0.00270936 
-1.52 -0.88 0.00565918 
-1.52 -0.8 0.011819 
-1.52 -0.72 0.0246784 
-1.52 -0.64 0.0515109 
-1.52 -0.56 0.107453 
-1.52 -0.48 0.223915 
-1.52 -0.4 0.465715 
-1.52 -0.32 0.965208 
-1.52 -0.24 1.9871 
-1.52 -0.16 4.03919 
-1.52 -0.08 8.01619 
-1.52 6.93889e-16 15.2336 
-1.52 0.08 26.9266 
-1.52 0.16 42.8383 
-1.52 0.24 60.1068 
-1.52 0.32 74.8774 
-1.52 0.4 85.2174 
-1.52 0.48 91.5342 
-1.52 0.56 95.1129 
-1.52 0.64 97.0765 
-1.52 0.72 98.147 
-1.52 0.8 98.7335 
-1.52 0.88 99.0551 
-1.52 0.96 99.2281 
-1.52 1.04 99.3164 
-1.52 1.12 99.3575 
-1.52 1.2 99.3739 
-1.52 1.28 99.3752 
-1.52 1.36 99.3636 
-1.52 1.44 99.3429 
-1.52 1.52 99.3213 
-1.52 1.6 99.3063 
-1.52 1.68 99.2992 
-1.52 1.76 99.2969 
-1.52 1.84 99.2964 
-1.52 1.92 99.2963 
-1.44 -2 2.71082e-07 
-1.44 -1.92 5.66369e-07 
-1.44 -1.84 1.18331e-06 
-1.44 -1.76 2.47227e-06 
-1.44 -1.68 5.16528e-06 
-1.44 -1.6 1.07917e-05 
-1.44 -1.52 2.25468e-05 
-1.44 -1.44 4.71061e-05 
-1.44 -1.36 9.84161e-05 
-1.44 -1.28 0.000205613 
-1.44 -1.2 0.000429562 
-1.44 -1.12 0.00089741 
-1.44 -1.04 0.00187473 
-1.44 -0.96 0.00391616 
-1.44 -0.88 0.00817979 
-1.44 -0.8 0.0170828 
-1.44 -0.72 0.0356673 
-1.44 -0.64 0.0744388 
-1.44 -0.56 0.155243 
-1.44 -0.48 0.323333 
-1.44 -0.4 0.671769 
-1.44 -0.32 1.38918 
-1.44 -0.24 2.84703 
-1.44 -0.16 5.73522 
-1.44 -0.08 11.1874 
-1.44 6.93889e-16 20.6201 
-1.44 0.08 34.7524 
-1.44 0.16 51.998 
-1.44 0.24 68.532 
-1.44 0.32 81.1609 
-1.44 0.4 89.2848 
-1.44 0.48 93.9862 
-1.44 0.56 96.5673 
-1.44 0.64 97.959 
-1.44 0.72 98.7107 
-1.44 0.8 99.1203 
-1.44 0.88 99.3444 
-1.44 0.96 99.4647 
-1.44 1.04 99.5261 
-1.44 1.12 99.5546 
-1.44 1.2 99.566 
-1.44 1.28 99.5669 
-1.44 1.36 99.5589 
-1.44 1.44 99.5445 
-1.44 1.52 99.5295 
-1.44 1.6 99.5191 
-1.44 1.68 99.5141 
-1.44 1.76 99.5125 
-1.44 1.84 99.5121 
-1.44 1.92 99.5121 
-1.36 -2 3.91832e-07 
-1.36 -1.92 8.18652e-07 
-1.36 -1.84 1.7104e-06 
-1.36 -1.76 3.57352e-06 
-1.36 -1.68 7.4661e-06 
-1.36 -1.6 1.55988e-05 
-1.36 -1.52 3.259e-05 
-1.36 -1.44 6.80891e-05 
-1.36 -1.36 0.000142254 
-1.36 -1.28 0.0002972 
-1.36 -1.2 0.000620905 
-1.36 -1.12 0.00129715 
-1.36 -1.04 0.00270979 
-1.36 -0.96 0.00566048 
-1.36 -0.88 0.011823 
-1.36 -0.8 0.0246903 
-1.36 -0.72 0.0515467 
-1.36 -0.64 0.107561 
-1.36 -0.56 0.224239 
-1.36 -0.48 0.466687 
-1.36 -0.4 0.968104 
-1.36 -0.32 1.99562 
-1.36 -0.24 4.06368 
-1.36 -0.16 8.0834 
-1.36 -0.08 15.4032 
-1.36 6.93889e-16 27.2978 
-1.36 0.08 43.4989 
-1.36 0.16 61.0253 
-1.36 0.24 75.8916 
-1.36 0.32 86.1632 
-1.36 0.4 92.3338 
-1.36 0.48 95.7609 
-1.36 0.56 97.5997 
-1.36 0.64 98.579 
-1.36 0.72 99.1045 
-1.36 0.8 99.3898 
-1.36 0.88 99.5455 
-1.36 0.96 99.6291 
-1.36 1.04 99.6716 
-1.36 1.12 99.6915 
-1.36 1.2 99.6994 
-1.36 1.28 99.7 
-1.36 1.36 99.6944 
-1.36 1.44 99.6844 
-1.36 1.52 99.674 
-1.36 1.6 99.6668 
-1.36 1.68 99.6633 
-1.36 1.76 99.6622 
-1.36 1.84 99.662 
-1.36 1.92 99.6619 
-1.28 -2 5.6637e-07 
-1.28 -1.92 1.18331e-06 
-1.28 -1.84 2.47228e-06 
-1.28 -1.76 5.16531e-06 
-1.28 -1.68 1.07918e-05 
-1.28 -1.6 2.25471e-05 
-1.28 -1.52 4.71069e-05 
-1.28 -1.44 9.84186e-05 
-1.28 -1.36 0.00020562 
-1.28 -1.28 0.000429585 
-1.28 -1.2 0.000897478 
-1.28 -1.12 0.00187494 
-1.28 -1.04 0.00391679 
-1.28 -0.96 0.00818168 
-1.28 -0.88 0.0170885 
-1.28 -0.8 0.0356844 
-1.28 -0.72 0.0744905 
-1.28 -0.64 0.155399 
-1.28 -0.56 0.323801 
-1.28 -0.48 0.673168 
-1.28 -0.4 1.39333 
-1.28 -0.32 2.85914 
-1.28 -0.24 5.76937 
-1.28 -0.16 11.278 
-1.28 -0.08 20.8349 
-1.28 6.93889e-16 35.1796 
-1.28 0.08 52.6697 
-1.28 0.16 69.3554 
-1.28 0.24 81.9824 
-1.28 0.32 90.0009 
-1.28 0.4 94.5679 
-1.28 0.48 97.0285 
-1.28 0.56 98.3271 
-1.28 0.64 99.0126 
-1.28 0.72 99.3787 
-1.28 0.8 99.577 
-1.28 0.88 99.6851 
-1.28 0.96 99.7431 
-1.28 1.04 99.7726 
-1.28 1.12 99.7863 
-1.28 1.2 99.7918 
-1.28 1.28 99.7922 
-1.28 1.36 99.7884 
-1.28 1.44 99.7814 
-1.28 1.52 99.7742 
-1.28 1.6 99.7692 
-1.28 1.68 99.7668 
-1.28 1.76 99.7661 
-1.28 1.84 99.7659 
-1.28 1.92 99.7659 
-1.2 -2 8.18654e-07 
-1.2 -1.92 1.71041e-06 
-1.2 -1.84 3.57354e-06 
-1.2 -1.76 7.46615e-06 
-1.2 -1.68 1.55989e-05 
-1.2 -1.6 3.25904e-05 
-1.2 -1.52 6.80902e-05 
-1.2 -1.44 0.000142258 
-1.2 -1.36 0.000297211 
-1.2 -1.28 0.000620938 
-1.2 -1.2 0.00129725 
-1.2 -1.12 0.00271009 
-1.2 -1.04 0.00566138 
-1.2 -0.96 0.0118257 
-1.2 -0.88 0.0246985 
-1.2 -0.8 0.0515714 
-1.2 -0.72 0.107636 
-1.2 -0.64 0.224464 
-1.2 -0.56 0.467361 
-1.2 -0.48 0.970115 
-1.2 -0.4 2.00155 
-1.2 -0.32 4.08074 
-1.2 -0.24 8.13034 
-1.2 -0.16 15.5219 
-1.2 -0.08 27.558 
-1.2 6.93889e-16 43.9611 
-1.2 0.08 61.6638 
-1.2 0.16 76.5882 
-1.2 0.24 86.8021 
-1.2 0.32 92.8624 
-1.2 0.4 96.1779 
-1.2 0.48 97.9252 
-1.2 0.56 98.8366 
-1.2 0.64 99.3148 
-1.2 0.72 99.5694 
-1.2 0.8 99.707 
-1.2 0.88 99.7819 
-1.2 0.96 99.8221 
-1.2 1.04 99.8426 
-1.2 1.12 99.8521 
-1.2 1.2 99.8559 
-1.2 1.28 99.8562 
-1.2 1.36 99.8535 
-1.2 1.44 99.8487 
-1.2 1.52 99.8437 
-1.2 1.6 99.8402 
-1.2 1.68 99.8386 
-1.2 1.76 99.838 
-1.2 1.84 99.8379 
-1.2 1.92 99.8379 
-1.12 -2 1.18331e-06 
-1.12 -1.92 2.47229e-06 
-1.12 -1.84 5.16533e-06 
-1.12 -1.76 1.07919e-05 
-1.12 -1.68 2.25473e-05 
-1.12 -1.6 4.71075e-05 
-1.12 -1.52 9.84203e-05 
-1.12 -1.44 0.000205625 
-1.12 -1.36 0.0004296 
-1.12 -1.28 0.000897526 
-1.12 -1.2 0.00187508 
-1.12 -1.12 0.00391722 
-1.12 -1.04 0.00818298 
-1.12 -0.96 0.0170924 
-1.12 -0.88 0.0356963 
-1.12 -0.8 0.0745263 
-1.12 -0.72 0.155507 
-1.12 -0.64 0.324125 
-1.12 -0.56 0.674139 
-1.12 -0.48 1.39621 
-1.12 -0.4 2.86755 
-1.12 -0.32 5.79316 
-1.12 -0.24 11.3412 
-1.12 -0.16 20.985 
-1.12 -0.08 35.4783 
-1.12 6.93889e-16 53.1377 
-1.12 0.08 69.9247 
-1.12 0.16 82.5435 
-1.12 0.24 90.4822 
-1.12 0.32 94.9509 
-1.12 0.4 97.3243 
-1.12 0.48 98.5554 
-1.12 0.56 99.1922 
-1.12 0.64 99.525 
-1.12 0.72 99.7017 
-1.12 0.8 99.7971 
-1.12 0.88 99.849 
-1.12 0.96 99.8769 
-1.12 1.04 99.891 
-1.12 1.12 99.8976 
-1.12 1.2 99.9002 
-1.12 1.28 99.9005 
-1.12 1.36 99.8986 
-1.12 1.44 99.8953 
-1.12 1.52 99.8918 
-1.12 1.6 99.8894 
-1.12 1.68 99.8883 
-1.12 1.76 99.8879 
-1.12 1.84 99.8878 
-1.12 1.92 99.8878 
-1.04 -2 1.71041e-06 
-1.04 -1.92 3.57355e-06 
-1.04 -1.84 7.46618e-06 
-1.04 -1.76 1.5599e-05 
-1.04 -1.68 3.25907e-05 
-1.04 -1.6 6.80911e-05 
-1.04 -1.52 0.000142261 
-1.04 -1.44 0.000297219 
-1.04 -1.36 0.00062096 
-1.04 -1.28 0.00129731 
-1.04 -1.2 0.00271029 
-1.04 -1.12 0.005662 
-1.04 -1.04 0.0118276 
-1.04 -0.96 0.0247042 
-1.04 -0.88 0.0515886 
-1.04 -0.8 0.107688 
-1.04 -0.72 0.22462 
-1.04 -0.64 0.467828 
-1.04 -0.56 0.971509 
-1.04 -0.48 2.00566 
-1.04 -0.4 4.0926 
-1.04 -0.32 8.16302 
-1.04 -0.24 15.6047 
-1.04 -0.16 27.7396 
-1.04 -0.08 44.2834 
-1.04 6.93889e-16 62.1069 
-1.04 0.08 77.0676 
-1.04 0.16 87.2365 
-1.04 0.24 93.2163 
-1.04 0.32 96.4517 
-1.04 0.4 98.1335 
-1.04 0.48 98.9961 
-1.04 0.56 99.4398 
-1.04 0.64 99.6709 
-1.04 0.72 99.7934 
-1.04 0.8 99.8595 
-1.04 0.88 99.8955 
-1.04 0.96 99.9148 
-1.04 1.04 99.9246 
-1.04 1.12 99.9291 
-1.04 1.2 99.931 
-1.04 1.28 99.9311 
-1.04 1.36 99.9298 
-1.04 1.44 99.9275 
-1.04 1.52 99.9251 
-1.04 1.6 99.9235 
-1.04 1.68 99.9227 
-1.04 1.76 99.9224 
-1.04 1.84 99.9224 
-1.04 1.92 99.9224 
-0.96 -2 2.4723e-06 
-0.96 -1.92 5.16535e-06 
-0.96 -1.84 1.07919e-05 
-0.96 -1.76 2.25474e-05 
-0.96 -1.68 4.71079e-05 
-0.96 -1.6 9.84215e-05 
-0.96 -1.52 0.000205629 
-0.96 -1.44 0.000429611 
-0.96 -1.36 0.000897558 
-0.96 -1.28 0.00187518 
-0.96 -1.2 0.00391752 
-0.96 -1.12 0.00818388 
-0.96 -1.04 0.0170951 
-0.96 -0.96 0.0357045 
-0.96 -0.88 0.0745511 
-0.96 -0.8 0.155581 
-0.96 -0.72 0.32435 
-0.96 -0.64 0.674811 
-0.96 -0.56 1.39821 
-0.96 -0.48 2.87339 
-0.96 -0.4 5.80969 
-0.96 -0.32 11.3852 
-0.96 -0.24 21.0897 
-0.96 -0.16 35.6864 
-0.96 -0.08 53.4631 
-0.96 6.93889e-16 70.3183 
-0.96 0.08 82.9281 
-0.96 0.16 90.8082 
-0.96 0.24 95.2066 
-0.96 0.32 97.518 
-0.96 0.4 98.7012 
-0.96 0.48 99.3033 
-0.96 0.56 99.6117 
-0.96 0.64 99.7721 
-0.96 0.72 99.857 
-0.96 0.8 99.9028 
-0.96 0.88 99.9277 
-0.96 0.96 99.941 
-0.96 1.04 99.9478 
-0.96 1.12 99.951 
-0.96 1.2 99.9522 
-0.96 1.28 99.9523 
-0.96 1.36 99.9514 
-0.96 1.44 99.9498 
-0.96 1.52 99.9482 
-0.96 1.6 99.947 
-0.96 1.68 99.9465 
-0.96 1.76 99.9463 
-0.96 1.84 99.9463 
-0.96 1.92 99.9463 
-0.88 -2 3.57355e-06 
-0.88 -1.92 7.4662e-06 
-0.88 -1.84 1.55991e-05 
-0.88 -1.76 3.25909e-05 
-0.88 -1.68 6.80916e-05 
-0.88 -1.6 0.000142262 
-0.88 -1.52 0.000297224 
-0.88 -1.44 0.000620976 
-0.88 -1.36 0.00129736 
-0.88 -1.28 0.00271044 
-0.88 -1.2 0.00566244 
-0.88 -1.12 0.0118289 
-0.88 -1.04 0.0247081 
-0.88 -0.96 0.0516005 
-0.88 -0.88 0.107723 
-0.88 -0.8 0.224728 
-0.88 -0.72 0.468152 
-0.88 -0.64 0.972476 
-0.88 -0.56 2.00852 
-0.88 -0.48 4.10083 
-0.88 -0.4 8.18573 
-0.88 -0.32 15.6623 
-0.88 -0.24 27.8661 
-0.88 -0.16 44.5076 
-0.88 -0.08 62.414 
-0.88 6.93889e-16 77.3979 
-0.88 0.08 87.5333 
-0.88 0.16 93.4555 
-0.88 0.24 96.6341 
-0.88 0.32 98.2696 
-0.88 0.4 99.0978 
-0.88 0.48 99.517 
-0.88 0.56 99.7311 
-0.88 0.64 99.8422 
-0.88 0.72 99.901 
-0.88 0.8 99.9327 
-0.88 0.88 99.95 
-0.88 0.96 99.9592 
-0.88 1.04 99.9639 
-0.88 1.12 99.9661 
-0.88 1.2 99.9669 
-0.88 1.28 99.967 
-0.88 1.36 99.9664 
-0.88 1.44 99.9653 
-0.88 1.52 99.9642 
-0.88 1.6 99.9634 
-0.88 1.68 99.963 
-0.88 1.76 99.9629 
-0.88 1.84 99.9628 
-0.88 1.92 99.9628 
-0.8 -2 5.16536e-06 
-0.8 -1.92 1.07919e-05 
-0.8 -1.84 2.25475e-05 
-0.8 -1.76 4.71082e-05 
-0.8 -1.68 9.84223e-05 
-0.8 -1.6 0.000205631 
-0.8 -1.52 0.000429619 
-0.8 -1.44 0.000897581 
-0.8 -1.36 0.00187525 
-0.8 -1.28 0.00391772 
-0.8 -1.2 0.0081845 
-0.8 -1.12 0.017097 
-0.8 -1.04 0.0357102 
-0.8 -0.96 0.0745682 
-0.8 -0.88 0.155633 
-0.8 -0.8 0.324505 
-0.8 -0.72 0.675277 
-0.8 -0.64 1.39959 
-0.8 -0.56 2.87744 
-0.8 -0.48 5.82117 
-0.8 -0.4 11.4157 
-0.8 -0.32 21.1625 
-0.8 -0.24 35.8311 
-0.8 -0.16 53.689 
-0.8 -0.08 70.5904 
-0.8 6.93889e-16 83.1924 
-0.8 0.08 91.0305 
-0.8 0.16 95.3791 
-0.8 0.24 97.6469 
-0.8 0.32 98.7965 
-0.8 0.4 99.3741 
-0.8 0.48 99.6653 
-0.8 0.56 99.8138 
-0.8 0.64 99.8908 
-0.8 0.72 99.9315 
-0.8 0.8 99.9534 
-0.8 0.88 99.9654 
-0.8 0.96 99.9718 
-0.8 1.04 99.975 
-0.8 1.12 99.9765 
-0.8 1.2 99.9771 
-0.8 1.28 99.9772 
-0.8 1.36 99.9768 
-0.8 1.44 99.976 
-0.8 1.52 99.9752 
-0.8 1.6 99.9746 
-0.8 1.68 99.9744 
-0.8 1.76 99.9743 
-0.8 1.84 99.9743 
-0.8 1.92 99.9743 
-0.72 -2 7.46621e-06 
-0.72 -1.92 1.55991e-05 
-0.72 -1.84 3.2591e-05 
-0.72 -1.76 6.8092e-05 
-0.72 -1.68 0.000142263 
-0.72 -1.6 0.000297228 
-0.72 -1.52 0.000620987 
-0.72 -1.44 0.00129739 
-0.72 -1.36 0.00271053 
-0.72 -1.28 0.00566273 
-0.72 -1.2 0.0118298 
-0.72 -1.12 0.0247108 
-0.72 -1.04 0.0516087 
-0.72 -0.96 0.107748 
-0.72 -0.88 0.224802 
-0.72 -0.8 0.468376 
-0.72 -0.72 0.973145 
-0.72 -0.64 2.01049 
-0.72 -0.56 4.10654 
-0.72 -0.48 8.20149 
-0.72 -0.4 15.7023 
-0.72 -0.32 27.954 
-0.72 -0.24 44.6632 
-0.72 -0.16 62.6268 
-0.72 -0.08 77.6257 
-0.72 6.93889e-16 87.7368 
-0.72 0.08 93.6183 
-0.72 0.16 96.7569 
-0.72 0.24 98.3602 
-0.72 0.32 99.1643 
-0.72 0.4 99.5662 
-0.72 0.48 99.7682 
-0.72 0.56 99.8711 
-0.72 0.64 99.9244 
-0.72 0.72 99.9526 
-0.72 0.8 99.9678 
-0.72 0.88 99.976 
-0.72 0.96 99.9805 
-0.72 1.04 99.9827 
-0.72 1.12 99.9838 
-0.72 1.2 99.9842 
-0.72 1.28 99.9842 
-0.72 1.36 99.9839 
-0.72 1.44 99.9834 
-0.72 1.52 99.9828 
-0.72 1.6 99.9825 
-0.72 1.68 99.9823 
-0.72 1.76 99.9822 
-0.72 1.84 99.9822 
-0.72 1.92 99.9822 
-0.64 -2 1.0792e-05 
-0.64 -1.92 2.25476e-05 
-0.64 -1.84 4.71084e-05 
-0.64 -1.76 9.84229e-05 
-0.64 -1.68 0.000205633 
-0.64 -1.6 0.000429624 
-0.64 -1.52 0.000897597 
-0.64 -1.44 0.00187529 
-0.64 -1.36 0.00391787 
-0.64 -1.28 0.00818493 
-0.64 -1.2 0.0170983 
-0.64 -1.12 0.0357141 
-0.64 -1.04 0.0745801 
-0.64 -0.96 0.155669 
-0.64 -0.88 0.324613 
-0.64 -0.8 0.675599 
-0.64 -0.72 1.40055 
-0.64 -0.64 2.88025 
-0.64 -0.56 5.82913 
-0.64 -0.48 11.4369 
-0.64 -0.4 21.213 
-0.64 -0.32 35.9316 
-0.64 -0.24 53.8456 
-0.64 -0.16 70.7786 
-0.64 -0.08 83.3744 
-0.64 6.93889e-16 91.1827 
-0.64 0.08 95.4963 
-0.64 0.16 97.7337 
-0.64 0.24 98.8598 
-0.64 0.32 99.4203 
-0.64 0.4 99.6995 
-0.64 0.48 99.8395 
-0.64 0.56 99.9108 
-0.64 0.64 99.9477 
-0.64 0.72 99.9672 
-0.64 0.8 99.9777 
-0.64 0.88 99.9834 
-0.64 0.96 99.9865 
-0.64 1.04 99.988 
-0.64 1.12 99.9888 
-0.64 1.2 99.9891 
-0.64 1.28 99.9891 
-0.64 1.36 99.9889 
-0.64 1.44 99.9885 
-0.64 1.52 99.9881 
-0.64 1.6 99.9879 
-0.64 1.68 99.9877 
-0.64 1.76 99.9877 
-0.64 1.84 99.9877 
-0.64 1.92 99.9877 
-0.56 -2 1.55991e-05 
-0.56 -1.92 3.25911e-05 
-0.56 -1.84 6.80923e-05 
-0.56 -1.76 0.000142264 
-0.56 -1.68 0.00029723 
-0.56 -1.6 0.000620994 
-0.56 -1.52 0.00129742 
-0.56 -1.44 0.0027106 
-0.56 -1.36 0.00566294 
-0.56 -1.28 0.0118304 
-0.56 -1.2 0.0247127 
-0.56 -1.12 0.0516144 
-0.56 -1.04 0.107765 
-0.56 -0.96 0.224854 
-0.56 -0.88 0.468531 
-0.56 -0.8 0.973608 
-0.56 -0.72 2.01186 
-0.56 -0.64 4.11049 
-0.56 -0.56 8.21241 
-0.56 -0.48 15.73 
-0.56 -0.4 28.0149 
-0.56 -0.32 44.7712 
-0.56 -0.24 62.7742 
-0.56 -0.16 77.783 
-0.56 -0.08 87.8768 
-0.56 6.93889e-16 93.7296 
-0.56 0.08 96.8404 
-0.56 0.16 98.4211 
-0.56 0.24 99.2084 
-0.56 0.32 99.5982 
-0.56 0.4 99.7919 
-0.56 0.48 99.8889 
-0.56 0.56 99.9383 
-0.56 0.64 99.9638 
-0.56 0.72 99.9773 
-0.56 0.8 99.9846 
-0.56 0.88 99.9885 
-0.56 0.96 99.9906 
-0.56 1.04 99.9917 
-0.56 1.12 99.9922 
-0.56 1.2 99.9924 
-0.56 1.28 99.9924 
-0.56 1.36 99.9923 
-0.56 1.44 99.992 
-0.56 1.52 99.9918 
-0.56 1.6 99.9916 
-0.56 1.68 99.9915 
-0.56 1.76 99.9915 
-0.56 1.84 99.9915 
-0.56 1.92 99.9915 
-0.48 -2 2.25476e-05 
-0.48 -1.92 4.71085e-05 
-0.48 -1.84 9.84233e-05 
-0.48 -1.76 0.000205634 
-0.48 -1.68 0.000429628 
-0.48 -1.6 0.000897608 
-0.48 -1.52 0.00187533 
-0.48 -1.44 0.00391797 
-0.48 -1.36 0.00818523 
-0.48 -1.28 0.0170992 
-0.48 -1.2 0.0357168 
-0.48 -1.12 0.0745883 
-0.48 -1.04 0.155693 
-0.48 -0.96 0.324687 
-0.48 -0.88 0.675823 
-0.48 -0.8 1.40122 
-0.48 -0.72 2.8822 
-0.48 -0.64 5.83464 
-0.48 -0.56 11.4516 
-0.48 -0.48 21.248 
-0.48 -0.4 36.0013 
-0.48 -0.32 53.9541 
-0.48 -0.24 70.9087 
-0.48 -0.16 83.4999 
-0.48 -0.08 91.2873 
-0.48 6.93889e-16 95.5764 
-0.48 0.08 97.7926 
-0.48 0.16 98.9023 
-0.48 0.24 99.451 
-0.48 0.32 99.7217 
-0.48 0.4 99.8559 
-0.48 0.48 99.9231 
-0.48 0.56 99.9573 
-0.48 0.64 99.975 
-0.48 0.72 99.9843 
-0.48 0.8 99.9893 
-0.48 0.88 99.9921 
-0.48 0.96 99.9935 
-0.48 1.04 99.9943 
-0.48 1.12 99.9946 
-0.48 1.2 99.9948 
-0.48 1.28 99.9948 
-0.48 1.36 99.9947 
-0.48 1.44 99.9945 
-0.48 1.52 99.9943 
-0.48 1.6 99.9942 
-0.48 1.68 99.9941 
-0.48 1.76 99.9941 
-0.48 1.84 99.9941 
-0.48 1.92 99.9941 
-0.4 -2 3.25912e-05 
-0.4 -1.92 6.80925e-05 
-0.4 -1.84 0.000142265 
-0.4 -1.76 0.000297232 
-0.4 -1.68 0.000621 
-0.4 -1.6 0.00129743 
-0.4 -1.52 0.00271065 
-0.4 -1.44 0.00566308 
-0.4 -1.36 0.0118308 
-0.4 -1.28 0.024714 
-0.4 -1.2 0.0516183 
-0.4 -1.12 0.107777 
-0.4 -1.04 0.224889 
-0.4 -0.96 0.468638 
-0.4 -0.88 0.973929 
-0.4 -0.8 2.01281 
-0.4 -0.72 4.11323 
-0.4 -0.64 8.21998 
-0.4 -0.56 15.7493 
-0.4 -0.48 28.0572 
-0.4 -0.4 44.846 
-0.4 -0.32 62.8762 
-0.4 -0.24 77.8917 
-0.4 -0.16 87.9732 
-0.4 -0.08 93.806 
-0.4 6.93889e-16 96.8974 
-0.4 0.08 98.4624 
-0.4 0.16 99.238 
-0.4 0.24 99.6195 
-0.4 0.32 99.8073 
-0.4 0.4 99.9003 
-0.4 0.48 99.9468 
-0.4 0.56 99.9704 
-0.4 0.64 99.9827 
-0.4 0.72 99.9891 
-0.4 0.8 99.9928 
-0.4 0.88 99.9947 
-0.4 0.96 99.9958 
-0.4 1.04 99.9964 
-0.4 1.12 99.9968 
-0.4 1.2 99.9971 
-0.4 1.28 99.9973 
-0.4 1.36 99.9974 
-0.4 1.44 99.9975 
-0.4 1.52 99.9975 
-0.4 1.6 99.9975 
-0.4 1.68 99.9975 
-0.4 1.76 99.9975 
-0.4 1.84 99.9975 
-0.4 1.92 99.9975 
-0.32 -2 4.71086e-05 
-0.32 -1.92 9.84236e-05 
-0.32 -1.84 0.000205635 
-0.32 -1.76 0.00042963 
-0.32 -1.68 0.000897615 
-0.32 -1.6 0.00187535 
-0.32 -1.52 0.00391803 
-0.32 -1.44 0.00818544 
-0.32 -1.36 0.0170999 
-0.32 -1.28 0.0357187 
-0.32 -1.2 0.074594 
-0.32 -1.12 0.155711 
-0.32 -1.04 0.324739 
-0.32 -0.96 0.675977 
-0.32 -0.88 1.40168 
-0.32 -0.8 2.88354 
-0.32 -0.72 5.83846 
-0.32 -0.64 11.4618 
-0.32 -0.56 21.2723 
-0.32 -0.48 36.0496 
-0.32 -0.4 54.0292 
-0.32 -0.32 70.9987 
-0.32 -0.24 83.5865 
-0.32 -0.16 91.3592 
-0.32 -0.08 95.6314 
-0.32 6.93889e-16 97.8328 
-0.32 0.08 98.9312 
-0.32 0.16 99.4716 
-0.32 0.24 99.7365 
-0.32 0.32 99.8666 
-0.32 0.4 99.931 
-0.32 0.48 99.9632 
-0.32 0.56 99.9795 
-0.32 0.64 99.988 
-0.32 0.72 99.9926 
-0.32 0.8 99.995 
-0.32 0.88 99.9963 
-0.32 0.96 99.9971 
-0.32 1.04 99.9975 
-0.32 1.12 99.9978 
-0.32 1.2 99.998 
-0.32 1.28 99.9981 
-0.32 1.36 99.9982 
-0.32 1.44 99.9983 
-0.32 1.52 99.9983 
-0.32 1.6 99.9983 
-0.32 1.68 99.9983 
-0.32 1.76 99.9983 
-0.32 1.84 99.9983 
-0.32 1.92 99.9983 
-0.24 -2 6.80926e-05 
-0.24 -1.92 0.000142265 
-0.24 -1.84 0.000297233 
-0.24 -1.76 0.000621003 
-0.24 -1.68 0.00129744 
-0.24 -1.6 0.00271068 
-0.24 -1.52 0.00566318 
-0.24 -1.44 0.0118311 
-0.24 -1.36 0.0247149 
-0.24 -1.28 0.051621 
-0.24 -1.2 0.107785 
-0.24 -1.12 0.224914 
-0.24 -1.04 0.468713 
-0.24 -0.96 0.974151 
-0.24 -0.88 2.01347 
-0.24 -0.8 4.11513 
-0.24 -0.72 8.22523 
-0.24 -0.64 15.7626 
-0.24 -0.56 28.0865 
-0.24 -0.48 44.8978 
-0.24 -0.4 62.9468 
-0.24 -0.32 77.9668 
-0.24 -0.24 88.0397 
-0.24 -0.16 93.8585 
-0.24 -0.08 96.9364 
-0.24 6.93889e-16 98.4906 
-0.24 0.08 99.2581 
-0.24 0.16 99.6338 
-0.24 0.24 99.8175 
-0.24 0.32 99.9077 
-0.24 0.4 99.9522 
-0.24 0.48 99.9745 
-0.24 0.56 99.9859 
-0.24 0.64 99.9918 
-0.24 0.72 99.9949 
-0.24 0.8 99.9965 
-0.24 0.88 99.9975 
-0.24 0.96 99.998 
-0.24 1.04 99.9983 
-0.24 1.12 99.9985 
-0.24 1.2 99.9986 
-0.24 1.28 99.9987 
-0.24 1.36 99.9988 
-0.24 1.44 99.9988 
-0.24 1.52 99.9988 
-0.24 1.6 99.9988 
-0.24 1.68 99.9988 
-0.24 1.76 99.9988 
-0.24 1.84 99.9988 
-0.24 1.92 99.9988 
-0.16 -2 9.84237e-05 
-0.16 -1.92 0.000205636 
-0.16 -1.84 0.000429632 
-0.16 -1.76 0.00089762 
-0.16 -1.68 0.00187537 
-0.16 -1.6 0.00391808 
-0.16 -1.52 0.00818558 
-0.16 -1.44 0.0171003 
-0.16 -1.36 0.03572 
-0.16 -1.28 0.0745979 
-0.16 -1.2 0.155722 
-0.16 -1.12 0.324775 
-0.16 -1.04 0.676084 
-0.16 -0.96 1.40199 
-0.16 -0.88 2.88447 
-0.16 -0.8 5.8411 
-0.16 -0.72 11.4689 
-0.16 -0.64 21.2891 
-0.16 -0.56 36.083 
-0.16 -0.48 54.0813 
-0.16 -0.4 71.061 
-0.16 -0.32 83.6464 
-0.16 -0.24 91.4088 
-0.16 -0.16 95.6692 
-0.16 -0.08 97.8603 
-0.16 6.93889e-16 98.9508 
-0.16 0.08 99.4856 
-0.16 0.16 99.7464 
-0.16 0.24 99.8737 
-0.16 0.32 99.9361 
-0.16 0.4 99.967 
-0.16 0.48 99.9824 
-0.16 0.56 99.9903 
-0.16 0.64 99.9943 
-0.16 0.72 99.9965 
-0.16 0.8 99.9976 
-0.16 0.88 99.9982 
-0.16 0.96 99.9986 
-0.16 1.04 99.9988 
-0.16 1.12 99.9989 
-0.16 1.2 99.999 
-0.16 1.28 99.9991 
-0.16 1.36 99.9991 
-0.16 1.44 99.9992 
-0.16 1.52 99.9992 
-0.16 1.6 99.9992 
-0.16 1.68 99.9992 
-0.16 1.76 99.9992 
-0.16 1.84 99.9992 
-0.16 1.92 99.9992 
-0.08 -2 0.000142266 
-0.08 -1.92 0.000297234 
-0.08 -1.84 0.000621006 
-0.08 -1.76 0.00129745 
-0.08 -1.68 0.00271071 
-0.08 -1.6 0.00566325 
-0.08 -1.52 0.0118313 
-0.08 -1.44 0.0247155 
-0.08 -1.36 0.0516229 
-0.08 -1.28 0.107791 
-0.08 -1.2 0.224931 
-0.08 -1.12 0.468764 
-0.08 -1.04 0.974305 
-0.08 -0.96 2.01392 
-0.08 -0.88 4.11644 
-0.08 -0.8 8.22886 
-0.08 -0.72 15.7718 
-0.08 -0.64 28.1068 
-0.08 -0.56 44.9337 
-0.08 -0.48 62.9956 
-0.08 -0.4 78.0188 
-0.08 -0.32 88.0856 
-0.08 -0.24 93.8947 
-0.08 -0.16 96.9633 
-0.08 -0.08 98.5099 
-0.08 6.93889e-16 99.2718 
-0.08 0.08 99.6435 
-0.08 0.16 99.8244 
-0.08 0.24 99.9126 
-0.08 0.32 99.9558 
-0.08 0.4 99.9771 
-0.08 0.48 99.9879 
-0.08 0.56 99.9933 
-0.08 0.64 99.9961 
-0.08 0.72 99.9975 
-0.08 0.8 99.9983 
-0.08 0.88 99.9988 
-0.08 0.96 99.999 
-0.08 1.04 99.9992 
-0.08 1.12 99.9993 
-0.08 1.2 99.9993 
-0.08 1.28 99.9994 
-0.08 1.36 99.9994 
-0.08 1.44 99.9994 
-0.08 1.52 99.9994 
-0.08 1.6 99.9994 
-0.08 1.68 99.9994 
-0.08 1.76 99.9994 
-0.08 1.84 99.9994 
-0.08 1.92 99.9994 
