-4 -2 2.05636e-12 
-4 -1.92 4.29632e-12 
-4 -1.84 8.97624e-12 
-4 -1.76 1.87539e-11 
-4 -1.68 3.91819e-11 
-4 -1.6 8.18613e-11 
-4 -1.52 1.71028e-10 
-4 -1.44 3.57316e-10 
-4 -1.36 7.46502e-10 
-4 -1.28 1.55955e-09 
-4 -1.2 3.25802e-09 
-4 -1.12 6.80593e-09 
-4 -1.04 1.42165e-08 
-4 -0.96 2.9693e-08 
-4 -0.88 6.20088e-08 
-4 -0.8 1.29469e-07 
-4 -0.72 2.70239e-07 
-4 -0.64 5.63825e-07 
-4 -0.56 1.17564e-06 
-4 -0.48 2.44915e-06 
-4 -0.4 5.09565e-06 
-4 -0.32 1.05823e-05 
-4 -0.24 2.19181e-05 
-4 -0.16 4.52236e-05 
-4 -0.08 9.28002e-05 
-4 6.93889e-16 0.000188948 
-4 0.08 0.000380474 
-4 0.16 0.000754304 
-4 0.24 0.0014634 
-4 0.32 0.00275612 
-4 0.4 0.00498823 
-4 0.48 0.0085705 
-4 0.56 0.0137901 
-4 0.64 0.0205018 
-4 0.72 0.0278719 
-4 0.8 0.0345444 
-4 0.88 0.0393784 
-4 0.96 0.0421583 
-4 1.04 0.0434157 
-4 1.12 0.043619 
-4 1.2 0.0429174 
-4 1.28 0.0415955 
-4 1.36 0.0402362 
-4 1.44 0.0393034 
-4 1.52 0.0388545 
-4 1.6 0.0387031 
-4 1.68 0.0386694 
-4 1.76 0.0386651 
-4 1.84 0.0386648 
-4 1.92 0.0386648 
-4 2 0.0386648 
-4 2.08 0.0386648 
-3.92 -2 2.97234e-12 
-3.92 -1.92 6.21007e-12 
-3.92 -1.84 1.29746e-11 
-3.92 -1.76 2.71076e-11 
-3.92 -1.68 5.66351e-11 
-3.92 -1.6 1.18326e-10 
-3.92 -1.52 2.47211e-10 
-3.92 -1.44 5.16479e-10 
-3.92 -1.36 1.07902e-09 
-3.92 -1.28 2.25424e-09 
-3.92 -1.2 4.70927e-09 
-3.92 -1.12 9.83756e-09 
-3.92 -1.04 2.0549e-08 
-3.92 -0.96 4.29194e-08 
-3.92 -0.88 8.963e-08 
-3.92 -0.8 1.87139e-07 
-3.92 -0.72 3.90614e-07 
-3.92 -0.64 8.14975e-07 
-3.92 -0.56 1.69931e-06 
-3.92 -0.48 3.5401e-06 
-3.92 -0.4 7.36545e-06 
-3.92 -0.32 1.52961e-05 
-3.92 -0.24 3.16813e-05 
-3.92 -0.16 6.5368e-05 
-3.92 -0.08 0.000134137 
-3.92 6.93889e-16 0.000273112 
-3.92 0.08 0.000549951 
-3.92 0.16 0.0010903 
-3.92 0.24 0.00211524 
-3.92 0.32 0.00398376 
-3.92 0.4 0.00721002 
-3.92 0.48 0.0123877 
-3.92 0.56 0.0199316 
-3.92 0.64 0.0296315 
-3.92 0.72 0.0402821 
-3.92 0.8 0.0499242 
-3.92 0.88 0.0569092 
-3.92 0.96 0.0609259 
-3.92 1.04 0.0627426 
-3.92 1.12 0.0630364 
-3.92 1.2 0.0620226 
-3.92 1.28 0.0601126 
-3.92 1.36 0.0581487 
-3.92 1.44 0.0568008 
-3.92 1.52 0.0561521 
-3.92 1.6 0.0559334 
-3.92 1.68 0.0558847 
-3.92 1.76 0.0558784 
-3.92 1.84 0.0558781 
-3.92 1.92 0.0558781 
-3.92 2 0.0558781 
-3.92 2.08 0.0558781 
-3.84 -2 4.29634e-12 
-3.84 -1.92 8.97629e-12 
-3.84 -1.84 1.8754e-11 
-3.84 -1.76 3.91824e-11 
-3.84 -1.68 8.18627e-11 
-3.84 -1.6 1.71032e-10 
-3.84 -1.52 3.57329e-10 
-3.84 -1.44 7.4654e-10 
-3.84 -1.36 1.55966e-09 
-3.84 -1.28 3.25836e-09 
-3.84 -1.2 6.80697e-09 
-3.84 -1.12 1.42196e-08 
-3.84 -1.04 2.97024e-08 
-3.84 -0.96 6.20374e-08 
-3.84 -0.88 1.29555e-07 
-3.84 -0.8 2.70498e-07 
-3.84 -0.72 5.64608e-07 
-3.84 -0.64 1.178e-06 
-3.84 -0.56 2.45625e-06 
-3.84 -0.48 5.117e-06 
-3.84 -0.4 1.06463e-05 
-3.84 -0.32 2.21095e-05 
-3.84 -0.24 4.57934e-05 
-3.84 -0.16 9.44854e-05 
-3.84 -0.08 0.000193887 
-3.84 6.93889e-16 0.000394767 
-3.84 0.08 0.00079492 
-3.84 0.16 0.00157595 
-3.84 0.24 0.00305743 
-3.84 0.32 0.00575819 
-3.84 0.4 0.0104213 
-3.84 0.48 0.0179046 
-3.84 0.56 0.0288073 
-3.84 0.64 0.0428248 
-3.84 0.72 0.0582149 
-3.84 0.8 0.0721463 
-3.84 0.88 0.0822379 
-3.84 0.96 0.0880408 
-3.84 1.04 0.0906653 
-3.84 1.12 0.0910898 
-3.84 1.2 0.0896252 
-3.84 1.28 0.0868659 
-3.84 1.36 0.0840286 
-3.84 1.44 0.0820813 
-3.84 1.52 0.0811442 
-3.84 1.6 0.0808282 
-3.84 1.68 0.0807579 
-3.84 1.76 0.0807488 
-3.84 1.84 0.0807483 
-3.84 1.92 0.0807483 
-3.84 2 0.0807483 
-3.84 2.08 0.0807483 
-3.76 -2 6.2101e-12 
-3.76 -1.92 1.29747e-11 
-3.76 -1.84 2.71078e-11 
-3.76 -1.76 5.66358e-11 
-3.76 -1.68 1.18328e-10 
-3.76 -1.6 2.47217e-10 
-3.76 -1.52 5.16497e-10 
-3.76 -1.44 1.07908e-09 
-3.76 -1.36 2.2544e-09 
-3.76 -1.28 4.70977e-09 
-3.76 -1.2 9.83906e-09 
-3.76 -1.12 2.05536e-08 
-3.76 -1.04 4.2933e-08 
-3.76 -0.96 8.96713e-08 
-3.76 -0.88 1.87264e-07 
-3.76 -0.8 3.90989e-07 
-3.76 -0.72 8.16107e-07 
-3.76 -0.64 1.70272e-06 
-3.76 -0.56 3.55037e-06 
-3.76 -0.48 7.39631e-06 
-3.76 -0.4 1.53886e-05 
-3.76 -0.32 3.1958e-05 
-3.76 -0.24 6.61915e-05 
-3.76 -0.16 0.000136573 
-3.76 -0.08 0.000280252 
-3.76 6.93889e-16 0.00057061 
-3.76 0.08 0.001149 
-3.76 0.16 0.00227793 
-3.76 0.24 0.00441927 
-3.76 0.32 0.0083229 
-3.76 0.4 0.0150627 
-3.76 0.48 0.025878 
-3.76 0.56 0.0416339 
-3.76 0.64 0.0618889 
-3.76 0.72 0.0841243 
-3.76 0.8 0.10425 
-3.76 0.88 0.118826 
-3.76 0.96 0.127208 
-3.76 1.04 0.130998 
-3.76 1.12 0.131611 
-3.76 1.2 0.129496 
-3.76 1.28 0.125511 
-3.76 1.36 0.121413 
-3.76 1.44 0.1186 
-3.76 1.52 0.117247 
-3.76 1.6 0.11679 
-3.76 1.68 0.116689 
-3.76 1.76 0.116676 
-3.76 1.84 0.116675 
-3.76 1.92 0.116675 
-3.76 2 0.116675 
-3.76 2.08 0.116675 
-3.68 -2 8.97632e-12 
-3.68 -1.92 1.87541e-11 
-3.68 -1.84 3.91827e-11 
-3.68 -1.76 8.18636e-11 
-3.68 -1.68 1.71035e-10 
-3.68 -1.6 3.57338e-10 
-3.68 -1.52 7.46566e-10 
-3.68 -1.44 1.55974e-09 
-3.68 -1.36 3.2586e-09 
-3.68 -1.28 6.80768e-09 
-3.68 -1.2 1.42218e-08 
-3.68 -1.12 2.9709e-08 
-3.68 -1.04 6.20571e-08 
-3.68 -0.96 1.29614e-07 
-3.68 -0.88 2.70678e-07 
-3.68 -0.8 5.65151e-07 
-3.68 -0.72 1.17963e-06 
-3.68 -0.64 2.46119e-06 
-3.68 -0.56 5.13184e-06 
-3.68 -0.48 1.06909e-05 
-3.68 -0.4 2.22433e-05 
-3.68 -0.32 4.61933e-05 
-3.68 -0.24 9.56759e-05 
-3.68 -0.16 0.000197408 
-3.68 -0.08 0.000405086 
-3.68 6.93889e-16 0.000824781 
-3.68 0.08 0.00166081 
-3.68 0.16 0.00329257 
-3.68 0.24 0.00638766 
-3.68 0.32 0.0120298 
-3.68 0.4 0.0217707 
-3.68 0.48 0.0374008 
-3.68 0.56 0.0601681 
-3.68 0.64 0.089432 
-3.68 0.72 0.121551 
-3.68 0.8 0.150617 
-3.68 0.88 0.171666 
-3.68 0.96 0.183767 
-3.68 1.04 0.18924 
-3.68 1.12 0.190125 
-3.68 1.2 0.187071 
-3.68 1.28 0.181317 
-3.68 1.36 0.1754 
-3.68 1.44 0.171339 
-3.68 1.52 0.169385 
-3.68 1.6 0.168726 
-3.68 1.68 0.168579 
-3.68 1.76 0.16856 
-3.68 1.84 0.168559 
-3.68 1.92 0.168559 
-3.68 2 0.168559 
-3.68 2.08 0.168559 
-3.6 -2 1.29747e-11 
-3.6 -1.92 2.7108e-11 
-3.6 -1.84 5.66362e-11 
-3.6 -1.76 1.18329e-10 
-3.6 -1.68 2.47221e-10 
-3.6 -1.6 5.1651e-10 
-3.6 -1.52 1.07912e-09 
-3.6 -1.44 2.25451e-09 
-3.6 -1.36 4.71011e-09 
-3.6 -1.28 9.8401e-09 
-3.6 -1.2 2.05567e-08 
-3.6 -1.12 4.29425e-08 
-3.6 -1.04 8.96998e-08 
-3.6 -0.96 1.8735e-07 
-3.6 -0.88 3.91249e-07 
-3.6 -0.8 8.16892e-07 
-3.6 -0.72 1.70509e-06 
-3.6 -0.64 3.55749e-06 
-3.6 -0.56 7.41777e-06 
-3.6 -0.48 1.54531e-05 
-3.6 -0.4 3.21513e-05 
-3.6 -0.32 6.67697e-05 
-3.6 -0.24 0.000138294 
-3.6 -0.16 0.000285341 
-3.6 -0.08 0.000585527 
-3.6 6.93889e-16 0.00119217 
-3.6 0.08 0.00240058 
-3.6 0.16 0.00475915 
-3.6 0.24 0.00923272 
-3.6 0.32 0.0173874 
-3.6 0.4 0.0314653 
-3.6 0.48 0.0540516 
-3.6 0.56 0.0869461 
-3.6 0.64 0.129217 
-3.6 0.72 0.1756 
-3.6 0.8 0.217561 
-3.6 0.88 0.247943 
-3.6 0.96 0.265407 
-3.6 1.04 0.273304 
-3.6 1.12 0.274582 
-3.6 1.2 0.270175 
-3.6 1.28 0.261871 
-3.6 1.36 0.253332 
-3.6 1.44 0.247471 
-3.6 1.52 0.244651 
-3.6 1.6 0.243699 
-3.6 1.68 0.243488 
-3.6 1.76 0.24346 
-3.6 1.84 0.243459 
-3.6 1.92 0.243459 
-3.6 2 0.243459 
-3.6 2.08 0.243459 
-3.52 -2 1.87542e-11 
-3.52 -1.92 3.91829e-11 
-3.52 -1.84 8.18643e-11 
-3.52 -1.76 1.71037e-10 
-3.52 -1.68 3.57344e-10 
-3.52 -1.6 7.46584e-10 
-3.52 -1.52 1.5598e-09 
-3.52 -1.44 3.25876e-09 
-3.52 -1.36 6.80818e-09 
-3.52 -1.28 1.42233e-08 
-3.52 -1.2 2.97135e-08 
-3.52 -1.12 6.20708e-08 
-3.52 -1.04 1.29656e-07 
-3.52 -0.96 2.70803e-07 
-3.52 -0.88 5.65527e-07 
-3.52 -0.8 1.18077e-06 
-3.52 -0.72 2.4646e-06 
-3.52 -0.64 5.14214e-06 
-3.52 -0.56 1.07219e-05 
-3.52 -0.48 2.23365e-05 
-3.52 -0.4 4.64728e-05 
-3.52 -0.32 9.65115e-05 
-3.52 -0.24 0.000199895 
-3.52 -0.16 0.000412442 
-3.52 -0.08 0.000846341 
-3.52 6.93889e-16 0.0017232 
-3.52 0.08 0.00346986 
-3.52 0.16 0.00687892 
-3.52 0.24 0.0133448 
-3.52 0.32 0.0251305 
-3.52 0.4 0.0454748 
-3.52 0.48 0.0781095 
-3.52 0.56 0.125627 
-3.52 0.64 0.186668 
-3.52 0.72 0.25362 
-3.52 0.8 0.314167 
-3.52 0.88 0.357991 
-3.52 0.96 0.383177 
-3.52 1.04 0.394565 
-3.52 1.12 0.396406 
-3.52 1.2 0.390052 
-3.52 1.28 0.378078 
-3.52 1.36 0.365764 
-3.52 1.44 0.357311 
-3.52 1.52 0.353243 
-3.52 1.6 0.351871 
-3.52 1.68 0.351566 
-3.52 1.76 0.351526 
-3.52 1.84 0.351524 
-3.52 1.92 0.351524 
-3.52 2 0.351524 
-3.52 2.08 0.351524 
-3.44 -2 2.71081e-11 
-3.44 -1.92 5.66366e-11 
-3.44 -1.84 1.1833e-10 
-3.44 -1.76 2.47224e-10 
-3.44 -1.68 5.16519e-10 
-3.44 -1.6 1.07914e-09 
-3.44 -1.52 2.25459e-09 
-3.44 -1.44 4.71035e-09 
-3.44 -1.36 9.84081e-09 
-3.44 -1.28 2.05589e-08 
-3.44 -1.2 4.2949e-08 
-3.44 -1.12 8.97196e-08 
-3.44 -1.04 1.8741e-07 
-3.44 -0.96 3.91429e-07 
-3.44 -0.88 8.17436e-07 
-3.44 -0.8 1.70673e-06 
-3.44 -0.72 3.56244e-06 
-3.44 -0.64 7.43266e-06 
-3.44 -0.56 1.54979e-05 
-3.44 -0.48 3.22861e-05 
-3.44 -0.4 6.71737e-05 
-3.44 -0.32 0.000139501 
-3.44 -0.24 0.000288936 
-3.44 -0.16 0.00059616 
-3.44 -0.08 0.00122333 
-3.44 6.93889e-16 0.00249076 
-3.44 0.08 0.00501539 
-3.44 0.16 0.00994275 
-3.44 0.24 0.0192879 
-3.44 0.32 0.0363206 
-3.44 0.4 0.0657177 
-3.44 0.48 0.112863 
-3.44 0.56 0.181484 
-3.44 0.64 0.269593 
-3.44 0.72 0.366179 
-3.44 0.8 0.453475 
-3.44 0.88 0.51663 
-3.44 0.96 0.552915 
-3.44 1.04 0.569319 
-3.44 1.12 0.571972 
-3.44 1.2 0.562818 
-3.44 1.28 0.545571 
-3.44 1.36 0.52783 
-3.44 1.44 0.515651 
-3.44 1.52 0.509789 
-3.44 1.6 0.507812 
-3.44 1.68 0.507372 
-3.44 1.76 0.507316 
-3.44 1.84 0.507312 
-3.44 1.92 0.507312 
-3.44 2 0.507312 
-3.44 2.08 0.507312 
-3.36 -2 3.91831e-11 
-3.36 -1.92 8.18647e-11 
-3.36 -1.84 1.71039e-10 
-3.36 -1.76 3.57348e-10 
-3.36 -1.68 7.46596e-10 
-3.36 -1.6 1.55983e-09 
-3.36 -1.52 3.25888e-09 
-3.36 -1.44 6.80852e-09 
-3.36 -1.36 1.42243e-08 
-3.36 -1.28 2.97166e-08 
-3.36 -1.2 6.20803e-08 
-3.36 -1.12 1.29684e-07 
-3.36 -1.04 2.70889e-07 
-3.36 -0.96 5.65788e-07 
-3.36 -0.88 1.18155e-06 
-3.36 -0.8 2.46697e-06 
-3.36 -0.72 5.14929e-06 
-3.36 -0.64 1.07435e-05 
-3.36 -0.56 2.24013e-05 
-3.36 -0.48 4.66676e-05 
-3.36 -0.4 9.70955e-05 
-3.36 -0.32 0.000201641 
-3.36 -0.24 0.000417639 
-3.36 -0.16 0.000861711 
-3.36 -0.08 0.00176824 
-3.36 6.93889e-16 0.0036002 
-3.36 0.08 0.00724929 
-3.36 0.16 0.014371 
-3.36 0.24 0.0278772 
-3.36 0.32 0.0524907 
-3.36 0.4 0.0949632 
-3.36 0.48 0.163055 
-3.36 0.56 0.262113 
-3.36 0.64 0.389214 
-3.36 0.72 0.528428 
-3.36 0.8 0.65415 
-3.36 0.88 0.745044 
-3.36 0.96 0.797242 
-3.36 1.04 0.820835 
-3.36 1.12 0.824649 
-3.36 1.2 0.811486 
-3.36 1.28 0.786678 
-3.36 1.36 0.761156 
-3.36 1.44 0.743634 
-3.36 1.52 0.7352 
-3.36 1.6 0.732355 
-3.36 1.68 0.731722 
-3.36 1.76 0.731641 
-3.36 1.84 0.731636 
-3.36 1.92 0.731636 
-3.36 2 0.731636 
-3.36 2.08 0.731636 
-3.28 -2 5.66368e-11 
-3.28 -1.92 1.18331e-10 
-3.28 -1.84 2.47226e-10 
-3.28 -1.76 5.16524e-10 
-3.28 -1.68 1.07916e-09 
-3.28 -1.6 2.25465e-09 
-3.28 -1.52 4.71051e-09 
-3.28 -1.44 9.84131e-09 
-3.28 -1.36 2.05604e-08 
-3.28 -1.28 4.29536e-08 
-3.28 -1.2 8.97333e-08 
-3.28 -1.12 1.87451e-07 
-3.28 -1.04 3.91554e-07 
-3.28 -0.96 8.17812e-07 
-3.28 -0.88 1.70786e-06 
-3.28 -0.8 3.56586e-06 
-3.28 -0.72 7.44299e-06 
-3.28 -0.64 1.5529e-05 
-3.28 -0.56 3.23797e-05 
-3.28 -0.48 6.74551e-05 
-3.28 -0.4 0.000140346 
-3.28 -0.32 0.000291459 
-3.28 -0.24 0.000603671 
-3.28 -0.16 0.00124555 
-3.28 -0.08 0.00255587 
-3.28 6.93889e-16 0.00520379 
-3.28 0.08 0.0104781 
-3.28 0.16 0.0207711 
-3.28 0.24 0.0402898 
-3.28 0.32 0.0758545 
-3.28 0.4 0.137206 
-3.28 0.48 0.235515 
-3.28 0.56 0.378426 
-3.28 0.64 0.561611 
-3.28 0.72 0.762018 
-3.28 0.8 0.942787 
-3.28 0.88 1.07335 
-3.28 0.96 1.14829 
-3.28 1.04 1.18214 
-3.28 1.12 1.18762 
-3.28 1.2 1.16873 
-3.28 1.28 1.13312 
-3.28 1.36 1.09649 
-3.28 1.44 1.07133 
-3.28 1.52 1.05922 
-3.28 1.6 1.05513 
-3.28 1.68 1.05422 
-3.28 1.76 1.05411 
-3.28 1.84 1.0541 
-3.28 1.92 1.0541 
-3.28 2 1.0541 
-3.28 2.08 1.0541 
-3.2 -2 8.1865e-11 
-3.2 -1.92 1.7104e-10 
-3.2 -1.84 3.5735e-10 
-3.2 -1.76 7.46605e-10 
-3.2 -1.68 1.55986e-09 
-3.2 -1.6 3.25896e-09 
-3.2 -1.52 6.80876e-09 
-3.2 -1.44 1.4225e-08 
-3.2 -1.36 2.97188e-08 
-3.2 -1.28 6.20868e-08 
-3.2 -1.2 1.29704e-07 
-3.2 -1.12 2.70949e-07 
-3.2 -1.04 5.65968e-07 
-3.2 -0.96 1.1821e-06 
-3.2 -0.88 2.46862e-06 
-3.2 -0.8 5.15424e-06 
-3.2 -0.72 1.07584e-05 
-3.2 -0.64 2.24463e-05 
-3.2 -0.56 4.68029e-05 
-3.2 -0.48 9.75023e-05 
-3.2 -0.4 0.000202861 
-3.2 -0.32 0.000421287 
-3.2 -0.24 0.000872567 
-3.2 -0.16 0.00180035 
-3.2 -0.08 0.00369431 
-3.2 6.93889e-16 0.00752158 
-3.2 0.08 0.0151447 
-3.2 0.16 0.0300206 
-3.2 0.24 0.058226 
-3.2 0.32 0.109606 
-3.2 0.4 0.198201 
-3.2 0.48 0.340067 
-3.2 0.56 0.546072 
-3.2 0.64 0.809749 
-3.2 0.72 1.09772 
-3.2 0.8 1.35704 
-3.2 0.88 1.54409 
-3.2 0.96 1.65133 
-3.2 1.04 1.69977 
-3.2 1.12 1.7076 
-3.2 1.2 1.68058 
-3.2 1.28 1.62964 
-3.2 1.36 1.5772 
-3.2 1.44 1.54119 
-3.2 1.52 1.52385 
-3.2 1.6 1.518 
-3.2 1.68 1.5167 
-3.2 1.76 1.51653 
-3.2 1.84 1.51652 
-3.2 1.92 1.51652 
-3.2 2 1.51652 
-3.2 2.08 1.51652 
-3.12 -2 1.18331e-10 
-3.12 -1.92 2.47228e-10 
-3.12 -1.84 5.16529e-10 
-3.12 -1.76 1.07917e-09 
-3.12 -1.68 2.25469e-09 
-3.12 -1.6 4.71063e-09 
-3.12 -1.52 9.84166e-09 
-3.12 -1.44 2.05614e-08 
-3.12 -1.36 4.29567e-08 
-3.12 -1.28 8.97427e-08 
-3.12 -1.2 1.87479e-07 
-3.12 -1.12 3.9164e-07 
-3.12 -1.04 8.18072e-07 
-3.12 -0.96 1.70865e-06 
-3.12 -0.88 3.56824e-06 
-3.12 -0.8 7.45014e-06 
-3.12 -0.72 1.55506e-05 
-3.12 -0.64 3.24447e-05 
-3.12 -0.56 6.76508e-05 
-3.12 -0.48 0.000140934 
-3.12 -0.4 0.000293223 
-3.12 -0.32 0.000608943 
-3.12 -0.24 0.00126124 
-3.12 -0.16 0.00260228 
-3.12 -0.08 0.00533981 
-3.12 6.93889e-16 0.0108716 
-3.12 0.08 0.0218893 
-3.12 0.16 0.0433872 
-3.12 0.24 0.0841403 
-3.12 0.32 0.158352 
-3.12 0.4 0.286235 
-3.12 0.48 0.490802 
-3.12 0.56 0.787399 
-3.12 0.64 1.16624 
-3.12 0.72 1.57897 
-3.12 0.8 1.94974 
-3.12 0.88 2.21664 
-3.12 0.96 2.36947 
-3.12 1.04 2.43845 
-3.12 1.12 2.4496 
-3.12 1.2 2.41113 
-3.12 1.28 2.33857 
-3.12 1.36 2.26385 
-3.12 1.44 2.2125 
-3.12 1.52 2.18778 
-3.12 1.6 2.17944 
-3.12 1.68 2.17758 
-3.12 1.76 2.17734 
-3.12 1.84 2.17733 
-3.12 1.92 2.17733 
-3.12 2 2.17733 
-3.12 2.08 2.17733 
-3.04 -2 1.7104e-10 
-3.04 -1.92 3.57352e-10 
-3.04 -1.84 7.46611e-10 
-3.04 -1.76 1.55988e-09 
-3.04 -1.68 3.25901e-09 
-3.04 -1.6 6.80893e-09 
-3.04 -1.52 1.42255e-08 
-3.04 -1.44 2.97203e-08 
-3.04 -1.36 6.20913e-08 
-3.04 -1.28 1.29718e-07 
-3.04 -1.2 2.7099e-07 
-3.04 -1.12 5.66092e-07 
-3.04 -1.04 1.18247e-06 
-3.04 -0.96 2.46975e-06 
-3.04 -0.88 5.15767e-06 
-3.04 -0.8 1.07687e-05 
-3.04 -0.72 2.24775e-05 
-3.04 -0.64 4.68969e-05 
-3.04 -0.56 9.77851e-05 
-3.04 -0.48 0.000203711 
-3.04 -0.4 0.000423836 
-3.04 -0.32 0.000880188 
-3.04 -0.24 0.00182303 
-3.04 -0.16 0.00376139 
-3.04 -0.08 0.00771819 
-3.04 6.93889e-16 0.0157135 
-3.04 0.08 0.0316366 
-3.04 0.16 0.0627014 
-3.04 0.24 0.121574 
-3.04 0.32 0.228726 
-3.04 0.4 0.413209 
-3.04 0.48 0.707878 
-3.04 0.56 1.13416 
-3.04 0.64 1.67701 
-3.04 0.72 2.26637 
-3.04 0.8 2.79396 
-3.04 0.88 3.17269 
-3.04 0.96 3.38916 
-3.04 1.04 3.48676 
-3.04 1.12 3.50253 
-3.04 1.2 3.4481 
-3.04 1.28 3.34541 
-3.04 1.36 3.23959 
-3.04 1.44 3.16683 
-3.04 1.52 3.13178 
-3.04 1.6 3.11996 
-3.04 1.68 3.11732 
-3.04 1.76 3.11699 
-3.04 1.84 3.11696 
-3.04 1.92 3.11696 
-3.04 2 3.11696 
-3.04 2.08 3.11696 
-2.96 -2 2.47228e-10 
-2.96 -1.92 5.16531e-10 
-2.96 -1.84 1.07918e-09 
-2.96 -1.76 2.25471e-09 
-2.96 -1.68 4.7107e-09 
-2.96 -1.6 9.84189e-09 
-2.96 -1.52 2.05621e-08 
-2.96 -1.44 4.29589e-08 
-2.96 -1.36 8.97493e-08 
-2.96 -1.28 1.87499e-07 
-2.96 -1.2 3.917e-07 
-2.96 -1.12 8.18253e-07 
-2.96 -1.04 1.7092e-06 
-2.96 -0.96 3.56988e-06 
-2.96 -0.88 7.4551e-06 
-2.96 -0.8 1.55656e-05 
-2.96 -0.72 3.24898e-05 
-2.96 -0.64 6.77866e-05 
-2.96 -0.56 0.000141342 
-2.96 -0.48 0.000294452 
-2.96 -0.4 0.000612628 
-2.96 -0.32 0.00127225 
-2.96 -0.24 0.00263507 
-2.96 -0.16 0.00543678 
-2.96 -0.08 0.0111558 
-2.96 6.93889e-16 0.0227114 
-2.96 0.08 0.0457223 
-2.96 0.16 0.0906058 
-2.96 0.24 0.175633 
-2.96 0.32 0.330274 
-2.96 0.4 0.596171 
-2.96 0.48 1.01998 
-2.96 0.56 1.63112 
-2.96 0.64 2.40605 
-2.96 0.72 3.24316 
-2.96 0.8 3.98886 
-2.96 0.88 4.52202 
-2.96 0.96 4.82597 
-2.96 1.04 4.96282 
-2.96 1.12 4.98492 
-2.96 1.2 4.90863 
-2.96 1.28 4.76459 
-2.96 1.36 4.61602 
-2.96 1.44 4.51379 
-2.96 1.52 4.46452 
-2.96 1.6 4.44789 
-2.96 1.68 4.44419 
-2.96 1.76 4.44372 
-2.96 1.84 4.44369 
-2.96 1.92 4.44369 
-2.96 2 4.44369 
-2.96 2.08 4.44369 
-2.88 -2 3.57354e-10 
-2.88 -1.92 7.46615e-10 
-2.88 -1.84 1.55989e-09 
-2.88 -1.76 3.25905e-09 
-2.88 -1.68 6.80904e-09 
-2.88 -1.6 1.42259e-08 
-2.88 -1.52 2.97213e-08 
-2.88 -1.44 6.20945e-08 
-2.88 -1.36 1.29727e-07 
-2.88 -1.28 2.71019e-07 
-2.88 -1.2 5.66179e-07 
-2.88 -1.12 1.18273e-06 
-2.88 -1.04 2.47054e-06 
-2.88 -0.96 5.16004e-06 
-2.88 -0.88 1.07759e-05 
-2.88 -0.8 2.24991e-05 
-2.88 -0.72 4.69621e-05 
-2.88 -0.64 9.79815e-05 
-2.88 -0.56 0.000204302 
-2.88 -0.48 0.000425612 
-2.88 -0.4 0.000885514 
-2.88 -0.32 0.00183896 
-2.88 -0.24 0.00380878 
-2.88 -0.16 0.00785834 
-2.88 -0.08 0.0161242 
-2.88 6.93889e-16 0.0328246 
-2.88 0.08 0.0660754 
-2.88 0.16 0.130912 
-2.88 0.24 0.253669 
-2.88 0.32 0.476689 
-2.88 0.4 0.859447 
-2.88 0.48 1.46765 
-2.88 0.56 2.34068 
-2.88 0.64 3.44092 
-2.88 0.72 4.62104 
-2.88 0.8 5.66501 
-2.88 0.88 6.40725 
-2.88 0.96 6.82885 
-2.88 1.04 7.01831 
-2.88 1.12 7.04888 
-2.88 1.2 6.94332 
-2.88 1.28 6.7438 
-2.88 1.36 6.53775 
-2.88 1.44 6.39582 
-2.88 1.52 6.32736 
-2.88 1.6 6.30426 
-2.88 1.68 6.29912 
-2.88 1.76 6.29845 
-2.88 1.84 6.29841 
-2.88 1.92 6.29841 
-2.88 2 6.29841 
-2.88 2.08 6.29841 
-2.8 -2 5.16533e-10 
-2.8 -1.92 1.07919e-09 
-2.8 -1.84 2.25473e-09 
-2.8 -1.76 4.71076e-09 
-2.8 -1.68 9.84206e-09 
-2.8 -1.6 2.05626e-08 
-2.8 -1.52 4.29604e-08 
-2.8 -1.44 8.97538e-08 
-2.8 -1.36 1.87513e-07 
-2.8 -1.28 3.91741e-07 
-2.8 -1.2 8.18377e-07 
-2.8 -1.12 1.70957e-06 
-2.8 -1.04 3.57101e-06 
-2.8 -0.96 7.45853e-06 
-2.8 -0.88 1.55759e-05 
-2.8 -0.8 3.2521e-05 
-2.8 -0.72 6.78808e-05 
-2.8 -0.64 0.000141626 
-2.8 -0.56 0.000295306 
-2.8 -0.48 0.000615195 
-2.8 -0.4 0.00127995 
-2.8 -0.32 0.00265808 
-2.8 -0.24 0.00550527 
-2.8 -0.16 0.0113584 
-2.8 -0.08 0.0233049 
-2.8 6.93889e-16 0.047439 
-2.8 0.08 0.0954799 
-2.8 0.16 0.189116 
-2.8 0.24 0.366249 
-2.8 0.32 0.687566 
-2.8 0.4 1.23754 
-2.8 0.48 2.10762 
-2.8 0.56 3.3484 
-2.8 0.64 4.89856 
-2.8 0.72 6.54472 
-2.8 0.8 7.98688 
-2.8 0.88 9.00431 
-2.8 0.96 9.57931 
-2.8 1.04 9.83702 
-2.8 1.12 9.87856 
-2.8 1.2 9.73506 
-2.8 1.28 9.46348 
-2.8 1.36 9.18252 
-2.8 1.44 8.98869 
-2.8 1.52 8.89512 
-2.8 1.6 8.86352 
-2.8 1.68 8.85649 
-2.8 1.76 8.85558 
-2.8 1.84 8.85553 
-2.8 1.92 8.85553 
-2.8 2 8.85553 
-2.8 2.08 8.85553 
-2.72 -2 7.46618e-10 
-2.72 -1.92 1.5599e-09 
-2.72 -1.84 3.25908e-09 
-2.72 -1.76 6.80912e-09 
-2.72 -1.68 1.42261e-08 
-2.72 -1.6 2.9722e-08 
-2.72 -1.52 6.20966e-08 
-2.72 -1.44 1.29734e-07 
-2.72 -1.36 2.71039e-07 
-2.72 -1.28 5.66238e-07 
-2.72 -1.2 1.18292e-06 
-2.72 -1.12 2.47108e-06 
-2.72 -1.04 5.16169e-06 
-2.72 -0.96 1.07809e-05 
-2.72 -0.88 2.2514e-05 
-2.72 -0.8 4.70072e-05 
-2.72 -0.72 9.81176e-05 
-2.72 -0.64 0.000204712 
-2.72 -0.56 0.000426846 
-2.72 -0.48 0.000889224 
-2.72 -0.4 0.00185008 
-2.72 -0.32 0.00384205 
-2.72 -0.24 0.00795735 
-2.72 -0.16 0.016417 
-2.72 -0.08 0.0336824 
-2.72 6.93889e-16 0.0685558 
-2.72 0.08 0.137952 
-2.72 0.16 0.273125 
-2.72 0.24 0.528528 
-2.72 0.32 0.990801 
-2.72 0.4 1.77899 
-2.72 0.48 3.0181 
-2.72 0.56 4.76878 
-2.72 0.64 6.92938 
-2.72 0.72 9.19202 
-2.72 0.8 11.148 
-2.72 0.88 12.5133 
-2.72 0.96 13.2797 
-2.72 1.04 13.6219 
-2.72 1.12 13.677 
-2.72 1.2 13.4866 
-2.72 1.28 13.1256 
-2.72 1.36 12.7512 
-2.72 1.44 12.4924 
-2.72 1.52 12.3673 
-2.72 1.6 12.3251 
-2.72 1.68 12.3157 
-2.72 1.76 12.3145 
-2.72 1.84 12.3144 
-2.72 1.92 12.3144 
-2.72 2 12.3144 
-2.72 2.08 12.3144 
-2.64 -2 1.07919e-09 
-2.64 -1.92 2.25474e-09 
-2.64 -1.84 4.7108e-09 
-2.64 -1.76 9.84217e-09 
-2.64 -1.68 2.0563e-08 
-2.64 -1.6 4.29614e-08 
-2.64 -1.52 8.9757e-08 
-2.64 -1.44 1.87522e-07 
-2.64 -1.36 3.9177e-07 
-2.64 -1.28 8.18464e-07 
-2.64 -1.2 1.70983e-06 
-2.64 -1.12 3.5718e-06 
-2.64 -1.04 7.46091e-06 
-2.64 -0.96 1.55831e-05 
-2.64 -0.88 3.25427e-05 
-2.64 -0.8 6.79461e-05 
-2.64 -0.72 0.000141823 
-2.64 -0.64 0.000295899 
-2.64 -0.56 0.000616979 
-2.64 -0.48 0.00128532 
-2.64 -0.4 0.00267416 
-2.64 -0.32 0.00555335 
-2.64 -0.24 0.0115015 
-2.64 -0.16 0.0237281 
-2.64 -0.08 0.0486786 
-2.64 6.93889e-16 0.099063 
-2.64 0.08 0.199278 
-2.64 0.16 0.394307 
-2.64 0.24 0.762162 
-2.64 0.32 1.42585 
-2.64 0.4 2.5512 
-2.64 0.48 4.30462 
-2.64 0.56 6.74961 
-2.64 0.64 9.7161 
-2.64 0.72 12.7639 
-2.64 0.8 15.3514 
-2.64 0.88 17.1323 
-2.64 0.96 18.1229 
-2.64 1.04 18.5633 
-2.64 1.12 18.6341 
-2.64 1.2 18.3893 
-2.64 1.28 17.9243 
-2.64 1.36 17.4405 
-2.64 1.44 17.1052 
-2.64 1.52 16.9429 
-2.64 1.6 16.888 
-2.64 1.68 16.8758 
-2.64 1.76 16.8742 
-2.64 1.84 16.8741 
-2.64 1.92 16.8741 
-2.64 2 16.8741 
-2.64 2.08 16.8741 
-2.56 -2 1.55991e-09 
-2.56 -1.92 3.25909e-09 
-2.56 -1.84 6.80917e-09 
-2.56 -1.76 1.42263e-08 
-2.56 -1.68 2.97225e-08 
-2.56 -1.6 6.20981e-08 
-2.56 -1.52 1.29738e-07 
-2.56 -1.44 2.71052e-07 
-2.56 -1.36 5.6628e-07 
-2.56 -1.28 1.18304e-06 
-2.56 -1.2 2.47146e-06 
-2.56 -1.12 5.16282e-06 
-2.56 -1.04 1.07843e-05 
-2.56 -0.96 2.25244e-05 
-2.56 -0.88 4.70385e-05 
-2.56 -0.8 9.82119e-05 
-2.56 -0.72 0.000204996 
-2.56 -0.64 0.000427703 
-2.56 -0.56 0.000891804 
-2.56 -0.48 0.00185784 
-2.56 -0.4 0.00386529 
-2.56 -0.32 0.00802684 
-2.56 -0.24 0.0166238 
-2.56 -0.16 0.0342938 
-2.56 -0.08 0.0703467 
-2.56 6.93889e-16 0.143126 
-2.56 0.08 0.28779 
-2.56 0.16 0.568947 
-2.56 0.24 1.09793 
-2.56 0.32 2.04797 
-2.56 0.4 3.64617 
-2.56 0.48 6.105 
-2.56 0.56 9.47139 
-2.56 0.64 13.4614 
-2.56 0.72 17.4569 
-2.56 0.8 20.7693 
-2.56 0.88 23.0078 
-2.56 0.96 24.2389 
-2.56 1.04 24.7829 
-2.56 1.12 24.8701 
-2.56 1.2 24.5682 
-2.56 1.28 23.9928 
-2.56 1.36 23.392 
-2.56 1.44 22.9741 
-2.56 1.52 22.7713 
-2.56 1.6 22.7027 
-2.56 1.68 22.6875 
-2.56 1.76 22.6855 
-2.56 1.84 22.6854 
-2.56 1.92 22.6854 
-2.56 2 22.6854 
-2.56 2.08 22.6854 
-2.48 -2 2.25475e-09 
-2.48 -1.92 4.71082e-09 
-2.48 -1.84 9.84225e-09 
-2.48 -1.76 2.05632e-08 
-2.48 -1.68 4.29621e-08 
-2.48 -1.6 8.97591e-08 
-2.48 -1.52 1.87529e-07 
-2.48 -1.44 3.9179e-07 
-2.48 -1.36 8.18523e-07 
-2.48 -1.28 1.71001e-06 
-2.48 -1.2 3.57235e-06 
-2.48 -1.12 7.46255e-06 
-2.48 -1.04 1.5588e-05 
-2.48 -0.96 3.25577e-05 
-2.48 -0.88 6.79913e-05 
-2.48 -0.8 0.000141959 
-2.48 -0.72 0.00029631 
-2.48 -0.64 0.000618218 
-2.48 -0.56 0.00128904 
-2.48 -0.48 0.00268537 
-2.48 -0.4 0.00558695 
-2.48 -0.32 0.0116019 
-2.48 -0.24 0.0240269 
-2.48 -0.16 0.0495621 
-2.48 -0.08 0.10165 
-2.48 6.93889e-16 0.206749 
-2.48 0.08 0.41545 
-2.48 0.16 0.8203 
-2.48 0.24 1.57927 
-2.48 0.32 2.93346 
-2.48 0.4 5.18609 
-2.48 0.48 8.5908 
-2.48 0.56 13.1361 
-2.48 0.64 18.357 
-2.48 0.72 23.4124 
-2.48 0.8 27.4786 
-2.48 0.88 30.165 
-2.48 0.96 31.6217 
-2.48 1.04 32.2608 
-2.48 1.12 32.3631 
-2.48 1.2 32.0089 
-2.48 1.28 31.3317 
-2.48 1.36 30.621 
-2.48 1.44 30.1248 
-2.48 1.52 29.8834 
-2.48 1.6 29.8017 
-2.48 1.68 29.7835 
-2.48 1.76 29.7811 
-2.48 1.84 29.781 
-2.48 1.92 29.781 
-2.48 2 29.781 
-2.48 2.08 29.781 
-2.4 -2 3.25911e-09 
-2.4 -1.92 6.80921e-09 
-2.4 -1.84 1.42264e-08 
-2.4 -1.76 2.97229e-08 
-2.4 -1.68 6.20992e-08 
-2.4 -1.6 1.29741e-07 
-2.4 -1.52 2.71062e-07 
-2.4 -1.44 5.66308e-07 
-2.4 -1.36 1.18313e-06 
-2.4 -1.28 2.47172e-06 
-2.4 -1.2 5.16361e-06 
-2.4 -1.12 1.07867e-05 
-2.4 -1.04 2.25316e-05 
-2.4 -0.96 4.70601e-05 
-2.4 -0.88 9.82773e-05 
-2.4 -0.8 0.000205194 
-2.4 -0.72 0.000428297 
-2.4 -0.64 0.000893594 
-2.4 -0.56 0.00186322 
-2.4 -0.48 0.00388149 
-2.4 -0.4 0.0080754 
-2.4 -0.32 0.016769 
-2.4 -0.24 0.0347258 
-2.4 -0.16 0.0716232 
-2.4 -0.08 0.146863 
-2.4 6.93889e-16 0.298568 
-2.4 0.08 0.599399 
-2.4 0.16 1.18138 
-2.4 0.24 2.26679 
-2.4 0.32 4.18545 
-2.4 0.4 7.32692 
-2.4 0.48 11.9598 
-2.4 0.56 17.9379 
-2.4 0.64 24.5282 
-2.4 0.72 30.6453 
-2.4 0.8 35.3872 
-2.4 0.88 38.437 
-2.4 0.96 40.064 
-2.4 1.04 40.772 
-2.4 1.12 40.885 
-2.4 1.2 40.4934 
-2.4 1.28 39.7416 
-2.4 1.36 38.9484 
-2.4 1.44 38.3918 
-2.4 1.52 38.1204 
-2.4 1.6 38.0283 
-2.4 1.68 38.0078 
-2.4 1.76 38.0052 
-2.4 1.84 38.005 
-2.4 1.92 38.005 
-2.4 2 38.005 
-2.4 2.08 38.005 
-2.32 -2 4.71084e-09 
-2.32 -1.92 9.8423e-09 
-2.32 -1.84 2.05634e-08 
-2.32 -1.76 4.29626e-08 
-2.32 -1.68 8.97606e-08 
-2.32 -1.6 1.87533e-07 
-2.32 -1.52 3.91803e-07 
-2.32 -1.44 8.18565e-07 
-2.32 -1.36 1.71014e-06 
-2.32 -1.28 3.57272e-06 
-2.32 -1.2 7.46369e-06 
-2.32 -1.12 1.55915e-05 
-2.32 -1.04 3.2568e-05 
-2.32 -0.96 6.80226e-05 
-2.32 -0.88 0.000142054 
-2.32 -0.8 0.000296595 
-2.32 -0.72 0.000619077 
-2.32 -0.64 0.00129163 
-2.32 -0.56 0.00269316 
-2.32 -0.48 0.00561036 
-2.32 -0.4 0.0116721 
-2.32 -0.32 0.0242367 
-2.32 -0.24 0.0501863 
-2.32 -0.16 0.103494 
-2.32 -0.08 0.212142 
-2.32 6.93889e-16 0.430989 
-2.32 0.08 0.864088 
-2.32 0.16 1.69867 
-2.32 0.24 3.24376 
-2.32 0.32 5.93909 
-2.32 0.4 10.2559 
-2.32 0.48 16.4128 
-2.32 0.56 24.0097 
-2.32 0.64 31.962 
-2.32 0.72 38.9755 
-2.32 0.8 44.1852 
-2.32 0.88 47.4366 
-2.32 0.96 49.1404 
-2.32 1.04 49.8754 
-2.32 1.12 49.9923 
-2.32 1.2 49.5867 
-2.32 1.28 48.8044 
-2.32 1.36 47.9744 
-2.32 1.44 47.389 
-2.32 1.52 47.1026 
-2.32 1.6 47.0053 
-2.32 1.68 46.9836 
-2.32 1.76 46.9808 
-2.32 1.84 46.9806 
-2.32 1.92 46.9806 
-2.32 2 46.9806 
-2.32 2.08 46.9806 
-2.24 -2 6.80924e-09 
-2.24 -1.92 1.42265e-08 
-2.24 -1.84 2.97231e-08 
-2.24 -1.76 6.20999e-08 
-2.24 -1.68 1.29744e-07 
-2.24 -1.6 2.71068e-07 
-2.24 -1.52 5.66328e-07 
-2.24 -1.44 1.18319e-06 
-2.24 -1.36 2.4719e-06 
-2.24 -1.28 5.16416e-06 
-2.24 -1.2 1.07883e-05 
-2.24 -1.12 2.25365e-05 
-2.24 -1.04 4.70751e-05 
-2.24 -0.96 9.83225e-05 
-2.24 -0.88 0.00020533 
-2.24 -0.8 0.000428709 
-2.24 -0.72 0.000894836 
-2.24 -0.64 0.00186697 
-2.24 -0.56 0.00389275 
-2.24 -0.48 0.00810924 
-2.24 -0.4 0.0168704 
-2.24 -0.32 0.035029 
-2.24 -0.24 0.072525 
-2.24 -0.16 0.149526 
-2.24 -0.08 0.306349 
-2.24 6.93889e-16 0.621775 
-2.24 0.08 1.2442 
-2.24 0.16 2.43689 
-2.24 0.24 4.62188 
-2.24 0.32 8.36334 
-2.24 0.4 14.1766 
-2.24 0.48 22.1075 
-2.24 0.56 31.3515 
-2.24 0.64 40.4414 
-2.24 0.72 48.0028 
-2.24 0.8 53.364 
-2.24 0.88 56.6058 
-2.24 0.96 58.2739 
-2.24 1.04 58.987 
-2.24 1.12 59.1001 
-2.24 1.2 58.7073 
-2.24 1.28 57.9466 
-2.24 1.36 57.1346 
-2.24 1.44 56.5589 
-2.24 1.52 56.2764 
-2.24 1.6 56.1803 
-2.24 1.68 56.1588 
-2.24 1.76 56.1561 
-2.24 1.84 56.1559 
-2.24 1.92 56.1559 
-2.24 2 56.1559 
-2.24 2.08 56.1559 
-2.16 -2 9.84234e-09 
-2.16 -1.92 2.05635e-08 
-2.16 -1.84 4.2963e-08 
-2.16 -1.76 8.97617e-08 
-2.16 -1.68 1.87537e-07 
-2.16 -1.6 3.91813e-07 
-2.16 -1.52 8.18593e-07 
-2.16 -1.44 1.71022e-06 
-2.16 -1.36 3.57298e-06 
-2.16 -1.28 7.46448e-06 
-2.16 -1.2 1.55939e-05 
-2.16 -1.12 3.25752e-05 
-2.16 -1.04 6.80442e-05 
-2.16 -0.96 0.000142119 
-2.16 -0.88 0.000296792 
-2.16 -0.8 0.000619672 
-2.16 -0.72 0.00129343 
-2.16 -0.64 0.00269856 
-2.16 -0.56 0.00562664 
-2.16 -0.48 0.011721 
-2.16 -0.4 0.0243834 
-2.16 -0.32 0.0506244 
-2.16 -0.24 0.104797 
-2.16 -0.16 0.215986 
-2.16 -0.08 0.442206 
-2.16 6.93889e-16 0.896256 
-2.16 0.08 1.7885 
-2.16 0.16 3.48455 
-2.16 0.24 6.54588 
-2.16 0.32 11.6545 
-2.16 0.4 19.2743 
-2.16 0.48 29.0903 
-2.16 0.56 39.7637 
-2.16 0.64 49.5327 
-2.16 0.72 57.1625 
-2.16 0.8 62.3206 
-2.16 0.88 65.3441 
-2.16 0.96 66.8729 
-2.16 1.04 67.521 
-2.16 1.12 67.6234 
-2.16 1.2 67.2672 
-2.16 1.28 66.5743 
-2.16 1.36 65.8307 
-2.16 1.44 65.3009 
-2.16 1.52 65.0401 
-2.16 1.6 64.9512 
-2.16 1.68 64.9314 
-2.16 1.76 64.9288 
-2.16 1.84 64.9287 
-2.16 1.92 64.9287 
-2.16 2 64.9287 
-2.16 2.08 64.9287 
-2.08 -2 1.42265e-08 
-2.08 -1.92 2.97233e-08 
-2.08 -1.84 6.21004e-08 
-2.08 -1.76 1.29745e-07 
-2.08 -1.68 2.71073e-07 
-2.08 -1.6 5.66342e-07 
-2.08 -1.52 1.18323e-06 
-2.08 -1.44 2.47203e-06 
-2.08 -1.36 5.16453e-06 
-2.08 -1.28 1.07895e-05 
-2.08 -1.2 2.254e-05 
-2.08 -1.12 4.70855e-05 
-2.08 -1.04 9.83538e-05 
-2.08 -0.96 0.000205425 
-2.08 -0.88 0.000428994 
-2.08 -0.8 0.000895696 
-2.08 -0.72 0.00186956 
-2.08 -0.64 0.00390056 
-2.08 -0.56 0.00813276 
-2.08 -0.48 0.0169411 
-2.08 -0.4 0.0352408 
-2.08 -0.32 0.073158 
-2.08 -0.24 0.151407 
-2.08 -0.16 0.311895 
-2.08 -0.08 0.637925 
-2.08 6.93889e-16 1.29033 
-2.08 0.08 2.56474 
-2.08 0.16 4.95972 
-2.08 0.24 9.19361 
-2.08 0.32 16.0146 
-2.08 0.4 25.6571 
-2.08 0.48 37.2248 
-2.08 0.56 48.8275 
-2.08 0.64 58.655 
-2.08 0.72 65.8563 
-2.08 0.8 70.5077 
-2.08 0.88 73.1572 
-2.08 0.96 74.4759 
-2.08 1.04 75.0308 
-2.08 1.12 75.1183 
-2.08 1.2 74.8138 
-2.08 1.28 74.2195 
-2.08 1.36 73.5784 
-2.08 1.44 73.1197 
-2.08 1.52 72.8933 
-2.08 1.6 72.816 
-2.08 1.68 72.7988 
-2.08 1.76 72.7966 
-2.08 1.84 72.7964 
-2.08 1.92 72.7964 
-2.08 2 72.7964 
-2.08 2.08 72.7964 
-2 -2 2.05636e-08 
-2 -1.92 4.29632e-08 
-2 -1.84 8.97624e-08 
-2 -1.76 1.87539e-07 
-2 -1.68 3.91819e-07 
-2 -1.6 8.18613e-07 
-2 -1.52 1.71028e-06 
-2 -1.44 3.57316e-06 
-2 -1.36 7.46502e-06 
-2 -1.28 1.55955e-05 
-2 -1.2 3.25802e-05 
-2 -1.12 6.80592e-05 
-2 -1.04 0.000142164 
-2 -0.96 0.000296929 
-2 -0.88 0.000620084 
-2 -0.8 0.00129467 
-2 -0.72 0.00270231 
-2 -0.64 0.00563793 
-2 -0.56 0.011755 
-2 -0.48 0.0244855 
-2 -0.4 0.0509305 
-2 -0.32 0.105711 
-2 -0.24 0.218702 
-2 -0.16 0.4502 
-2 -0.08 0.91947 
-2 6.93889e-16 1.85444 
-2 0.08 3.6653 
-2 0.16 7.01403 
-2 0.24 12.766 
-2 0.32 21.6067 
-2 0.4 33.2821 
-2 0.48 46.1533 
-2 0.56 57.9691 
-2 0.64 67.2196 
-2 0.72 73.6006 
-2 0.8 77.5565 
-2 0.88 79.7546 
-2 0.96 80.8341 
-2 1.04 81.2855 
-2 1.12 81.3565 
-2 1.2 81.1092 
-2 1.28 80.625 
-2 1.36 80.1005 
-2 1.44 79.7238 
-2 1.52 79.5374 
-2 1.6 79.4738 
-2 1.68 79.4595 
-2 1.76 79.4577 
-2 1.84 79.4576 
-2 1.92 79.4576 
-2 2 79.4576 
-2 2.08 79.4576 
-1.92 -2 2.97234e-08 
-1.92 -1.92 6.21007e-08 
-1.92 -1.84 1.29746e-07 
-1.92 -1.76 2.71076e-07 
-1.92 -1.68 5.66351e-07 
-1.92 -1.6 1.18326e-06 
-1.92 -1.52 2.47211e-06 
-1.92 -1.44 5.16479e-06 
-1.92 -1.36 1.07902e-05 
-1.92 -1.28 2.25424e-05 
-1.92 -1.2 4.70927e-05 
-1.92 -1.12 9.83755e-05 
-1.92 -1.04 0.00020549 
-1.92 -0.96 0.000429192 
-1.92 -0.88 0.000896292 
-1.92 -0.8 0.00187136 
-1.92 -0.72 0.00390598 
-1.92 -0.64 0.00814909 
-1.92 -0.56 0.0169902 
-1.92 -0.48 0.0353884 
-1.92 -0.4 0.0736003 
-1.92 -0.32 0.152727 
-1.92 -0.24 0.315812 
-1.92 -0.16 0.649435 
-1.92 -0.08 1.32362 
-1.92 6.93889e-16 2.65852 
-1.92 0.08 5.21286 
-1.92 0.16 9.83119 
-1.92 0.24 17.4597 
-1.92 0.32 28.4893 
-1.92 0.4 41.8961 
-1.92 0.48 55.3356 
-1.92 0.56 66.5949 
-1.92 0.64 74.7731 
-1.92 0.72 80.1186 
-1.92 0.8 83.3192 
-1.92 0.88 85.0616 
-1.92 0.96 85.9081 
-1.92 1.04 86.2603 
-1.92 1.12 86.3157 
-1.92 1.2 86.1229 
-1.92 1.28 85.7446 
-1.92 1.36 85.3335 
-1.92 1.44 85.0373 
-1.92 1.52 84.8905 
-1.92 1.6 84.8404 
-1.92 1.68 84.8292 
-1.92 1.76 84.8277 
-1.92 1.84 84.8276 
-1.92 1.92 84.8276 
-1.92 2 84.8276 
-1.92 2.08 84.8276 
-1.84 -2 4.29634e-08 
-1.84 -1.92 8.97629e-08 
-1.84 -1.84 1.8754e-07 
-1.84 -1.76 3.91824e-07 
-1.84 -1.68 8.18627e-07 
-1.84 -1.6 1.71032e-06 
-1.84 -1.52 3.57329e-06 
-1.84 -1.44 7.4654e-06 
-1.84 -1.36 1.55966e-05 
-1.84 -1.28 3.25836e-05 
-1.84 -1.2 6.80696e-05 
-1.84 -1.12 0.000142196 
-1.84 -1.04 0.000297023 
-1.84 -0.96 0.00062037 
-1.84 -0.88 0.00129553 
-1.84 -0.8 0.00270491 
-1.84 -0.72 0.00564576 
-1.84 -0.64 0.0117786 
-1.84 -0.56 0.0245565 
-1.84 -0.48 0.0511438 
-1.84 -0.4 0.10635 
-1.84 -0.32 0.220608 
-1.84 -0.24 0.455846 
-1.84 -0.16 0.936011 
-1.84 -0.08 1.902 
-1.84 6.93889e-16 3.79776 
-1.84 0.08 7.36389 
-1.84 0.16 13.6142 
-1.84 0.24 23.4158 
-1.84 0.32 36.5423 
-1.84 0.4 51.0342 
-1.84 0.48 64.1678 
-1.84 0.56 74.2372 
-1.84 0.64 81.0761 
-1.84 0.72 85.3477 
-1.84 0.8 87.8343 
-1.84 0.88 89.1664 
-1.84 0.96 89.8082 
-1.84 1.04 90.0742 
-1.84 1.12 90.1159 
-1.84 1.2 89.9705 
-1.84 1.28 89.6845 
-1.84 1.36 89.3729 
-1.84 1.44 89.148 
-1.84 1.52 89.0363 
-1.84 1.6 88.9981 
-1.84 1.68 88.9896 
-1.84 1.76 88.9885 
-1.84 1.84 88.9884 
-1.84 1.92 88.9884 
-1.84 2 88.9884 
-1.84 2.08 88.9884 
-1.76 -2 6.2101e-08 
-1.76 -1.92 1.29747e-07 
-1.76 -1.84 2.71078e-07 
-1.76 -1.76 5.66358e-07 
-1.76 -1.68 1.18328e-06 
-1.76 -1.6 2.47217e-06 
-1.76 -1.52 5.16497e-06 
-1.76 -1.44 1.07908e-05 
-1.76 -1.36 2.2544e-05 
-1.76 -1.28 4.70976e-05 
-1.76 -1.2 9.83905e-05 
-1.76 -1.12 0.000205535 
-1.76 -1.04 0.000429329 
-1.76 -0.96 0.000896705 
-1.76 -0.88 0.0018726 
-1.76 -0.8 0.00390974 
-1.76 -0.72 0.00816041 
-1.76 -0.64 0.0170243 
-1.76 -0.56 0.0354911 
-1.76 -0.48 0.0739085 
-1.76 -0.4 0.15365 
-1.76 -0.32 0.318562 
-1.76 -0.24 0.657563 
-1.76 -0.16 1.34733 
-1.76 -0.08 2.72612 
-1.76 6.93889e-16 5.39811 
-1.76 0.08 10.306 
-1.76 0.16 18.5534 
-1.76 0.24 30.6493 
-1.76 0.32 45.4255 
-1.76 0.4 60.1037 
-1.76 0.48 72.133 
-1.76 0.56 80.6394 
-1.76 0.64 86.0971 
-1.76 0.72 89.3837 
-1.76 0.8 91.2556 
-1.76 0.88 92.2461 
-1.76 0.96 92.7204 
-1.76 1.04 92.9164 
-1.76 1.12 92.9471 
-1.76 1.2 92.84 
-1.76 1.28 92.6291 
-1.76 1.36 92.3989 
-1.76 1.44 92.2325 
-1.76 1.52 92.1497 
-1.76 1.6 92.1214 
-1.76 1.68 92.1151 
-1.76 1.76 92.1143 
-1.76 1.84 92.1143 
-1.76 1.92 92.1143 
-1.76 2 92.1143 
-1.76 2.08 92.1143 
-1.68 -2 8.97632e-08 
-1.68 -1.92 1.87541e-07 
-1.68 -1.84 3.91827e-07 
-1.68 -1.76 8.18636e-07 
-1.68 -1.68 1.71035e-06 
-1.68 -1.6 3.57338e-06 
-1.68 -1.52 7.46566e-06 
-1.68 -1.44 1.55974e-05 
-1.68 -1.36 3.2586e-05 
-1.68 -1.28 6.80768e-05 
-1.68 -1.2 0.000142217 
-1.68 -1.12 0.000297089 
-1.68 -1.04 0.000620567 
-1.68 -0.96 0.00129613 
-1.68 -0.88 0.00270671 
-1.68 -0.8 0.00565119 
-1.68 -0.72 0.0117949 
-1.68 -0.64 0.0246058 
-1.68 -0.56 0.0512921 
-1.68 -0.48 0.106795 
-1.68 -0.4 0.221939 
-1.68 -0.32 0.459809 
-1.68 -0.24 0.947692 
-1.68 -0.16 1.93587 
-1.68 -0.08 3.89317 
-1.68 6.93889e-16 7.61943 
-1.68 0.08 14.2429 
-1.68 0.16 24.7706 
-1.68 0.24 38.98 
-1.68 0.32 54.6099 
-1.68 0.4 68.5292 
-1.68 0.48 78.9095 
-1.68 0.56 85.7559 
-1.68 0.64 89.951 
-1.68 0.72 92.4069 
-1.68 0.8 93.7828 
-1.68 0.88 94.5043 
-1.68 0.96 94.8482 
-1.68 1.04 94.9899 
-1.68 1.12 95.0121 
-1.68 1.2 94.9347 
-1.68 1.28 94.7821 
-1.68 1.36 94.6152 
-1.68 1.44 94.4944 
-1.68 1.52 94.4343 
-1.68 1.6 94.4137 
-1.68 1.68 94.4091 
-1.68 1.76 94.4086 
-1.68 1.84 94.4085 
-1.68 1.92 94.4085 
-1.68 2 94.4085 
-1.68 2.08 94.4085 
-1.6 -2 1.29747e-07 
-1.6 -1.92 2.7108e-07 
-1.6 -1.84 5.66362e-07 
-1.6 -1.76 1.18329e-06 
-1.6 -1.68 2.47221e-06 
-1.6 -1.6 5.1651e-06 
-1.6 -1.52 1.07912e-05 
-1.6 -1.44 2.25451e-05 
-1.6 -1.36 4.71011e-05 
-1.6 -1.28 9.84009e-05 
-1.6 -1.2 0.000205567 
-1.6 -1.12 0.000429423 
-1.6 -1.04 0.00089699 
-1.6 -0.96 0.00187346 
-1.6 -0.88 0.00391234 
-1.6 -0.8 0.00816825 
-1.6 -0.72 0.017048 
-1.6 -0.64 0.0355623 
-1.6 -0.56 0.0741227 
-1.6 -0.48 0.154292 
-1.6 -0.4 0.320483 
-1.6 -0.32 0.663268 
-1.6 -0.24 1.36407 
-1.6 -0.16 2.77426 
-1.6 -0.08 5.53142 
-1.6 6.93889e-16 10.6519 
-1.6 0.08 19.359 
-1.6 0.16 32.2465 
-1.6 0.24 48.0076 
-1.6 0.32 63.4909 
-1.6 0.4 75.8892 
-1.6 0.48 84.3947 
-1.6 0.56 89.693 
-1.6 0.64 92.8256 
-1.6 0.72 94.621 
-1.6 0.8 95.6147 
-1.6 0.88 96.1324 
-1.6 0.96 96.3783 
-1.6 1.04 96.4795 
-1.6 1.12 96.4954 
-1.6 1.2 96.4401 
-1.6 1.28 96.3311 
-1.6 1.36 96.2118 
-1.6 1.44 96.1253 
-1.6 1.52 96.0823 
-1.6 1.6 96.0676 
-1.6 1.68 96.0643 
-1.6 1.76 96.0638 
-1.6 1.84 96.0638 
-1.6 1.92 96.0638 
-1.6 2 96.0638 
-1.6 2.08 96.0638 
-1.52 -2 1.87542e-07 
-1.52 -1.92 3.91829e-07 
-1.52 -1.84 8.18643e-07 
-1.52 -1.76 1.71037e-06 
-1.52 -1.68 3.57343e-06 
-1.52 -1.6 7.46584e-06 
-1.52 -1.52 1.5598e-05 
-1.52 -1.44 3.25876e-05 
-1.52 -1.36 6.80818e-05 
-1.52 -1.28 0.000142232 
-1.52 -1.2 0.000297134 
-1.52 -1.12 0.000620704 
-1.52 -1.04 0.00129654 
-1.52 -0.96 0.00270796 
-1.52 -0.88 0.00565495 
-1.52 -0.8 0.0118063 
-1.52 -0.72 0.02464 
-1.52 -0.64 0.051395 
-1.52 -0.56 0.107105 
-1.52 -0.48 0.222867 
-1.52 -0.4 0.462579 
-1.52 -0.32 0.95589 
-1.52 -0.24 1.95978 
-1.52 -0.16 3.96107 
-1.52 -0.08 7.80307 
-1.52 6.93889e-16 14.6992 
-1.52 0.08 25.7608 
-1.52 0.16 40.7561 
-1.52 0.24 57.1672 
-1.52 0.32 71.5398 
-1.52 0.4 81.9805 
-1.52 0.48 88.6584 
-1.52 0.56 92.6354 
-1.52 0.64 94.9243 
-1.52 0.72 96.2159 
-1.52 0.8 96.9246 
-1.52 0.88 97.292 
-1.52 0.96 97.4661 
-1.52 1.04 97.5377 
-1.52 1.12 97.5489 
-1.52 1.2 97.5098 
-1.52 1.28 97.4327 
-1.52 1.36 97.3482 
-1.52 1.44 97.287 
-1.52 1.52 97.2565 
-1.52 1.6 97.246 
-1.52 1.68 97.2437 
-1.52 1.76 97.2434 
-1.52 1.84 97.2434 
-1.52 1.92 97.2434 
-1.52 2 97.2434 
-1.52 2.08 97.2434 
-1.44 -2 2.71081e-07 
-1.44 -1.92 5.66366e-07 
-1.44 -1.84 1.1833e-06 
-1.44 -1.76 2.47224e-06 
-1.44 -1.68 5.16518e-06 
-1.44 -1.6 1.07914e-05 
-1.44 -1.52 2.25459e-05 
-1.44 -1.44 4.71035e-05 
-1.44 -1.36 9.8408e-05 
-1.44 -1.28 0.000205588 
-1.44 -1.2 0.000429489 
-1.44 -1.12 0.000897188 
-1.44 -1.04 0.00187406 
-1.44 -0.96 0.00391414 
-1.44 -0.88 0.00817369 
-1.44 -0.8 0.0170644 
-1.44 -0.72 0.0356117 
-1.44 -0.64 0.0742714 
-1.44 -0.56 0.154739 
-1.44 -0.48 0.321822 
-1.44 -0.4 0.667255 
-1.44 -0.32 1.37582 
-1.44 -0.24 2.80823 
-1.44 -0.16 5.62622 
-1.44 -0.08 10.9 
-1.44 6.93889e-16 19.9412 
-1.44 0.08 33.4028 
-1.44 0.16 49.859 
-1.44 0.24 65.8606 
-1.44 0.32 78.4175 
-1.44 0.4 86.8006 
-1.44 0.48 91.8693 
-1.44 0.56 94.7866 
-1.44 0.64 96.4327 
-1.44 0.72 97.3512 
-1.44 0.8 97.852 
-1.44 0.88 98.1108 
-1.44 0.96 98.2332 
-1.44 1.04 98.2835 
-1.44 1.12 98.2914 
-1.44 1.2 98.2639 
-1.44 1.28 98.2097 
-1.44 1.36 98.1503 
-1.44 1.44 98.1072 
-1.44 1.52 98.0858 
-1.44 1.6 98.0784 
-1.44 1.68 98.0768 
-1.44 1.76 98.0766 
-1.44 1.84 98.0765 
-1.44 1.92 98.0765 
-1.44 2 98.0765 
-1.44 2.08 98.0765 
-1.36 -2 3.91831e-07 
-1.36 -1.92 8.18647e-07 
-1.36 -1.84 1.71039e-06 
-1.36 -1.76 3.57348e-06 
-1.36 -1.68 7.46596e-06 
-1.36 -1.6 1.55983e-05 
-1.36 -1.52 3.25888e-05 
-1.36 -1.44 6.80852e-05 
-1.36 -1.36 0.000142243 
-1.36 -1.28 0.000297165 
-1.36 -1.2 0.000620799 
-1.36 -1.12 0.00129683 
-1.36 -1.04 0.00270882 
-1.36 -0.96 0.00565756 
-1.36 -0.88 0.0118141 
-1.36 -0.8 0.0246637 
-1.36 -0.72 0.0514664 
-1.36 -0.64 0.107319 
-1.36 -0.56 0.223512 
-1.36 -0.48 0.464508 
-1.36 -0.4 0.961619 
-1.36 -0.32 1.97656 
-1.36 -0.24 4.00898 
-1.36 -0.16 7.93353 
-1.36 -0.08 15.0258 
-1.36 6.93889e-16 26.4724 
-1.36 0.08 42.0284 
-1.36 0.16 58.9711 
-1.36 0.24 73.6043 
-1.36 0.32 84.0047 
-1.36 0.4 90.481 
-1.36 0.48 94.2304 
-1.36 0.56 96.3343 
-1.36 0.64 97.5046 
-1.36 0.72 98.1524 
-1.36 0.8 98.504 
-1.36 0.88 98.6853 
-1.36 0.96 98.771 
-1.36 1.04 98.8062 
-1.36 1.12 98.8117 
-1.36 1.2 98.7925 
-1.36 1.28 98.7545 
-1.36 1.36 98.713 
-1.36 1.44 98.6828 
-1.36 1.52 98.6678 
-1.36 1.6 98.6627 
-1.36 1.68 98.6615 
-1.36 1.76 98.6614 
-1.36 1.84 98.6614 
-1.36 1.92 98.6614 
-1.36 2 98.6614 
-1.36 2.08 98.6614 
-1.28 -2 5.66368e-07 
-1.28 -1.92 1.18331e-06 
-1.28 -1.84 2.47226e-06 
-1.28 -1.76 5.16524e-06 
-1.28 -1.68 1.07916e-05 
-1.28 -1.6 2.25465e-05 
-1.28 -1.52 4.71051e-05 
-1.28 -1.44 9.8413e-05 
-1.28 -1.36 0.000205603 
-1.28 -1.28 0.000429534 
-1.28 -1.2 0.000897325 
-1.28 -1.12 0.00187447 
-1.28 -1.04 0.00391539 
-1.28 -0.96 0.00817745 
-1.28 -0.88 0.0170757 
-1.28 -0.8 0.0356459 
-1.28 -0.72 0.0743745 
-1.28 -0.64 0.15505 
-1.28 -0.56 0.322752 
-1.28 -0.48 0.670032 
-1.28 -0.4 1.38403 
-1.28 -0.32 2.83206 
-1.28 -0.24 5.69307 
-1.28 -0.16 11.076 
-1.28 -0.08 20.3564 
-1.28 6.93889e-16 34.2281 
-1.28 0.08 51.1699 
-1.28 0.16 67.5065 
-1.28 0.24 80.1217 
-1.28 0.32 88.3602 
-1.28 0.4 93.2155 
-1.28 0.48 95.9361 
-1.28 0.56 97.435 
-1.28 0.64 98.2602 
-1.28 0.72 98.7144 
-1.28 0.8 98.9602 
-1.28 0.88 99.0868 
-1.28 0.96 99.1465 
-1.28 1.04 99.171 
-1.28 1.12 99.1748 
-1.28 1.2 99.1615 
-1.28 1.28 99.135 
-1.28 1.36 99.1061 
-1.28 1.44 99.085 
-1.28 1.52 99.0746 
-1.28 1.6 99.071 
-1.28 1.68 99.0702 
-1.28 1.76 99.0701 
-1.28 1.84 99.0701 
-1.28 1.92 99.0701 
-1.28 2 99.0701 
-1.28 2.08 99.0701 
-1.2 -2 8.1865e-07 
-1.2 -1.92 1.7104e-06 
-1.2 -1.84 3.5735e-06 
-1.2 -1.76 7.46605e-06 
-1.2 -1.68 1.55986e-05 
-1.2 -1.6 3.25896e-05 
-1.2 -1.52 6.80876e-05 
-1.2 -1.44 0.00014225 
-1.2 -1.36 0.000297187 
-1.2 -1.28 0.000620864 
-1.2 -1.2 0.00129702 
-1.2 -1.12 0.00270942 
-1.2 -1.04 0.00565936 
-1.2 -0.96 0.0118196 
-1.2 -0.88 0.0246801 
-1.2 -0.8 0.0515159 
-1.2 -0.72 0.107468 
-1.2 -0.64 0.22396 
-1.2 -0.56 0.465849 
-1.2 -0.48 0.965609 
-1.2 -0.4 1.98828 
-1.2 -0.32 4.04257 
-1.2 -0.24 8.02547 
-1.2 -0.16 15.257 
-1.2 -0.08 26.9777 
-1.2 6.93889e-16 42.9294 
-1.2 0.08 60.2338 
-1.2 0.16 75.0185 
-1.2 0.24 85.3501 
-1.2 0.32 91.6476 
-1.2 0.4 95.206 
-1.2 0.48 97.1528 
-1.2 0.56 98.2113 
-1.2 0.64 98.7899 
-1.2 0.72 99.1071 
-1.2 0.8 99.2783 
-1.2 0.88 99.3664 
-1.2 0.96 99.408 
-1.2 1.04 99.425 
-1.2 1.12 99.4277 
-1.2 1.2 99.4184 
-1.2 1.28 99.4 
-1.2 1.36 99.3798 
-1.2 1.44 99.3652 
-1.2 1.52 99.3579 
-1.2 1.6 99.3554 
-1.2 1.68 99.3549 
-1.2 1.76 99.3548 
-1.2 1.84 99.3548 
-1.2 1.92 99.3548 
-1.2 2 99.3548 
-1.2 2.08 99.3548 
-1.12 -2 1.18331e-06 
-1.12 -1.92 2.47228e-06 
-1.12 -1.84 5.16529e-06 
-1.12 -1.76 1.07917e-05 
-1.12 -1.68 2.25468e-05 
-1.12 -1.6 4.71062e-05 
-1.12 -1.52 9.84165e-05 
-1.12 -1.44 0.000205614 
-1.12 -1.36 0.000429565 
-1.12 -1.28 0.000897419 
-1.12 -1.2 0.00187476 
-1.12 -1.12 0.00391625 
-1.12 -1.04 0.00818005 
-1.12 -0.96 0.0170836 
-1.12 -0.88 0.0356696 
-1.12 -0.8 0.074446 
-1.12 -0.72 0.155265 
-1.12 -0.64 0.323398 
-1.12 -0.56 0.671963 
-1.12 -0.48 1.38975 
-1.12 -0.4 2.84871 
-1.12 -0.32 5.73994 
-1.12 -0.24 11.1999 
-1.12 -0.16 20.6497 
-1.12 -0.08 34.8114 
-1.12 6.93889e-16 52.0908 
-1.12 0.08 68.6462 
-1.12 0.16 81.2755 
-1.12 0.24 89.3855 
-1.12 0.32 94.0689 
-1.12 0.4 96.6336 
-1.12 0.48 98.0128 
-1.12 0.56 98.7557 
-1.12 0.64 99.1597 
-1.12 0.72 99.3805 
-1.12 0.8 99.4996 
-1.12 0.88 99.5608 
-1.12 0.96 99.5897 
-1.12 1.04 99.6015 
-1.12 1.12 99.6033 
-1.12 1.2 99.5969 
-1.12 1.28 99.5841 
-1.12 1.36 99.5701 
-1.12 1.44 99.56 
-1.12 1.52 99.5549 
-1.12 1.6 99.5532 
-1.12 1.68 99.5528 
-1.12 1.76 99.5527 
-1.12 1.84 99.5527 
-1.12 1.92 99.5527 
-1.12 2 99.5527 
-1.12 2.08 99.5527 
-1.04 -2 1.7104e-06 
-1.04 -1.92 3.57352e-06 
-1.04 -1.84 7.46611e-06 
-1.04 -1.76 1.55988e-05 
-1.04 -1.68 3.25901e-05 
-1.04 -1.6 6.80892e-05 
-1.04 -1.52 0.000142255 
-1.04 -1.44 0.000297202 
-1.04 -1.36 0.00062091 
-1.04 -1.28 0.00129716 
-1.04 -1.2 0.00270983 
-1.04 -1.12 0.0056606 
-1.04 -1.04 0.0118233 
-1.04 -0.96 0.0246914 
-1.04 -0.88 0.0515501 
-1.04 -0.8 0.107572 
-1.04 -0.72 0.224271 
-1.04 -0.64 0.46678 
-1.04 -0.56 0.968383 
-1.04 -0.48 1.99644 
-1.04 -0.4 4.06604 
-1.04 -0.32 8.08989 
-1.04 -0.24 15.4196 
-1.04 -0.16 27.3337 
-1.04 -0.08 43.5627 
-1.04 6.93889e-16 61.1137 
-1.04 0.08 75.9884 
-1.04 0.16 86.2526 
-1.04 0.24 92.4083 
-1.04 0.32 95.8203 
-1.04 0.4 97.6466 
-1.04 0.48 98.6167 
-1.04 0.56 99.1358 
-1.04 0.64 99.4171 
-1.04 0.72 99.5706 
-1.04 0.8 99.6533 
-1.04 0.88 99.6957 
-1.04 0.96 99.7158 
-1.04 1.04 99.724 
-1.04 1.12 99.7252 
-1.04 1.2 99.7208 
-1.04 1.28 99.7119 
-1.04 1.36 99.7022 
-1.04 1.44 99.6952 
-1.04 1.52 99.6916 
-1.04 1.6 99.6904 
-1.04 1.68 99.6902 
-1.04 1.76 99.6901 
-1.04 1.84 99.6901 
-1.04 1.92 99.6901 
-1.04 2 99.6901 
-1.04 2.08 99.6901 
-0.96 -2 2.47228e-06 
-0.96 -1.92 5.16531e-06 
-0.96 -1.84 1.07918e-05 
-0.96 -1.76 2.25471e-05 
-0.96 -1.68 4.7107e-05 
-0.96 -1.6 9.84188e-05 
-0.96 -1.52 0.000205621 
-0.96 -1.44 0.000429587 
-0.96 -1.36 0.000897485 
-0.96 -1.28 0.00187496 
-0.96 -1.2 0.00391685 
-0.96 -1.12 0.00818186 
-0.96 -1.04 0.017089 
-0.96 -0.96 0.035686 
-0.96 -0.88 0.0744955 
-0.96 -0.8 0.155414 
-0.96 -0.72 0.323846 
-0.96 -0.64 0.673303 
-0.96 -0.56 1.39373 
-0.96 -0.48 2.8603 
-0.96 -0.4 5.77266 
-0.96 -0.32 11.2867 
-0.96 -0.24 20.8556 
-0.96 -0.16 35.2209 
-0.96 -0.08 52.7344 
-0.96 6.93889e-16 69.4344 
-0.96 0.08 82.0606 
-0.96 0.16 90.0683 
-0.96 0.24 94.622 
-0.96 0.32 97.0706 
-0.96 0.4 98.36 
-0.96 0.48 99.0389 
-0.96 0.56 99.4005 
-0.96 0.64 99.596 
-0.96 0.72 99.7025 
-0.96 0.8 99.7599 
-0.96 0.88 99.7893 
-0.96 0.96 99.8032 
-0.96 1.04 99.8089 
-0.96 1.12 99.8098 
-0.96 1.2 99.8067 
-0.96 1.28 99.8005 
-0.96 1.36 99.7938 
-0.96 1.44 99.7889 
-0.96 1.52 99.7865 
-0.96 1.6 99.7856 
-0.96 1.68 99.7854 
-0.96 1.76 99.7854 
-0.96 1.84 99.7854 
-0.96 1.92 99.7854 
-0.96 2 99.7854 
-0.96 2.08 99.7854 
-0.88 -2 3.57354e-06 
-0.88 -1.92 7.46615e-06 
-0.88 -1.84 1.55989e-05 
-0.88 -1.76 3.25905e-05 
-0.88 -1.68 6.80904e-05 
-0.88 -1.6 0.000142258 
-0.88 -1.52 0.000297212 
-0.88 -1.44 0.000620941 
-0.88 -1.36 0.00129726 
-0.88 -1.28 0.00271011 
-0.88 -1.2 0.00566147 
-0.88 -1.12 0.0118259 
-0.88 -1.04 0.0246993 
-0.88 -0.96 0.0515738 
-0.88 -0.88 0.107643 
-0.88 -0.8 0.224486 
-0.88 -0.72 0.467426 
-0.88 -0.64 0.970308 
-0.88 -0.56 2.00212 
-0.88 -0.48 4.08238 
-0.88 -0.4 8.13486 
-0.88 -0.32 15.5333 
-0.88 -0.24 27.5831 
-0.88 -0.16 44.0057 
-0.88 -0.08 61.7252 
-0.88 6.93889e-16 76.6548 
-0.88 0.08 86.8627 
-0.88 0.16 92.912 
-0.88 0.24 96.2166 
-0.88 0.32 97.9549 
-0.88 0.4 98.8596 
-0.88 0.48 99.3331 
-0.88 0.56 99.5845 
-0.88 0.64 99.7202 
-0.88 0.72 99.794 
-0.88 0.8 99.8338 
-0.88 0.88 99.8541 
-0.88 0.96 99.8637 
-0.88 1.04 99.8677 
-0.88 1.12 99.8683 
-0.88 1.2 99.8662 
-0.88 1.28 99.8619 
-0.88 1.36 99.8572 
-0.88 1.44 99.8539 
-0.88 1.52 99.8522 
-0.88 1.6 99.8516 
-0.88 1.68 99.8515 
-0.88 1.76 99.8515 
-0.88 1.84 99.8515 
-0.88 1.92 99.8515 
-0.88 2 99.8515 
-0.88 2.08 99.8515 
-0.8 -2 5.16533e-06 
-0.8 -1.92 1.07919e-05 
-0.8 -1.84 2.25473e-05 
-0.8 -1.76 4.71076e-05 
-0.8 -1.68 9.84205e-05 
-0.8 -1.6 0.000205626 
-0.8 -1.52 0.000429602 
-0.8 -1.44 0.00089753 
-0.8 -1.36 0.00187509 
-0.8 -1.28 0.00391726 
-0.8 -1.2 0.0081831 
-0.8 -1.12 0.0170928 
-0.8 -1.04 0.0356974 
-0.8 -0.96 0.0745297 
-0.8 -0.88 0.155517 
-0.8 -0.8 0.324156 
-0.8 -0.72 0.674232 
-0.8 -0.64 1.39649 
-0.8 -0.56 2.86836 
-0.8 -0.48 5.79545 
-0.8 -0.4 11.3473 
-0.8 -0.32 20.9995 
-0.8 -0.24 35.5071 
-0.8 -0.16 53.1828 
-0.8 -0.08 69.9793 
-0.8 6.93889e-16 82.5971 
-0.8 0.08 90.5277 
-0.8 0.16 94.9868 
-0.8 0.24 97.3517 
-0.8 0.32 98.5762 
-0.8 0.4 99.2083 
-0.8 0.48 99.5377 
-0.8 0.56 99.7122 
-0.8 0.64 99.8062 
-0.8 0.72 99.8574 
-0.8 0.8 99.8849 
-0.8 0.88 99.899 
-0.8 0.96 99.9057 
-0.8 1.04 99.9084 
-0.8 1.12 99.9089 
-0.8 1.2 99.9074 
-0.8 1.28 99.9044 
-0.8 1.36 99.9012 
-0.8 1.44 99.8989 
-0.8 1.52 99.8977 
-0.8 1.6 99.8973 
-0.8 1.68 99.8972 
-0.8 1.76 99.8972 
-0.8 1.84 99.8972 
-0.8 1.92 99.8972 
-0.8 2 99.8972 
-0.8 2.08 99.8972 
-0.72 -2 7.46618e-06 
-0.72 -1.92 1.5599e-05 
-0.72 -1.84 3.25907e-05 
-0.72 -1.76 6.80911e-05 
-0.72 -1.68 0.000142261 
-0.72 -1.6 0.00029722 
-0.72 -1.52 0.000620963 
-0.72 -1.44 0.00129732 
-0.72 -1.36 0.00271031 
-0.72 -1.28 0.00566206 
-0.72 -1.2 0.0118278 
-0.72 -1.12 0.0247047 
-0.72 -1.04 0.0515902 
-0.72 -0.96 0.107692 
-0.72 -0.88 0.224635 
-0.72 -0.8 0.467873 
-0.72 -0.72 0.971643 
-0.72 -0.64 2.00606 
-0.72 -0.56 4.09374 
-0.72 -0.48 8.16616 
-0.72 -0.4 15.6127 
-0.72 -0.32 27.7571 
-0.72 -0.24 44.3144 
-0.72 -0.16 62.1495 
-0.72 -0.08 77.1134 
-0.72 6.93889e-16 87.2778 
-0.72 0.08 93.2497 
-0.72 0.16 96.4773 
-0.72 0.24 98.1527 
-0.72 0.32 99.0106 
-0.72 0.4 99.4509 
-0.72 0.48 99.6797 
-0.72 0.56 99.8007 
-0.72 0.64 99.8659 
-0.72 0.72 99.9013 
-0.72 0.8 99.9204 
-0.72 0.88 99.9301 
-0.72 0.96 99.9347 
-0.72 1.04 99.9366 
-0.72 1.12 99.9369 
-0.72 1.2 99.9359 
-0.72 1.28 99.9339 
-0.72 1.36 99.9316 
-0.72 1.44 99.93 
-0.72 1.52 99.9292 
-0.72 1.6 99.9289 
-0.72 1.68 99.9289 
-0.72 1.76 99.9288 
-0.72 1.84 99.9288 
-0.72 1.92 99.9288 
-0.72 2 99.9288 
-0.72 2.08 99.9288 
-0.64 -2 1.07919e-05 
-0.64 -1.92 2.25474e-05 
-0.64 -1.84 4.71079e-05 
-0.64 -1.76 9.84216e-05 
-0.64 -1.68 0.000205629 
-0.64 -1.6 0.000429612 
-0.64 -1.52 0.000897562 
-0.64 -1.44 0.00187519 
-0.64 -1.36 0.00391755 
-0.64 -1.28 0.00818397 
-0.64 -1.2 0.0170954 
-0.64 -1.12 0.0357053 
-0.64 -1.04 0.0745535 
-0.64 -0.96 0.155588 
-0.64 -0.88 0.324371 
-0.64 -0.8 0.674876 
-0.64 -0.72 1.3984 
-0.64 -0.64 2.87396 
-0.64 -0.56 5.81128 
-0.64 -0.48 11.3894 
-0.64 -0.4 21.0998 
-0.64 -0.32 35.7065 
-0.64 -0.24 53.4944 
-0.64 -0.16 70.356 
-0.64 -0.08 82.9649 
-0.64 6.93889e-16 90.8392 
-0.64 0.08 95.2307 
-0.64 0.16 97.5361 
-0.64 0.24 98.7147 
-0.64 0.32 99.3134 
-0.64 0.4 99.6195 
-0.64 0.48 99.7782 
-0.64 0.56 99.862 
-0.64 0.64 99.9072 
-0.64 0.72 99.9317 
-0.64 0.8 99.9449 
-0.64 0.88 99.9517 
-0.64 0.96 99.9548 
-0.64 1.04 99.9561 
-0.64 1.12 99.9564 
-0.64 1.2 99.9556 
-0.64 1.28 99.9542 
-0.64 1.36 99.9527 
-0.64 1.44 99.9516 
-0.64 1.52 99.951 
-0.64 1.6 99.9508 
-0.64 1.68 99.9508 
-0.64 1.76 99.9508 
-0.64 1.84 99.9508 
-0.64 1.92 99.9508 
-0.64 2 99.9508 
-0.64 2.08 99.9508 
-0.56 -2 1.55991e-05 
-0.56 -1.92 3.25909e-05 
-0.56 -1.84 6.80917e-05 
-0.56 -1.76 0.000142262 
-0.56 -1.68 0.000297224 
-0.56 -1.6 0.000620978 
-0.56 -1.52 0.00129737 
-0.56 -1.44 0.00271045 
-0.56 -1.36 0.00566248 
-0.56 -1.28 0.011829 
-0.56 -1.2 0.0247085 
-0.56 -1.12 0.0516016 
-0.56 -1.04 0.107727 
-0.56 -0.96 0.224738 
-0.56 -0.88 0.468183 
-0.56 -0.8 0.972568 
-0.56 -0.72 2.00879 
-0.56 -0.64 4.10162 
-0.56 -0.56 8.18791 
-0.56 -0.48 15.6678 
-0.56 -0.4 27.8783 
-0.56 -0.32 44.5291 
-0.56 -0.24 62.4435 
-0.56 -0.16 77.4295 
-0.56 -0.08 87.5616 
-0.56 6.93889e-16 93.4782 
-0.56 0.08 96.6513 
-0.56 0.16 98.2824 
-0.56 0.24 99.1072 
-0.56 0.32 99.524 
-0.56 0.4 99.7364 
-0.56 0.48 99.8464 
-0.56 0.56 99.9045 
-0.56 0.64 99.9358 
-0.56 0.72 99.9527 
-0.56 0.8 99.9619 
-0.56 0.88 99.9665 
-0.56 0.96 99.9688 
-0.56 1.04 99.9697 
-0.56 1.12 99.9698 
-0.56 1.2 99.9693 
-0.56 1.28 99.9683 
-0.56 1.36 99.9673 
-0.56 1.44 99.9665 
-0.56 1.52 99.9661 
-0.56 1.6 99.966 
-0.56 1.68 99.9659 
-0.56 1.76 99.9659 
-0.56 1.84 99.9659 
-0.56 1.92 99.9659 
-0.56 2 99.9659 
-0.56 2.08 99.9659 
-0.48 -2 2.25475e-05 
-0.48 -1.92 4.71082e-05 
-0.48 -1.84 9.84224e-05 
-0.48 -1.76 0.000205632 
-0.48 -1.68 0.00042962 
-0.48 -1.6 0.000897583 
-0.48 -1.52 0.00187525 
-0.48 -1.44 0.00391774 
-0.48 -1.36 0.00818456 
-0.48 -1.28 0.0170972 
-0.48 -1.2 0.0357107 
-0.48 -1.12 0.0745699 
-0.48 -1.04 0.155638 
-0.48 -0.96 0.32452 
-0.48 -0.88 0.675322 
-0.48 -0.8 1.39973 
-0.48 -0.72 2.87783 
-0.48 -0.64 5.82227 
-0.48 -0.56 11.4187 
-0.48 -0.48 21.1695 
-0.48 -0.4 35.8451 
-0.48 -0.32 53.7107 
-0.48 -0.24 70.6165 
-0.48 -0.16 83.2177 
-0.48 -0.08 91.0517 
-0.48 6.93889e-16 95.3955 
-0.48 0.08 97.6591 
-0.48 0.16 98.8054 
-0.48 0.24 99.3807 
-0.48 0.32 99.6702 
-0.48 0.4 99.8175 
-0.48 0.48 99.8937 
-0.48 0.56 99.9339 
-0.48 0.64 99.9555 
-0.48 0.72 99.9673 
-0.48 0.8 99.9736 
-0.48 0.88 99.9769 
-0.48 0.96 99.9784 
-0.48 1.04 99.979 
-0.48 1.12 99.9791 
-0.48 1.2 99.9788 
-0.48 1.28 99.9781 
-0.48 1.36 99.9773 
-0.48 1.44 99.9768 
-0.48 1.52 99.9765 
-0.48 1.6 99.9765 
-0.48 1.68 99.9764 
-0.48 1.76 99.9764 
-0.48 1.84 99.9764 
-0.48 1.92 99.9764 
-0.48 2 99.9764 
-0.48 2.08 99.9764 
-0.4 -2 3.2591e-05 
-0.4 -1.92 6.80921e-05 
-0.4 -1.84 0.000142264 
-0.4 -1.76 0.000297228 
-0.4 -1.68 0.000620988 
-0.4 -1.6 0.0012974 
-0.4 -1.52 0.00271054 
-0.4 -1.44 0.00566276 
-0.4 -1.36 0.0118299 
-0.4 -1.28 0.0247111 
-0.4 -1.2 0.0516095 
-0.4 -1.12 0.10775 
-0.4 -1.04 0.224809 
-0.4 -0.96 0.468397 
-0.4 -0.88 0.973209 
-0.4 -0.8 2.01068 
-0.4 -0.72 4.10709 
-0.4 -0.64 8.203 
-0.4 -0.56 15.7061 
-0.4 -0.48 27.9624 
-0.4 -0.4 44.6782 
-0.4 -0.32 62.6473 
-0.4 -0.24 77.6476 
-0.4 -0.16 87.7563 
-0.4 -0.08 93.6338 
-0.4 6.93889e-16 96.7686 
-0.4 0.08 98.3687 
-0.4 0.16 99.1705 
-0.4 0.24 99.5707 
-0.4 0.32 99.7716 
-0.4 0.4 99.8737 
-0.4 0.48 99.9264 
-0.4 0.56 99.9543 
-0.4 0.64 99.9692 
-0.4 0.72 99.9774 
-0.4 0.8 99.9817 
-0.4 0.88 99.984 
-0.4 0.96 99.985 
-0.4 1.04 99.9855 
-0.4 1.12 99.9855 
-0.4 1.2 99.9853 
-0.4 1.28 99.9848 
-0.4 1.36 99.9843 
-0.4 1.44 99.984 
-0.4 1.52 99.9838 
-0.4 1.6 99.9837 
-0.4 1.68 99.9837 
-0.4 1.76 99.9837 
-0.4 1.84 99.9837 
-0.4 1.92 99.9837 
-0.4 2 99.9837 
-0.4 2.08 99.9837 
-0.32 -2 4.71084e-05 
-0.32 -1.92 9.84229e-05 
-0.32 -1.84 0.000205633 
-0.32 -1.76 0.000429625 
-0.32 -1.68 0.000897598 
-0.32 -1.6 0.0018753 
-0.32 -1.52 0.00391788 
-0.32 -1.44 0.00818498 
-0.32 -1.36 0.0170985 
-0.32 -1.28 0.0357145 
-0.32 -1.2 0.0745812 
-0.32 -1.12 0.155672 
-0.32 -1.04 0.324623 
-0.32 -0.96 0.67563 
-0.32 -0.88 1.40064 
-0.32 -0.8 2.88052 
-0.32 -0.72 5.82989 
-0.32 -0.64 11.439 
-0.32 -0.56 21.2178 
-0.32 -0.48 35.9413 
-0.32 -0.4 53.8606 
-0.32 -0.32 70.7966 
-0.32 -0.24 83.3919 
-0.32 -0.16 91.1973 
-0.32 -0.08 95.5075 
-0.32 6.93889e-16 97.7419 
-0.32 0.08 98.8657 
-0.32 0.16 99.4246 
-0.32 0.24 99.7026 
-0.32 0.32 99.8419 
-0.32 0.4 99.9126 
-0.32 0.48 99.9491 
-0.32 0.56 99.9684 
-0.32 0.64 99.9787 
-0.32 0.72 99.9843 
-0.32 0.8 99.9874 
-0.32 0.88 99.9889 
-0.32 0.96 99.9897 
-0.32 1.04 99.99 
-0.32 1.12 99.99 
-0.32 1.2 99.9898 
-0.32 1.28 99.9895 
-0.32 1.36 99.9892 
-0.32 1.44 99.9889 
-0.32 1.52 99.9888 
-0.32 1.6 99.9887 
-0.32 1.68 99.9887 
-0.32 1.76 99.9887 
-0.32 1.84 99.9887 
-0.32 1.92 99.9887 
-0.32 2 99.9887 
-0.32 2.08 99.9887 
-0.24 -2 6.80923e-05 
-0.24 -1.92 0.000142264 
-0.24 -1.84 0.00029723 
-0.24 -1.76 0.000620995 
-0.24 -1.68 0.00129742 
-0.24 -1.6 0.00271061 
-0.24 -1.52 0.00566296 
-0.24 -1.44 0.0118305 
-0.24 -1.36 0.0247129 
-0.24 -1.28 0.0516149 
-0.24 -1.2 0.107767 
-0.24 -1.12 0.224859 
-0.24 -1.04 0.468546 
-0.24 -0.96 0.973653 
-0.24 -0.88 2.01199 
-0.24 -0.8 4.11087 
-0.24 -0.72 8.21346 
-0.24 -0.64 15.7327 
-0.24 -0.56 28.0208 
-0.24 -0.48 44.7816 
-0.24 -0.4 62.7883 
-0.24 -0.32 77.7981 
-0.24 -0.24 87.8902 
-0.24 -0.16 93.7402 
-0.24 -0.08 96.8483 
-0.24 6.93889e-16 98.4268 
-0.24 0.08 99.2125 
-0.24 0.16 99.6012 
-0.24 0.24 99.7941 
-0.24 0.32 99.8906 
-0.24 0.4 99.9395 
-0.24 0.48 99.9648 
-0.24 0.56 99.9781 
-0.24 0.64 99.9853 
-0.24 0.72 99.9892 
-0.24 0.8 99.9913 
-0.24 0.88 99.9923 
-0.24 0.96 99.9928 
-0.24 1.04 99.993 
-0.24 1.12 99.9931 
-0.24 1.2 99.993 
-0.24 1.28 99.9927 
-0.24 1.36 99.9925 
-0.24 1.44 99.9923 
-0.24 1.52 99.9922 
-0.24 1.6 99.9922 
-0.24 1.68 99.9922 
-0.24 1.76 99.9922 
-0.24 1.84 99.9922 
-0.24 1.92 99.9922 
-0.24 2 99.9922 
-0.24 2.08 99.9922 
-0.16 -2 9.84233e-05 
-0.16 -1.92 0.000205634 
-0.16 -1.84 0.000429628 
-0.16 -1.76 0.000897609 
-0.16 -1.68 0.00187533 
-0.16 -1.6 0.00391797 
-0.16 -1.52 0.00818526 
-0.16 -1.44 0.0170993 
-0.16 -1.36 0.0357171 
-0.16 -1.28 0.0745891 
-0.16 -1.2 0.155696 
-0.16 -1.12 0.324694 
-0.16 -1.04 0.675844 
-0.16 -0.96 1.40128 
-0.16 -0.88 2.88238 
-0.16 -0.8 5.83517 
-0.16 -0.72 11.453 
-0.16 -0.64 21.2514 
-0.16 -0.56 36.008 
-0.16 -0.48 53.9645 
-0.16 -0.4 70.9212 
-0.16 -0.32 83.512 
-0.16 -0.24 91.2973 
-0.16 -0.16 95.5841 
-0.16 -0.08 97.7982 
-0.16 6.93889e-16 98.9063 
-0.16 0.08 99.4539 
-0.16 0.16 99.7238 
-0.16 0.24 99.8574 
-0.16 0.32 99.9243 
-0.16 0.4 99.9581 
-0.16 0.48 99.9756 
-0.16 0.56 99.9849 
-0.16 0.64 99.9898 
-0.16 0.72 99.9925 
-0.16 0.8 99.994 
-0.16 0.88 99.9947 
-0.16 0.96 99.995 
-0.16 1.04 99.9952 
-0.16 1.12 99.9952 
-0.16 1.2 99.9951 
-0.16 1.28 99.995 
-0.16 1.36 99.9948 
-0.16 1.44 99.9947 
-0.16 1.52 99.9946 
-0.16 1.6 99.9946 
-0.16 1.68 99.9946 
-0.16 1.76 99.9946 
-0.16 1.84 99.9946 
-0.16 1.92 99.9946 
-0.16 2 99.9946 
-0.16 2.08 99.9946 
-0.08 -2 0.000142265 
-0.08 -1.92 0.000297232 
-0.08 -1.84 0.000621 
-0.08 -1.76 0.00129743 
-0.08 -1.68 0.00271065 
-0.08 -1.6 0.0056631 
-0.08 -1.52 0.0118309 
-0.08 -1.44 0.0247141 
-0.08 -1.36 0.0516187 
-0.08 -1.28 0.107778 
-0.08 -1.2 0.224893 
-0.08 -1.12 0.468649 
-0.08 -1.04 0.97396 
-0.08 -0.96 2.0129 
-0.08 -0.88 4.1135 
-0.08 -0.8 8.22071 
-0.08 -0.72 15.7511 
-0.08 -0.64 28.0613 
-0.08 -0.56 44.8532 
-0.08 -0.48 62.8859 
-0.08 -0.4 77.9021 
-0.08 -0.32 87.9824 
-0.08 -0.24 93.8133 
-0.08 -0.16 96.9028 
-0.08 -0.08 98.4663 
-0.08 6.93889e-16 99.2408 
-0.08 0.08 99.6215 
-0.08 0.16 99.8087 
-0.08 0.24 99.9013 
-0.08 0.32 99.9476 
-0.08 0.4 99.971 
-0.08 0.48 99.9831 
-0.08 0.56 99.9895 
-0.08 0.64 99.9931 
-0.08 0.72 99.995 
-0.08 0.8 99.996 
-0.08 0.88 99.9966 
-0.08 0.96 99.997 
-0.08 1.04 99.9973 
-0.08 1.12 99.9975 
-0.08 1.2 99.9976 
-0.08 1.28 99.9977 
-0.08 1.36 99.9977 
-0.08 1.44 99.9977 
-0.08 1.52 99.9977 
-0.08 1.6 99.9977 
-0.08 1.68 99.9977 
-0.08 1.76 99.9977 
-0.08 1.84 99.9977 
-0.08 1.92 99.9977 
-0.08 2 99.9977 
-0.08 2.08 99.9977 
2.47025e-15 -2 0.000205635 
2.47025e-15 -1.92 0.00042963 
2.47025e-15 -1.84 0.000897616 
2.47025e-15 -1.76 0.00187535 
2.47025e-15 -1.68 0.00391804 
2.47025e-15 -1.6 0.00818546 
2.47025e-15 -1.52 0.0170999 
2.47025e-15 -1.44 0.0357189 
2.47025e-15 -1.36 0.0745945 
2.47025e-15 -1.28 0.155712 
2.47025e-15 -1.2 0.324744 
2.47025e-15 -1.12 0.675992 
2.47025e-15 -1.04 1.40172 
2.47025e-15 -0.96 2.88367 
2.47025e-15 -0.88 5.83882 
2.47025e-15 -0.8 11.4628 
2.47025e-15 -0.72 21.2746 
2.47025e-15 -0.64 36.0542 
2.47025e-15 -0.56 54.0364 
2.47025e-15 -0.48 71.0073 
2.47025e-15 -0.4 83.5949 
2.47025e-15 -0.32 91.3661 
2.47025e-15 -0.24 95.6366 
2.47025e-15 -0.16 97.8366 
2.47025e-15 -0.08 98.9339 
2.47025e-15 6.93889e-16 99.4735 
2.47025e-15 0.08 99.7379 
2.47025e-15 0.16 99.8676 
2.47025e-15 0.24 99.9317 
2.47025e-15 0.32 99.9637 
2.47025e-15 0.4 99.98 
2.47025e-15 0.48 99.9883 
2.47025e-15 0.56 99.9928 
2.47025e-15 0.64 99.9952 
2.47025e-15 0.72 99.9965 
2.47025e-15 0.8 99.9973 
2.47025e-15 0.88 99.9977 
2.47025e-15 0.96 99.9979 
2.47025e-15 1.04 99.9981 
2.47025e-15 1.12 99.9983 
2.47025e-15 1.2 99.9984 
2.47025e-15 1.28 99.9984 
2.47025e-15 1.36 99.9984 
2.47025e-15 1.44 99.9984 
2.47025e-15 1.52 99.9984 
2.47025e-15 1.6 99.9984 
2.47025e-15 1.68 99.9984 
2.47025e-15 1.76 99.9984 
2.47025e-15 1.84 99.9984 
2.47025e-15 1.92 99.9984 
2.47025e-15 2 99.9984 
2.47025e-15 2.08 99.9984 
0.08 -2 0.000297233 
0.08 -1.92 0.000621004 
0.08 -1.84 0.00129744 
0.08 -1.76 0.00271069 
0.08 -1.68 0.00566319 
0.08 -1.6 0.0118312 
0.08 -1.52 0.024715 
0.08 -1.44 0.0516213 
0.08 -1.36 0.107786 
0.08 -1.28 0.224917 
0.08 -1.2 0.46872 
0.08 -1.12 0.974172 
0.08 -1.04 2.01353 
0.08 -0.96 4.11531 
0.08 -0.88 8.22573 
0.08 -0.8 15.7639 
0.08 -0.72 28.0893 
0.08 -0.64 44.9028 
0.08 -0.56 62.9535 
0.08 -0.48 77.974 
0.08 -0.4 88.0461 
0.08 -0.32 93.8635 
0.08 -0.24 96.9401 
0.08 -0.16 98.4932 
0.08 -0.08 99.26 
0.08 6.93889e-16 99.6352 
0.08 0.08 99.8185 
0.08 0.16 99.9084 
0.08 0.24 99.9527 
0.08 0.32 99.9749 
0.08 0.4 99.9861 
0.08 0.48 99.992 
0.08 0.56 99.9951 
0.08 0.64 99.9967 
0.08 0.72 99.9976 
0.08 0.8 99.9981 
0.08 0.88 99.9984 
0.08 0.96 99.9986 
0.08 1.04 99.9987 
0.08 1.12 99.9988 
0.08 1.2 99.9989 
0.08 1.28 99.9989 
0.08 1.36 99.9989 
0.08 1.44 99.9989 
0.08 1.52 99.9989 
0.08 1.6 99.9989 
0.08 1.68 99.9989 
0.08 1.76 99.9989 
0.08 1.84 99.9989 
0.08 1.92 99.9989 
0.08 2 99.9989 
0.08 2.08 99.9989 
