-4 -2 69.9058 
-4 -1.92 69.9058 
-4 -1.84 69.9058 
-4 -1.76 69.9058 
-4 -1.68 69.9058 
-4 -1.6 69.9057 
-4 -1.52 69.9057 
-4 -1.44 69.9056 
-4 -1.36 69.9055 
-4 -1.28 69.9053 
-4 -1.2 69.9051 
-4 -1.12 69.9048 
-4 -1.04 69.9044 
-4 -0.96 69.9037 
-4 -0.88 69.9027 
-4 -0.8 69.9014 
-4 -0.72 69.8994 
-4 -0.64 69.8965 
-4 -0.56 69.8924 
-4 -0.48 69.8864 
-4 -0.4 69.8778 
-4 -0.32 69.8654 
-4 -0.24 69.8476 
-4 -0.16 69.8221 
-4 -0.08 69.7857 
-4 6.93889e-16 69.7339 
-4 0.08 69.6608 
-4 0.16 69.559 
-4 0.24 69.419 
-4 0.32 69.2306 
-4 0.4 68.9844 
-4 0.48 68.6753 
-4 0.56 68.3072 
-4 0.64 67.898 
-4 0.72 67.4802 
-4 0.8 67.0943 
-4 0.88 66.7746 
-4 0.96 66.5384 
-4 1.04 66.3878 
-4 1.12 66.3193 
-4 1.2 66.3227 
-4 1.28 66.3727 
-4 1.36 66.4332 
-4 1.44 66.4777 
-4 1.52 66.5002 
-4 1.6 66.5081 
-4 1.68 66.5099 
-4 1.76 66.5102 
-4 1.84 66.5102 
-4 1.92 66.5102 
-3.92 -2 69.9058 
-3.92 -1.92 69.9058 
-3.92 -1.84 69.9058 
-3.92 -1.76 69.9058 
-3.92 -1.68 69.9057 
-3.92 -1.6 69.9057 
-3.92 -1.52 69.9056 
-3.92 -1.44 69.9056 
-3.92 -1.36 69.9054 
-3.92 -1.28 69.9052 
-3.92 -1.2 69.905 
-3.92 -1.12 69.9046 
-3.92 -1.04 69.9041 
-3.92 -0.96 69.9033 
-3.92 -0.88 69.9021 
-3.92 -0.8 69.9005 
-3.92 -0.72 69.8981 
-3.92 -0.64 69.8946 
-3.92 -0.56 69.8897 
-3.92 -0.48 69.8825 
-3.92 -0.4 69.8721 
-3.92 -0.32 69.8572 
-3.92 -0.24 69.8358 
-3.92 -0.16 69.8052 
-3.92 -0.08 69.7613 
-3.92 6.93889e-16 69.6991 
-3.92 0.08 69.6113 
-3.92 0.16 69.4888 
-3.92 0.24 69.3205 
-3.92 0.32 69.0941 
-3.92 0.4 68.7981 
-3.92 0.48 68.4265 
-3.92 0.56 67.9839 
-3.92 0.64 67.4917 
-3.92 0.72 66.989 
-3.92 0.8 66.5244 
-3.92 0.88 66.1391 
-3.92 0.96 65.8542 
-3.92 1.04 65.6724 
-3.92 1.12 65.5896 
-3.92 1.2 65.5936 
-3.92 1.28 65.6538 
-3.92 1.36 65.7267 
-3.92 1.44 65.7802 
-3.92 1.52 65.8073 
-3.92 1.6 65.8169 
-3.92 1.68 65.8191 
-3.92 1.76 65.8194 
-3.92 1.84 65.8194 
-3.92 1.92 65.8194 
-3.84 -2 69.9058 
-3.84 -1.92 69.9058 
-3.84 -1.84 69.9058 
-3.84 -1.76 69.9058 
-3.84 -1.68 69.9057 
-3.84 -1.6 69.9057 
-3.84 -1.52 69.9056 
-3.84 -1.44 69.9055 
-3.84 -1.36 69.9053 
-3.84 -1.28 69.9051 
-3.84 -1.2 69.9048 
-3.84 -1.12 69.9044 
-3.84 -1.04 69.9037 
-3.84 -0.96 69.9027 
-3.84 -0.88 69.9014 
-3.84 -0.8 69.8994 
-3.84 -0.72 69.8965 
-3.84 -0.64 69.8924 
-3.84 -0.56 69.8864 
-3.84 -0.48 69.8778 
-3.84 -0.4 69.8653 
-3.84 -0.32 69.8474 
-3.84 -0.24 69.8217 
-3.84 -0.16 69.7848 
-3.84 -0.08 69.7321 
-3.84 6.93889e-16 69.6573 
-3.84 0.08 69.5517 
-3.84 0.16 69.4045 
-3.84 0.24 69.2022 
-3.84 0.32 68.9299 
-3.84 0.4 68.5742 
-3.84 0.48 68.1274 
-3.84 0.56 67.5953 
-3.84 0.64 67.0034 
-3.84 0.72 66.3986 
-3.84 0.8 65.8391 
-3.84 0.88 65.3747 
-3.84 0.96 65.0308 
-3.84 1.04 64.8112 
-3.84 1.12 64.7111 
-3.84 1.2 64.7157 
-3.84 1.28 64.7881 
-3.84 1.36 64.8759 
-3.84 1.44 64.9404 
-3.84 1.52 64.973 
-3.84 1.6 64.9845 
-3.84 1.68 64.9872 
-3.84 1.76 64.9876 
-3.84 1.84 64.9876 
-3.84 1.92 64.9876 
-3.76 -2 69.9058 
-3.76 -1.92 69.9058 
-3.76 -1.84 69.9058 
-3.76 -1.76 69.9057 
-3.76 -1.68 69.9057 
-3.76 -1.6 69.9056 
-3.76 -1.52 69.9056 
-3.76 -1.44 69.9054 
-3.76 -1.36 69.9052 
-3.76 -1.28 69.905 
-3.76 -1.2 69.9046 
-3.76 -1.12 69.9041 
-3.76 -1.04 69.9033 
-3.76 -0.96 69.9021 
-3.76 -0.88 69.9005 
-3.76 -0.8 69.8981 
-3.76 -0.72 69.8946 
-3.76 -0.64 69.8896 
-3.76 -0.56 69.8825 
-3.76 -0.48 69.8721 
-3.76 -0.4 69.8571 
-3.76 -0.32 69.8356 
-3.76 -0.24 69.8047 
-3.76 -0.16 69.7603 
-3.76 -0.08 69.697 
-3.76 6.93889e-16 69.607 
-3.76 0.08 69.4801 
-3.76 0.16 69.3031 
-3.76 0.24 69.0599 
-3.76 0.32 68.7327 
-3.76 0.4 68.3051 
-3.76 0.48 67.768 
-3.76 0.56 67.1283 
-3.76 0.64 66.4166 
-3.76 0.72 65.6889 
-3.76 0.8 65.0151 
-3.76 0.88 64.4552 
-3.76 0.96 64.04 
-3.76 1.04 63.7746 
-3.76 1.12 63.6534 
-3.76 1.2 63.6587 
-3.76 1.28 63.7459 
-3.76 1.36 63.8515 
-3.76 1.44 63.9292 
-3.76 1.52 63.9685 
-3.76 1.6 63.9824 
-3.76 1.68 63.9856 
-3.76 1.76 63.986 
-3.76 1.84 63.986 
-3.76 1.92 63.986 
-3.68 -2 69.9058 
-3.68 -1.92 69.9058 
-3.68 -1.84 69.9058 
-3.68 -1.76 69.9057 
-3.68 -1.68 69.9057 
-3.68 -1.6 69.9056 
-3.68 -1.52 69.9055 
-3.68 -1.44 69.9053 
-3.68 -1.36 69.9051 
-3.68 -1.28 69.9048 
-3.68 -1.2 69.9044 
-3.68 -1.12 69.9037 
-3.68 -1.04 69.9027 
-3.68 -0.96 69.9014 
-3.68 -0.88 69.8994 
-3.68 -0.8 69.8965 
-3.68 -0.72 69.8924 
-3.68 -0.64 69.8864 
-3.68 -0.56 69.8777 
-3.68 -0.48 69.8653 
-3.68 -0.4 69.8473 
-3.68 -0.32 69.8214 
-3.68 -0.24 69.7842 
-3.68 -0.16 69.7309 
-3.68 -0.08 69.6548 
-3.68 6.93889e-16 69.5466 
-3.68 0.08 69.3941 
-3.68 0.16 69.1813 
-3.68 0.24 68.8889 
-3.68 0.32 68.4956 
-3.68 0.4 67.9816 
-3.68 0.48 67.3362 
-3.68 0.56 66.5673 
-3.68 0.64 65.7115 
-3.68 0.72 64.8362 
-3.68 0.8 64.0249 
-3.68 0.88 63.3497 
-3.68 0.96 62.8482 
-3.68 1.04 62.5272 
-3.68 1.12 62.3805 
-3.68 1.2 62.3865 
-3.68 1.28 62.4913 
-3.68 1.36 62.6185 
-3.68 1.44 62.7119 
-3.68 1.52 62.7593 
-3.68 1.6 62.776 
-3.68 1.68 62.7798 
-3.68 1.76 62.7803 
-3.68 1.84 62.7804 
-3.68 1.92 62.7804 
-3.6 -2 69.9058 
-3.6 -1.92 69.9058 
-3.6 -1.84 69.9057 
-3.6 -1.76 69.9057 
-3.6 -1.68 69.9056 
-3.6 -1.6 69.9056 
-3.6 -1.52 69.9054 
-3.6 -1.44 69.9052 
-3.6 -1.36 69.905 
-3.6 -1.28 69.9046 
-3.6 -1.2 69.9041 
-3.6 -1.12 69.9033 
-3.6 -1.04 69.9021 
-3.6 -0.96 69.9005 
-3.6 -0.88 69.8981 
-3.6 -0.8 69.8946 
-3.6 -0.72 69.8896 
-3.6 -0.64 69.8824 
-3.6 -0.56 69.872 
-3.6 -0.48 69.8571 
-3.6 -0.4 69.8354 
-3.6 -0.32 69.8043 
-3.6 -0.24 69.7596 
-3.6 -0.16 69.6955 
-3.6 -0.08 69.604 
-3.6 6.93889e-16 69.474 
-3.6 0.08 69.2906 
-3.6 0.16 69.0348 
-3.6 0.24 68.6834 
-3.6 0.32 68.2107 
-3.6 0.4 67.593 
-3.6 0.48 66.8174 
-3.6 0.56 65.8934 
-3.6 0.64 64.865 
-3.6 0.72 63.8124 
-3.6 0.8 62.8358 
-3.6 0.88 62.0215 
-3.6 0.96 61.4157 
-3.6 1.04 61.0273 
-3.6 1.12 60.8494 
-3.6 1.2 60.8562 
-3.6 1.28 60.982 
-3.6 1.36 61.135 
-3.6 1.44 61.2474 
-3.6 1.52 61.3044 
-3.6 1.6 61.3245 
-3.6 1.68 61.3291 
-3.6 1.76 61.3297 
-3.6 1.84 61.3298 
-3.6 1.92 61.3298 
-3.52 -2 69.9058 
-3.52 -1.92 69.9058 
-3.52 -1.84 69.9057 
-3.52 -1.76 69.9057 
-3.52 -1.68 69.9056 
-3.52 -1.6 69.9055 
-3.52 -1.52 69.9053 
-3.52 -1.44 69.9051 
-3.52 -1.36 69.9048 
-3.52 -1.28 69.9044 
-3.52 -1.2 69.9037 
-3.52 -1.12 69.9027 
-3.52 -1.04 69.9014 
-3.52 -0.96 69.8994 
-3.52 -0.88 69.8965 
-3.52 -0.8 69.8924 
-3.52 -0.72 69.8864 
-3.52 -0.64 69.8777 
-3.52 -0.56 69.8652 
-3.52 -0.48 69.8472 
-3.52 -0.4 69.8212 
-3.52 -0.32 69.7838 
-3.52 -0.24 69.73 
-3.52 -0.16 69.653 
-3.52 -0.08 69.543 
-3.52 6.93889e-16 69.3866 
-3.52 0.08 69.1662 
-3.52 0.16 68.8588 
-3.52 0.24 68.4365 
-3.52 0.32 67.8683 
-3.52 0.4 67.1262 
-3.52 0.48 66.1945 
-3.52 0.56 65.0847 
-3.52 0.64 63.8493 
-3.52 0.72 62.5844 
-3.52 0.8 61.4094 
-3.52 0.88 60.4279 
-3.52 0.96 59.6959 
-3.52 1.04 59.2259 
-3.52 1.12 59.0101 
-3.52 1.2 59.0173 
-3.52 1.28 59.1683 
-3.52 1.36 59.352 
-3.52 1.44 59.4871 
-3.52 1.52 59.5555 
-3.52 1.6 59.5797 
-3.52 1.68 59.5852 
-3.52 1.76 59.586 
-3.52 1.84 59.586 
-3.52 1.92 59.586 
-3.44 -2 69.9058 
-3.44 -1.92 69.9057 
-3.44 -1.84 69.9057 
-3.44 -1.76 69.9056 
-3.44 -1.68 69.9056 
-3.44 -1.6 69.9054 
-3.44 -1.52 69.9052 
-3.44 -1.44 69.905 
-3.44 -1.36 69.9046 
-3.44 -1.28 69.9041 
-3.44 -1.2 69.9033 
-3.44 -1.12 69.9021 
-3.44 -1.04 69.9005 
-3.44 -0.96 69.8981 
-3.44 -0.88 69.8946 
-3.44 -0.8 69.8896 
-3.44 -0.72 69.8824 
-3.44 -0.64 69.872 
-3.44 -0.56 69.857 
-3.44 -0.48 69.8353 
-3.44 -0.4 69.8041 
-3.44 -0.32 69.7591 
-3.44 -0.24 69.6945 
-3.44 -0.16 69.6019 
-3.44 -0.08 69.4696 
-3.44 6.93889e-16 69.2817 
-3.44 0.08 69.0167 
-3.44 0.16 68.6473 
-3.44 0.24 68.1397 
-3.44 0.32 67.4571 
-3.44 0.4 66.5657 
-3.44 0.48 65.4469 
-3.44 0.56 64.1147 
-3.44 0.64 62.6321 
-3.44 0.72 61.1136 
-3.44 0.8 59.7014 
-3.44 0.88 58.5192 
-3.44 0.96 57.6352 
-3.44 1.04 57.0663 
-3.44 1.12 56.8045 
-3.44 1.2 56.8119 
-3.44 1.28 56.9925 
-3.44 1.36 57.2127 
-3.44 1.44 57.3747 
-3.44 1.52 57.4568 
-3.44 1.6 57.4857 
-3.44 1.68 57.4924 
-3.44 1.76 57.4933 
-3.44 1.84 57.4934 
-3.44 1.92 57.4934 
-3.36 -2 69.9058 
-3.36 -1.92 69.9057 
-3.36 -1.84 69.9057 
-3.36 -1.76 69.9056 
-3.36 -1.68 69.9055 
-3.36 -1.6 69.9053 
-3.36 -1.52 69.9051 
-3.36 -1.44 69.9048 
-3.36 -1.36 69.9044 
-3.36 -1.28 69.9037 
-3.36 -1.2 69.9027 
-3.36 -1.12 69.9014 
-3.36 -1.04 69.8994 
-3.36 -0.96 69.8965 
-3.36 -0.88 69.8924 
-3.36 -0.8 69.8864 
-3.36 -0.72 69.8777 
-3.36 -0.64 69.8652 
-3.36 -0.56 69.8471 
-3.36 -0.48 69.8211 
-3.36 -0.4 69.7835 
-3.36 -0.32 69.7295 
-3.36 -0.24 69.6518 
-3.36 -0.16 69.5404 
-3.36 -0.08 69.3814 
-3.36 6.93889e-16 69.1555 
-3.36 0.08 68.8371 
-3.36 0.16 68.393 
-3.36 0.24 67.7832 
-3.36 0.32 66.9632 
-3.36 0.4 65.8929 
-3.36 0.48 64.5504 
-3.36 0.56 62.953 
-3.36 0.64 61.1761 
-3.36 0.72 59.3562 
-3.36 0.8 57.6619 
-3.36 0.88 56.2401 
-3.36 0.96 55.1736 
-3.36 1.04 54.4855 
-3.36 1.12 54.1679 
-3.36 1.2 54.1747 
-3.36 1.28 54.3899 
-3.36 1.36 54.6529 
-3.36 1.44 54.8465 
-3.36 1.52 54.9446 
-3.36 1.6 54.9792 
-3.36 1.68 54.9872 
-3.36 1.76 54.9883 
-3.36 1.84 54.9884 
-3.36 1.92 54.9884 
-3.28 -2 69.9057 
-3.28 -1.92 69.9057 
-3.28 -1.84 69.9056 
-3.28 -1.76 69.9056 
-3.28 -1.68 69.9054 
-3.28 -1.6 69.9052 
-3.28 -1.52 69.905 
-3.28 -1.44 69.9046 
-3.28 -1.36 69.9041 
-3.28 -1.28 69.9033 
-3.28 -1.2 69.9021 
-3.28 -1.12 69.9005 
-3.28 -1.04 69.8981 
-3.28 -0.96 69.8946 
-3.28 -0.88 69.8896 
-3.28 -0.8 69.8824 
-3.28 -0.72 69.872 
-3.28 -0.64 69.857 
-3.28 -0.56 69.8352 
-3.28 -0.48 69.8039 
-3.28 -0.4 69.7588 
-3.28 -0.32 69.6938 
-3.28 -0.24 69.6004 
-3.28 -0.16 69.4665 
-3.28 -0.08 69.2754 
-3.28 6.93889e-16 69.0038 
-3.28 0.08 68.6212 
-3.28 0.16 68.0876 
-3.28 0.24 67.3549 
-3.28 0.32 66.3704 
-3.28 0.4 65.0861 
-3.28 0.48 63.4768 
-3.28 0.56 61.5641 
-3.28 0.64 59.4389 
-3.28 0.72 57.2634 
-3.28 0.8 55.2363 
-3.28 0.88 53.5307 
-3.28 0.96 52.2468 
-3.28 1.04 51.4158 
-3.28 1.12 51.0307 
-3.28 1.2 51.0358 
-3.28 1.28 51.2906 
-3.28 1.36 51.6031 
-3.28 1.44 51.8332 
-3.28 1.52 51.95 
-3.28 1.6 51.9912 
-3.28 1.68 52.0007 
-3.28 1.76 52.002 
-3.28 1.84 52.0021 
-3.28 1.92 52.0021 
-3.2 -2 69.9057 
-3.2 -1.92 69.9057 
-3.2 -1.84 69.9056 
-3.2 -1.76 69.9055 
-3.2 -1.68 69.9053 
-3.2 -1.6 69.9051 
-3.2 -1.52 69.9048 
-3.2 -1.44 69.9044 
-3.2 -1.36 69.9037 
-3.2 -1.28 69.9027 
-3.2 -1.2 69.9014 
-3.2 -1.12 69.8994 
-3.2 -1.04 69.8965 
-3.2 -0.96 69.8924 
-3.2 -0.88 69.8864 
-3.2 -0.8 69.8777 
-3.2 -0.72 69.8652 
-3.2 -0.64 69.8471 
-3.2 -0.56 69.821 
-3.2 -0.48 69.7833 
-3.2 -0.4 69.729 
-3.2 -0.32 69.6509 
-3.2 -0.24 69.5386 
-3.2 -0.16 69.3777 
-3.2 -0.08 69.1479 
-3.2 6.93889e-16 68.8216 
-3.2 0.08 68.3617 
-3.2 0.16 67.7206 
-3.2 0.24 66.8408 
-3.2 0.32 65.6593 
-3.2 0.4 64.1196 
-3.2 0.48 62.1932 
-3.2 0.56 59.908 
-3.2 0.64 57.3743 
-3.2 0.72 54.7839 
-3.2 0.8 52.369 
-3.2 0.88 50.3314 
-3.2 0.96 48.7911 
-3.2 1.04 47.7905 
-3.2 1.12 47.3246 
-3.2 1.2 47.3257 
-3.2 1.28 47.6247 
-3.2 1.36 47.993 
-3.2 1.44 48.2646 
-3.2 1.52 48.4025 
-3.2 1.6 48.4512 
-3.2 1.68 48.4624 
-3.2 1.76 48.4639 
-3.2 1.84 48.464 
-3.2 1.92 48.464 
-3.12 -2 69.9057 
-3.12 -1.92 69.9056 
-3.12 -1.84 69.9056 
-3.12 -1.76 69.9054 
-3.12 -1.68 69.9052 
-3.12 -1.6 69.905 
-3.12 -1.52 69.9046 
-3.12 -1.44 69.9041 
-3.12 -1.36 69.9033 
-3.12 -1.28 69.9021 
-3.12 -1.2 69.9005 
-3.12 -1.12 69.8981 
-3.12 -1.04 69.8946 
-3.12 -0.96 69.8896 
-3.12 -0.88 69.8824 
-3.12 -0.8 69.872 
-3.12 -0.72 69.8569 
-3.12 -0.64 69.8352 
-3.12 -0.56 69.8038 
-3.12 -0.48 69.7585 
-3.12 -0.4 69.6933 
-3.12 -0.32 69.5993 
-3.12 -0.24 69.4644 
-3.12 -0.16 69.2709 
-3.12 -0.08 68.9947 
-3.12 6.93889e-16 68.6025 
-3.12 0.08 68.0499 
-3.12 0.16 67.28 
-3.12 0.24 66.2238 
-3.12 0.32 64.807 
-3.12 0.4 62.9636 
-3.12 0.48 60.6624 
-3.12 0.56 57.9413 
-3.12 0.64 54.9343 
-3.12 0.72 51.8679 
-3.12 0.8 49.0098 
-3.12 0.88 46.591 
-3.12 0.96 44.7534 
-3.12 1.04 43.5545 
-3.12 1.12 42.9928 
-3.12 1.2 42.9864 
-3.12 1.28 43.3326 
-3.12 1.36 43.7614 
-3.12 1.44 44.0783 
-3.12 1.52 44.2394 
-3.12 1.6 44.2963 
-3.12 1.68 44.3095 
-3.12 1.76 44.3113 
-3.12 1.84 44.3114 
-3.12 1.92 44.3114 
-3.04 -2 69.9057 
-3.04 -1.92 69.9056 
-3.04 -1.84 69.9055 
-3.04 -1.76 69.9053 
-3.04 -1.68 69.9051 
-3.04 -1.6 69.9048 
-3.04 -1.52 69.9044 
-3.04 -1.44 69.9037 
-3.04 -1.36 69.9027 
-3.04 -1.28 69.9014 
-3.04 -1.2 69.8994 
-3.04 -1.12 69.8965 
-3.04 -1.04 69.8924 
-3.04 -0.96 69.8863 
-3.04 -0.88 69.8777 
-3.04 -0.8 69.8651 
-3.04 -0.72 69.847 
-3.04 -0.64 69.8209 
-3.04 -0.56 69.7832 
-3.04 -0.48 69.7287 
-3.04 -0.4 69.6503 
-3.04 -0.32 69.5374 
-3.04 -0.24 69.3751 
-3.04 -0.16 69.1426 
-3.04 -0.08 68.8106 
-3.04 6.93889e-16 68.3393 
-3.04 0.08 67.6755 
-3.04 0.16 66.751 
-3.04 0.24 65.484 
-3.04 0.32 63.7868 
-3.04 0.4 61.5838 
-3.04 0.48 58.8436 
-3.04 0.56 55.6187 
-3.04 0.64 52.0742 
-3.04 0.72 48.4756 
-3.04 0.8 45.1253 
-3.04 0.88 42.2809 
-3.04 0.96 40.1071 
-3.04 1.04 38.6814 
-3.04 1.12 38.0085 
-3.04 1.2 37.9891 
-3.04 1.28 38.3818 
-3.04 1.36 38.8725 
-3.04 1.44 39.2361 
-3.04 1.52 39.4213 
-3.04 1.6 39.4868 
-3.04 1.68 39.502 
-3.04 1.76 39.504 
-3.04 1.84 39.5041 
-3.04 1.92 39.5041 
-2.96 -2 69.9056 
-2.96 -1.92 69.9056 
-2.96 -1.84 69.9054 
-2.96 -1.76 69.9052 
-2.96 -1.68 69.905 
-2.96 -1.6 69.9046 
-2.96 -1.52 69.9041 
-2.96 -1.44 69.9033 
-2.96 -1.36 69.9021 
-2.96 -1.28 69.9005 
-2.96 -1.2 69.8981 
-2.96 -1.12 69.8946 
-2.96 -1.04 69.8896 
-2.96 -0.96 69.8824 
-2.96 -0.88 69.872 
-2.96 -0.8 69.8569 
-2.96 -0.72 69.8352 
-2.96 -0.64 69.8037 
-2.96 -0.56 69.7584 
-2.96 -0.48 69.6929 
-2.96 -0.4 69.5986 
-2.96 -0.32 69.4629 
-2.96 -0.24 69.2678 
-2.96 -0.16 68.9883 
-2.96 -0.08 68.5894 
-2.96 6.93889e-16 68.0232 
-2.96 0.08 67.2259 
-2.96 0.16 66.1163 
-2.96 0.24 64.5978 
-2.96 0.32 62.5679 
-2.96 0.4 59.9424 
-2.96 0.48 56.694 
-2.96 0.56 52.8987 
-2.96 0.64 48.7615 
-2.96 0.72 44.5905 
-2.96 0.8 40.7174 
-2.96 0.88 37.4175 
-2.96 0.96 34.8775 
-2.96 1.04 33.2008 
-2.96 1.12 32.4019 
-2.96 1.2 32.361 
-2.96 1.28 32.7939 
-2.96 1.36 33.3414 
-2.96 1.44 33.7487 
-2.96 1.52 33.9566 
-2.96 1.6 34.0303 
-2.96 1.68 34.0474 
-2.96 1.76 34.0497 
-2.96 1.84 34.0498 
-2.96 1.92 34.0498 
-2.88 -2 69.9056 
-2.88 -1.92 69.9055 
-2.88 -1.84 69.9053 
-2.88 -1.76 69.9051 
-2.88 -1.68 69.9048 
-2.88 -1.6 69.9044 
-2.88 -1.52 69.9037 
-2.88 -1.44 69.9027 
-2.88 -1.36 69.9014 
-2.88 -1.28 69.8994 
-2.88 -1.2 69.8965 
-2.88 -1.12 69.8924 
-2.88 -1.04 69.8863 
-2.88 -0.96 69.8777 
-2.88 -0.88 69.8651 
-2.88 -0.8 69.847 
-2.88 -0.72 69.8209 
-2.88 -0.64 69.7831 
-2.88 -0.56 69.7285 
-2.88 -0.48 69.6499 
-2.88 -0.4 69.5365 
-2.88 -0.32 69.3733 
-2.88 -0.24 69.1389 
-2.88 -0.16 68.803 
-2.88 -0.08 68.3236 
-2.88 6.93889e-16 67.6434 
-2.88 0.08 66.6862 
-2.88 0.16 65.3556 
-2.88 0.24 63.5377 
-2.88 0.32 61.1155 
-2.88 0.4 57.9986 
-2.88 0.48 54.1728 
-2.88 0.56 49.7507 
-2.88 0.64 44.9899 
-2.88 0.72 40.2405 
-2.88 0.8 35.8492 
-2.88 0.88 32.0924 
-2.88 0.96 29.1743 
-2.88 1.04 27.2327 
-2.88 1.12 26.2967 
-2.88 1.2 26.2221 
-2.88 1.28 26.6798 
-2.88 1.36 27.269 
-2.88 1.44 27.7098 
-2.88 1.52 27.9357 
-2.88 1.6 28.0159 
-2.88 1.68 28.0345 
-2.88 1.76 28.037 
-2.88 1.84 28.0372 
-2.88 1.92 28.0372 
-2.8 -2 69.9056 
-2.8 -1.92 69.9054 
-2.8 -1.84 69.9052 
-2.8 -1.76 69.905 
-2.8 -1.68 69.9046 
-2.8 -1.6 69.9041 
-2.8 -1.52 69.9033 
-2.8 -1.44 69.9021 
-2.8 -1.36 69.9005 
-2.8 -1.28 69.8981 
-2.8 -1.2 69.8946 
-2.8 -1.12 69.8896 
-2.8 -1.04 69.8824 
-2.8 -0.96 69.872 
-2.8 -0.88 69.8569 
-2.8 -0.8 69.8351 
-2.8 -0.72 69.8037 
-2.8 -0.64 69.7583 
-2.8 -0.56 69.6927 
-2.8 -0.48 69.5981 
-2.8 -0.4 69.4618 
-2.8 -0.32 69.2657 
-2.8 -0.24 68.9839 
-2.8 -0.16 68.5802 
-2.8 -0.08 68.0042 
-2.8 6.93889e-16 67.1874 
-2.8 0.08 66.0389 
-2.8 0.16 64.4446 
-2.8 0.24 62.2724 
-2.8 0.32 59.3912 
-2.8 0.4 55.712 
-2.8 0.48 51.248 
-2.8 0.56 46.1697 
-2.8 0.64 40.8002 
-2.8 0.72 35.5248 
-2.8 0.8 30.6767 
-2.8 0.88 26.5059 
-2.8 0.96 23.2276 
-2.8 1.04 21.024 
-2.8 1.12 19.9461 
-2.8 1.2 19.8219 
-2.8 1.28 20.2773 
-2.8 1.36 20.8801 
-2.8 1.44 21.3347 
-2.8 1.52 21.5689 
-2.8 1.6 21.6524 
-2.8 1.68 21.6718 
-2.8 1.76 21.6744 
-2.8 1.84 21.6746 
-2.8 1.92 21.6746 
-2.72 -2 69.9055 
-2.72 -1.92 69.9053 
-2.72 -1.84 69.9051 
-2.72 -1.76 69.9048 
-2.72 -1.68 69.9044 
-2.72 -1.6 69.9037 
-2.72 -1.52 69.9027 
-2.72 -1.44 69.9014 
-2.72 -1.36 69.8994 
-2.72 -1.28 69.8965 
-2.72 -1.2 69.8923 
-2.72 -1.12 69.8863 
-2.72 -1.04 69.8777 
-2.72 -0.96 69.8651 
-2.72 -0.88 69.847 
-2.72 -0.8 69.8208 
-2.72 -0.72 69.783 
-2.72 -0.64 69.7284 
-2.72 -0.56 69.6496 
-2.72 -0.48 69.5359 
-2.72 -0.4 69.3721 
-2.72 -0.32 69.1363 
-2.72 -0.24 68.7976 
-2.72 -0.16 68.3125 
-2.72 -0.08 67.6207 
-2.72 6.93889e-16 66.6401 
-2.72 0.08 65.2631 
-2.72 0.16 63.3556 
-2.72 0.24 60.7665 
-2.72 0.32 57.3554 
-2.72 0.4 53.0474 
-2.72 0.48 47.9084 
-2.72 0.56 42.1949 
-2.72 0.64 36.3076 
-2.72 0.72 30.6436 
-2.72 0.8 25.4759 
-2.72 0.88 20.9907 
-2.72 0.96 17.4078 
-2.72 1.04 14.968 
-2.72 1.12 13.7528 
-2.72 1.2 13.5603 
-2.72 1.28 13.9745 
-2.72 1.36 14.5486 
-2.72 1.44 14.987 
-2.72 1.52 15.2146 
-2.72 1.6 15.2961 
-2.72 1.68 15.3151 
-2.72 1.76 15.3176 
-2.72 1.84 15.3178 
-2.72 1.92 15.3178 
-2.64 -2 69.9054 
-2.64 -1.92 69.9052 
-2.64 -1.84 69.905 
-2.64 -1.76 69.9046 
-2.64 -1.68 69.9041 
-2.64 -1.6 69.9033 
-2.64 -1.52 69.9021 
-2.64 -1.44 69.9005 
-2.64 -1.36 69.8981 
-2.64 -1.28 69.8946 
-2.64 -1.2 69.8896 
-2.64 -1.12 69.8824 
-2.64 -1.04 69.872 
-2.64 -0.96 69.8569 
-2.64 -0.88 69.8351 
-2.64 -0.8 69.8036 
-2.64 -0.72 69.7582 
-2.64 -0.64 69.6925 
-2.64 -0.56 69.5978 
-2.64 -0.48 69.4611 
-2.64 -0.4 69.2642 
-2.64 -0.32 68.9808 
-2.64 -0.24 68.5737 
-2.64 -0.16 67.9909 
-2.64 -0.08 67.1602 
-2.64 6.93889e-16 65.9837 
-2.64 0.08 64.3344 
-2.64 0.16 62.0567 
-2.64 0.24 58.9821 
-2.64 0.32 54.9702 
-2.64 0.4 49.9843 
-2.64 0.48 44.1807 
-2.64 0.56 37.9362 
-2.64 0.64 31.7281 
-2.64 0.72 25.9159 
-2.64 0.8 20.6461 
-2.64 0.88 16.0021 
-2.64 0.96 12.2077 
-2.64 1.04 9.58067 
-2.64 1.12 8.24345 
-2.64 1.2 7.96362 
-2.64 1.28 8.29068 
-2.64 1.36 8.78404 
-2.64 1.44 9.16821 
-2.64 1.52 9.3702 
-2.64 1.6 9.44316 
-2.64 1.68 9.46022 
-2.64 1.76 9.46251 
-2.64 1.84 9.46265 
-2.64 1.92 9.46266 
-2.56 -2 69.9053 
-2.56 -1.92 69.9051 
-2.56 -1.84 69.9048 
-2.56 -1.76 69.9044 
-2.56 -1.68 69.9037 
-2.56 -1.6 69.9027 
-2.56 -1.52 69.9014 
-2.56 -1.44 69.8994 
-2.56 -1.36 69.8965 
-2.56 -1.28 69.8923 
-2.56 -1.2 69.8863 
-2.56 -1.12 69.8777 
-2.56 -1.04 69.8651 
-2.56 -0.96 69.847 
-2.56 -0.88 69.8208 
-2.56 -0.8 69.783 
-2.56 -0.72 69.7283 
-2.56 -0.64 69.6494 
-2.56 -0.56 69.5355 
-2.56 -0.48 69.3712 
-2.56 -0.4 69.1345 
-2.56 -0.32 68.7938 
-2.56 -0.24 68.3048 
-2.56 -0.16 67.6047 
-2.56 -0.08 66.6076 
-2.56 6.93889e-16 65.1972 
-2.56 0.08 63.2246 
-2.56 0.16 60.5124 
-2.56 0.24 56.8802 
-2.56 0.32 52.2066 
-2.56 0.4 46.5314 
-2.56 0.48 40.1528 
-2.56 0.56 33.5989 
-2.56 0.64 27.3912 
-2.56 0.72 21.7659 
-2.56 0.8 16.668 
-2.56 0.88 12.0532 
-2.56 0.96 8.1625 
-2.56 1.04 5.41231 
-2.56 1.12 3.97714 
-2.56 1.2 3.59582 
-2.56 1.28 3.79216 
-2.56 1.36 4.15366 
-2.56 1.44 4.44556 
-2.56 1.52 4.6025 
-2.56 1.6 4.66005 
-2.56 1.68 4.67361 
-2.56 1.76 4.67544 
-2.56 1.84 4.67555 
-2.56 1.92 4.67555 
-2.48 -2 69.9052 
-2.48 -1.92 69.905 
-2.48 -1.84 69.9046 
-2.48 -1.76 69.9041 
-2.48 -1.68 69.9033 
-2.48 -1.6 69.9021 
-2.48 -1.52 69.9005 
-2.48 -1.44 69.8981 
-2.48 -1.36 69.8946 
-2.48 -1.28 69.8896 
-2.48 -1.2 69.8824 
-2.48 -1.12 69.872 
-2.48 -1.04 69.8569 
-2.48 -0.96 69.8351 
-2.48 -0.88 69.8036 
-2.48 -0.8 69.7581 
-2.48 -0.72 69.6924 
-2.48 -0.64 69.5975 
-2.48 -0.56 69.4606 
-2.48 -0.48 69.2631 
-2.48 -0.4 68.9786 
-2.48 -0.32 68.5692 
-2.48 -0.24 67.9817 
-2.48 -0.16 67.1411 
-2.48 -0.08 65.9448 
-2.48 6.93889e-16 64.256 
-2.48 0.08 61.9017 
-2.48 0.16 58.6848 
-2.48 0.24 54.426 
-2.48 0.32 49.0552 
-2.48 0.4 42.7465 
-2.48 0.48 35.9997 
-2.48 0.56 29.4974 
-2.48 0.64 23.7178 
-2.48 0.72 18.6576 
-2.48 0.8 14.0031 
-2.48 0.88 9.59282 
-2.48 0.96 5.71554 
-2.48 1.04 2.90676 
-2.48 1.12 1.40142 
-2.48 1.2 0.913916 
-2.48 1.28 0.951256 
-2.48 1.36 1.14506 
-2.48 1.44 1.31684 
-2.48 1.52 1.41418 
-2.48 1.6 1.45113 
-2.48 1.68 1.45999 
-2.48 1.76 1.46119 
-2.48 1.84 1.46127 
-2.48 1.92 1.46127 
-2.4 -2 69.9051 
-2.4 -1.92 69.9048 
-2.4 -1.84 69.9044 
-2.4 -1.76 69.9037 
-2.4 -1.68 69.9027 
-2.4 -1.6 69.9014 
-2.4 -1.52 69.8994 
-2.4 -1.44 69.8965 
-2.4 -1.36 69.8923 
-2.4 -1.28 69.8863 
-2.4 -1.2 69.8777 
-2.4 -1.12 69.8651 
-2.4 -1.04 69.847 
-2.4 -0.96 69.8208 
-2.4 -0.88 69.7829 
-2.4 -0.8 69.7282 
-2.4 -0.72 69.6493 
-2.4 -0.64 69.5352 
-2.4 -0.56 69.3706 
-2.4 -0.48 69.1332 
-2.4 -0.4 68.7912 
-2.4 -0.32 68.2994 
-2.4 -0.24 67.5936 
-2.4 -0.16 66.5847 
-2.4 -0.08 65.1508 
-2.4 6.93889e-16 63.1316 
-2.4 0.08 60.3301 
-2.4 0.16 56.5364 
-2.4 0.24 51.5958 
-2.4 0.32 45.5426 
-2.4 0.4 38.7612 
-2.4 0.48 32.0001 
-2.4 0.56 26.0349 
-2.4 0.64 21.1471 
-2.4 0.72 16.9801 
-2.4 0.8 12.962 
-2.4 0.88 8.87022 
-2.4 0.96 5.08226 
-2.4 1.04 2.26457 
-2.4 1.12 0.714684 
-2.4 1.2 0.128306 
-2.4 1.28 0.00271749 
-2.4 1.36 0.0195311 
-2.4 1.44 0.0623438 
-2.4 1.52 0.0949229 
-2.4 1.6 0.109355 
-2.4 1.68 0.113056 
-2.4 1.76 0.113567 
-2.4 1.84 0.1136 
-2.4 1.92 0.113601 
-2.32 -2 69.905 
-2.32 -1.92 69.9046 
-2.32 -1.84 69.9041 
-2.32 -1.76 69.9033 
-2.32 -1.68 69.9021 
-2.32 -1.6 69.9005 
-2.32 -1.52 69.8981 
-2.32 -1.44 69.8946 
-2.32 -1.36 69.8896 
-2.32 -1.28 69.8824 
-2.32 -1.2 69.872 
-2.32 -1.12 69.8569 
-2.32 -1.04 69.8351 
-2.32 -0.96 69.8036 
-2.32 -0.88 69.7581 
-2.32 -0.8 69.6923 
-2.32 -0.72 69.5974 
-2.32 -0.64 69.4603 
-2.32 -0.56 69.2624 
-2.32 -0.48 68.9771 
-2.32 -0.4 68.5661 
-2.32 -0.32 67.9752 
-2.32 -0.24 67.1278 
-2.32 -0.16 65.9175 
-2.32 -0.08 64.2007 
-2.32 6.93889e-16 61.7917 
-2.32 0.08 58.4722 
-2.32 0.16 54.0345 
-2.32 0.24 48.3898 
-2.32 0.32 41.7537 
-2.32 0.4 34.8031 
-2.32 0.48 28.5276 
-2.32 0.56 23.6357 
-2.32 0.64 20.0211 
-2.32 0.72 16.9264 
-2.32 0.8 13.6028 
-2.32 0.88 9.85552 
-2.32 0.96 6.18539 
-2.32 1.04 3.38568 
-2.32 1.12 1.81067 
-2.32 1.2 1.14327 
-2.32 1.28 0.875441 
-2.32 1.36 0.734201 
-2.32 1.44 0.66009 
-2.32 1.52 0.63338 
-2.32 1.6 0.627081 
-2.32 1.68 0.626024 
-2.32 1.76 0.625903 
-2.32 1.84 0.625895 
-2.32 1.92 0.625895 
-2.24 -2 69.9048 
-2.24 -1.92 69.9044 
-2.24 -1.84 69.9037 
-2.24 -1.76 69.9027 
-2.24 -1.68 69.9014 
-2.24 -1.6 69.8994 
-2.24 -1.52 69.8965 
-2.24 -1.44 69.8923 
-2.24 -1.36 69.8863 
-2.24 -1.28 69.8777 
-2.24 -1.2 69.8651 
-2.24 -1.12 69.847 
-2.24 -1.04 69.8208 
-2.24 -0.96 69.7829 
-2.24 -0.88 69.7282 
-2.24 -0.8 69.6492 
-2.24 -0.72 69.535 
-2.24 -0.64 69.3702 
-2.24 -0.56 69.1324 
-2.24 -0.48 68.7894 
-2.24 -0.4 68.2956 
-2.24 -0.32 67.5859 
-2.24 -0.24 66.5688 
-2.24 -0.16 65.1182 
-2.24 -0.08 63.0659 
-2.24 6.93889e-16 60.2008 
-2.24 0.08 56.2913 
-2.24 0.16 51.16 
-2.24 0.24 44.8498 
-2.24 0.32 37.8552 
-2.24 0.4 31.2 
-2.24 0.48 25.9976 
-2.24 0.56 22.6347 
-2.24 0.64 20.4731 
-2.24 0.72 18.4281 
-2.24 0.8 15.7187 
-2.24 0.88 12.2633 
-2.24 0.96 8.69822 
-2.24 1.04 5.92273 
-2.24 1.12 4.33503 
-2.24 1.2 3.61022 
-2.24 1.28 3.23715 
-2.24 1.36 2.97655 
-2.24 1.44 2.8128 
-2.24 1.52 2.74019 
-2.24 1.6 2.71777 
-2.24 1.68 2.713 
-2.24 1.76 2.71239 
-2.24 1.84 2.71235 
-2.24 1.92 2.71235 
-2.16 -2 69.9046 
-2.16 -1.92 69.9041 
-2.16 -1.84 69.9033 
-2.16 -1.76 69.9021 
-2.16 -1.68 69.9005 
-2.16 -1.6 69.8981 
-2.16 -1.52 69.8946 
-2.16 -1.44 69.8896 
-2.16 -1.36 69.8824 
-2.16 -1.28 69.872 
-2.16 -1.2 69.8569 
-2.16 -1.12 69.8351 
-2.16 -1.04 69.8036 
-2.16 -0.96 69.7581 
-2.16 -0.88 69.6923 
-2.16 -0.8 69.5973 
-2.16 -0.72 69.46 
-2.16 -0.64 69.2619 
-2.16 -0.56 68.976 
-2.16 -0.48 68.564 
-2.16 -0.4 67.9707 
-2.16 -0.32 67.1185 
-2.16 -0.24 65.8985 
-2.16 -0.16 64.1619 
-2.16 -0.08 61.7142 
-2.16 6.93889e-16 58.3217 
-2.16 0.08 53.7566 
-2.16 0.16 47.9209 
-2.16 0.24 41.0819 
-2.16 0.32 34.1127 
-2.16 0.4 28.3492 
-2.16 0.48 24.7682 
-2.16 0.56 23.1678 
-2.16 0.64 22.3828 
-2.16 0.72 21.1881 
-2.16 0.8 18.9202 
-2.16 0.88 15.6598 
-2.16 0.96 12.1644 
-2.16 1.04 9.40695 
-2.16 1.12 7.81358 
-2.16 1.2 7.05525 
-2.16 1.28 6.61857 
-2.16 1.36 6.2841 
-2.16 1.44 6.0638 
-2.16 1.52 5.96189 
-2.16 1.6 5.92911 
-2.16 1.68 5.92196 
-2.16 1.76 5.92103 
-2.16 1.84 5.92097 
-2.16 1.92 5.92097 
-2.08 -2 69.9044 
-2.08 -1.92 69.9037 
-2.08 -1.84 69.9027 
-2.08 -1.76 69.9014 
-2.08 -1.68 69.8994 
-2.08 -1.6 69.8965 
-2.08 -1.52 69.8923 
-2.08 -1.44 69.8863 
-2.08 -1.36 69.8777 
-2.08 -1.28 69.8651 
-2.08 -1.2 69.847 
-2.08 -1.12 69.8208 
-2.08 -1.04 69.7829 
-2.08 -0.96 69.7282 
-2.08 -0.88 69.6491 
-2.08 -0.8 69.5349 
-2.08 -0.72 69.3699 
-2.08 -0.64 69.1318 
-2.08 -0.56 68.7882 
-2.08 -0.48 68.293 
-2.08 -0.4 67.5805 
-2.08 -0.32 66.5576 
-2.08 -0.24 65.0955 
-2.08 -0.16 63.0199 
-2.08 -0.08 60.1099 
-2.08 6.93889e-16 56.1181 
-2.08 0.08 50.8527 
-2.08 0.16 44.3706 
-2.08 0.24 37.2793 
-2.08 0.32 30.8827 
-2.08 0.4 26.6388 
-2.08 0.48 25.0275 
-2.08 0.56 25.1243 
-2.08 0.64 25.4241 
-2.08 0.72 24.7853 
-2.08 0.8 22.7591 
-2.08 0.88 19.5907 
-2.08 0.96 16.1256 
-2.08 1.04 13.376 
-2.08 1.12 11.7807 
-2.08 1.2 11.009 
-2.08 1.28 10.5457 
-2.08 1.36 10.1788 
-2.08 1.44 9.93255 
-2.08 1.52 9.81689 
-2.08 1.6 9.7792 
-2.08 1.68 9.77091 
-2.08 1.76 9.76983 
-2.08 1.84 9.76976 
-2.08 1.92 9.76976 
-2 -2 69.9041 
-2 -1.92 69.9033 
-2 -1.84 69.9021 
-2 -1.76 69.9005 
-2 -1.68 69.8981 
-2 -1.6 69.8946 
-2 -1.52 69.8896 
-2 -1.44 69.8824 
-2 -1.36 69.872 
-2 -1.28 69.8569 
-2 -1.2 69.8351 
-2 -1.12 69.8036 
-2 -1.04 69.758 
-2 -0.96 69.6922 
-2 -0.88 69.5972 
-2 -0.8 69.4599 
-2 -0.72 69.2616 
-2 -0.64 68.9753 
-2 -0.56 68.5625 
-2 -0.48 67.9676 
-2 -0.4 67.112 
-2 -0.32 65.8852 
-2 -0.24 64.1349 
-2 -0.16 61.6599 
-2 -0.08 58.2159 
-2 6.93889e-16 53.561 
-2 0.08 47.5933 
-2 0.16 40.6314 
-2 0.24 33.7335 
-2 0.32 28.5635 
-2 0.4 26.3371 
-2 0.48 26.7268 
-2 0.56 28.1897 
-2 0.64 29.1755 
-2 0.72 28.7938 
-2 0.8 26.8336 
-2 0.88 23.6726 
-2 0.96 20.2056 
-2 1.04 17.455 
-2 1.12 15.86 
-2 1.2 15.0898 
-2 1.28 14.6277 
-2 1.36 14.2598 
-2 1.44 14.0113 
-2 1.52 13.894 
-2 1.6 13.8557 
-2 1.68 13.8472 
-2 1.76 13.8461 
-2 1.84 13.846 
-2 1.92 13.846 
-1.92 -2 69.9037 
-1.92 -1.92 69.9027 
-1.92 -1.84 69.9014 
-1.92 -1.76 69.8994 
-1.92 -1.68 69.8965 
-1.92 -1.6 69.8923 
-1.92 -1.52 69.8863 
-1.92 -1.44 69.8777 
-1.92 -1.36 69.8651 
-1.92 -1.28 69.847 
-1.92 -1.2 69.8208 
-1.92 -1.12 69.7829 
-1.92 -1.04 69.7281 
-1.92 -0.96 69.6491 
-1.92 -0.88 69.5348 
-1.92 -0.8 69.3697 
-1.92 -0.72 69.1313 
-1.92 -0.64 68.7873 
-1.92 -0.56 68.2912 
-1.92 -0.48 67.5767 
-1.92 -0.4 66.5499 
-1.92 -0.32 65.0796 
-1.92 -0.24 62.9878 
-1.92 -0.16 60.0462 
-1.92 -0.08 55.9966 
-1.92 6.93889e-16 50.6375 
-1.92 0.08 44.0409 
-1.92 0.16 36.9158 
-1.92 0.24 30.816 
-1.92 0.32 27.5008 
-1.92 0.4 27.5002 
-1.92 0.48 29.5987 
-1.92 0.56 31.9516 
-1.92 0.64 33.2313 
-1.92 0.72 32.8636 
-1.92 0.8 30.842 
-1.92 0.88 27.6311 
-1.92 0.96 24.1414 
-1.92 1.04 21.3841 
-1.92 1.12 19.7908 
-1.92 1.2 19.0315 
-1.92 1.28 18.5886 
-1.92 1.36 18.2404 
-1.92 1.44 18.0055 
-1.92 1.52 17.8947 
-1.92 1.6 17.8585 
-1.92 1.68 17.8506 
-1.92 1.76 17.8496 
-1.92 1.84 17.8495 
-1.92 1.92 17.8495 
-1.84 -2 69.9033 
-1.84 -1.92 69.9021 
-1.84 -1.84 69.9005 
-1.84 -1.76 69.8981 
-1.84 -1.68 69.8946 
-1.84 -1.6 69.8896 
-1.84 -1.52 69.8824 
-1.84 -1.44 69.872 
-1.84 -1.36 69.8569 
-1.84 -1.28 69.8351 
-1.84 -1.2 69.8036 
-1.84 -1.12 69.758 
-1.84 -1.04 69.6922 
-1.84 -0.96 69.5971 
-1.84 -0.88 69.4597 
-1.84 -0.8 69.2613 
-1.84 -0.72 68.9748 
-1.84 -0.64 68.5614 
-1.84 -0.56 67.9654 
-1.84 -0.48 67.1075 
-1.84 -0.4 65.8759 
-1.84 -0.32 64.116 
-1.84 -0.24 61.622 
-1.84 -0.16 58.1419 
-1.84 -0.08 53.4241 
-1.84 6.93889e-16 47.3657 
-1.84 0.08 40.3296 
-1.84 0.16 33.5322 
-1.84 0.24 28.9153 
-1.84 0.32 27.8798 
-1.84 0.4 29.9504 
-1.84 0.48 33.2503 
-1.84 0.56 36.0098 
-1.84 0.64 37.271 
-1.84 0.72 36.7518 
-1.84 0.8 34.5913 
-1.84 0.88 31.2985 
-1.84 0.96 27.7752 
-1.84 1.04 25.0087 
-1.84 1.12 23.418 
-1.84 1.2 22.6748 
-1.84 1.28 22.2611 
-1.84 1.36 21.9443 
-1.84 1.44 21.7317 
-1.84 1.52 21.632 
-1.84 1.6 21.5997 
-1.84 1.68 21.5927 
-1.84 1.76 21.5917 
-1.84 1.84 21.5917 
-1.84 1.92 21.5917 
-1.76 -2 69.9027 
-1.76 -1.92 69.9014 
-1.76 -1.84 69.8994 
-1.76 -1.76 69.8965 
-1.76 -1.68 69.8923 
-1.76 -1.6 69.8863 
-1.76 -1.52 69.8777 
-1.76 -1.44 69.8651 
-1.76 -1.36 69.847 
-1.76 -1.28 69.8208 
-1.76 -1.2 69.7829 
-1.76 -1.12 69.7281 
-1.76 -1.04 69.649 
-1.76 -0.96 69.5347 
-1.76 -0.88 69.3696 
-1.76 -0.8 69.131 
-1.76 -0.72 68.7867 
-1.76 -0.64 68.29 
-1.76 -0.56 67.5741 
-1.76 -0.48 66.5446 
-1.76 -0.4 65.0686 
-1.76 -0.32 62.9655 
-1.76 -0.24 60.0018 
-1.76 -0.16 55.9118 
-1.76 -0.08 50.4874 
-1.76 6.93889e-16 43.8145 
-1.76 0.08 36.6853 
-1.76 0.16 30.859 
-1.76 0.24 28.3353 
-1.76 0.32 29.6565 
-1.76 0.4 33.3396 
-1.76 0.48 37.2759 
-1.76 0.56 40.0466 
-1.76 0.64 41.0801 
-1.76 0.72 40.3155 
-1.76 0.8 37.9789 
-1.76 0.88 34.5911 
-1.76 0.96 31.0307 
-1.76 1.04 28.2545 
-1.76 1.12 26.6671 
-1.76 1.2 25.9424 
-1.76 1.28 25.5618 
-1.76 1.36 25.2812 
-1.76 1.44 25.095 
-1.76 1.52 25.0085 
-1.76 1.6 24.9808 
-1.76 1.68 24.9748 
-1.76 1.76 24.974 
-1.76 1.84 24.974 
-1.76 1.92 24.974 
-1.68 -2 69.9021 
-1.68 -1.92 69.9005 
-1.68 -1.84 69.8981 
-1.68 -1.76 69.8946 
-1.68 -1.68 69.8896 
-1.68 -1.6 69.8824 
-1.68 -1.52 69.872 
-1.68 -1.44 69.8569 
-1.68 -1.36 69.8351 
-1.68 -1.28 69.8036 
-1.68 -1.2 69.758 
-1.68 -1.12 69.6922 
-1.68 -1.04 69.5971 
-1.68 -0.96 69.4597 
-1.68 -0.88 69.2612 
-1.68 -0.8 68.9745 
-1.68 -0.72 68.5607 
-1.68 -0.64 67.9639 
-1.68 -0.56 67.1044 
-1.68 -0.48 65.8695 
-1.68 -0.4 64.1029 
-1.68 -0.32 61.5956 
-1.68 -0.24 58.0903 
-1.68 -0.16 53.3287 
-1.68 -0.08 47.2079 
-1.68 6.93889e-16 40.1268 
-1.68 0.08 33.4276 
-1.68 0.16 29.272 
-1.68 0.24 29.1943 
-1.68 0.32 32.5734 
-1.68 0.4 37.26 
-1.68 0.48 41.3385 
-1.68 0.56 43.8494 
-1.68 0.64 44.5391 
-1.68 0.72 43.4896 
-1.68 0.8 40.9669 
-1.68 0.88 37.4834 
-1.68 0.96 33.8867 
-1.68 1.04 31.1017 
-1.68 1.12 29.5181 
-1.68 1.2 28.812 
-1.68 1.28 28.4649 
-1.68 1.36 28.2212 
-1.68 1.44 28.0619 
-1.68 1.52 27.989 
-1.68 1.6 27.966 
-1.68 1.68 27.9611 
-1.68 1.76 27.9605 
-1.68 1.84 27.9605 
-1.68 1.92 27.9605 
-1.6 -2 69.9014 
-1.6 -1.92 69.8994 
-1.6 -1.84 69.8965 
-1.6 -1.76 69.8923 
-1.6 -1.68 69.8863 
-1.6 -1.6 69.8777 
-1.6 -1.52 69.8651 
-1.6 -1.44 69.847 
-1.6 -1.36 69.8208 
-1.6 -1.28 69.7829 
-1.6 -1.2 69.7281 
-1.6 -1.12 69.649 
-1.6 -1.04 69.5347 
-1.6 -0.96 69.3695 
-1.6 -0.88 69.1308 
-1.6 -0.8 68.7863 
-1.6 -0.72 68.2891 
-1.6 -0.64 67.5723 
-1.6 -0.56 66.5408 
-1.6 -0.48 65.061 
-1.6 -0.4 62.95 
-1.6 -0.32 59.9709 
-1.6 -0.24 55.8527 
-1.6 -0.16 50.3831 
-1.6 -0.08 43.659 
-1.6 6.93889e-16 36.5375 
-1.6 0.08 30.9374 
-1.6 0.16 29.0401 
-1.6 0.24 31.3789 
-1.6 0.32 36.2471 
-1.6 0.4 41.3419 
-1.6 0.48 45.203 
-1.6 0.56 47.2996 
-1.6 0.64 47.5992 
-1.6 0.72 46.2606 
-1.6 0.8 43.5586 
-1.6 0.88 39.9854 
-1.6 0.96 36.3557 
-1.6 1.04 33.5631 
-1.6 1.12 31.9835 
-1.6 1.2 31.2953 
-1.6 1.28 30.9796 
-1.6 1.36 30.771 
-1.6 1.44 30.6374 
-1.6 1.52 30.5774 
-1.6 1.6 30.559 
-1.6 1.68 30.5551 
-1.6 1.76 30.5546 
-1.6 1.84 30.5546 
-1.6 1.92 30.5546 
-1.52 -2 69.9005 
-1.52 -1.92 69.8981 
-1.52 -1.84 69.8946 
-1.52 -1.76 69.8896 
-1.52 -1.68 69.8824 
-1.52 -1.6 69.872 
-1.52 -1.52 69.8569 
-1.52 -1.44 69.8351 
-1.52 -1.36 69.8036 
-1.52 -1.28 69.758 
-1.52 -1.2 69.6922 
-1.52 -1.12 69.5971 
-1.52 -1.04 69.4596 
-1.52 -0.96 69.261 
-1.52 -0.88 68.9742 
-1.52 -0.8 68.5602 
-1.52 -0.72 67.9629 
-1.52 -0.64 67.1023 
-1.52 -0.56 65.8651 
-1.52 -0.48 64.0938 
-1.52 -0.4 61.5773 
-1.52 -0.32 58.0544 
-1.52 -0.24 53.2623 
-1.52 -0.16 47.0986 
-1.52 -0.08 39.9897 
-1.52 6.93889e-16 33.3738 
-1.52 0.08 29.5789 
-1.52 0.16 30.2316 
-1.52 0.24 34.5843 
-1.52 0.32 40.2794 
-1.52 0.4 45.308 
-1.52 0.48 48.7323 
-1.52 0.56 50.3492 
-1.52 0.64 50.2574 
-1.52 0.72 48.6459 
-1.52 0.8 45.7799 
-1.52 0.88 42.1264 
-1.52 0.96 38.4679 
-1.52 1.04 35.6691 
-1.52 1.12 34.0935 
-1.52 1.2 33.4211 
-1.52 1.28 33.1345 
-1.52 1.36 32.9577 
-1.52 1.44 32.8476 
-1.52 1.52 32.7995 
-1.52 1.6 32.7852 
-1.52 1.68 32.7823 
-1.52 1.76 32.7819 
-1.52 1.84 32.7819 
-1.52 1.92 32.7819 
-1.44 -2 69.8994 
-1.44 -1.92 69.8965 
-1.44 -1.84 69.8923 
-1.44 -1.76 69.8863 
-1.44 -1.68 69.8777 
-1.44 -1.6 69.8651 
-1.44 -1.52 69.847 
-1.44 -1.44 69.8208 
-1.44 -1.36 69.7829 
-1.44 -1.28 69.7281 
-1.44 -1.2 69.649 
-1.44 -1.12 69.5346 
-1.44 -1.04 69.3694 
-1.44 -0.96 69.1307 
-1.44 -0.88 68.786 
-1.44 -0.8 68.2885 
-1.44 -0.72 67.5711 
-1.44 -0.64 66.5383 
-1.44 -0.56 65.0557 
-1.44 -0.48 62.9392 
-1.44 -0.4 59.9494 
-1.44 -0.32 55.8116 
-1.44 -0.24 50.3106 
-1.44 -0.16 43.5521 
-1.44 -0.08 36.4414 
-1.44 6.93889e-16 31.0172 
-1.44 0.08 29.5935 
-1.44 0.16 32.6864 
-1.44 0.24 38.4143 
-1.44 0.32 44.3382 
-1.44 0.4 48.9832 
-1.44 0.48 51.8654 
-1.44 0.56 52.9959 
-1.44 0.64 52.5371 
-1.44 0.72 50.6792 
-1.44 0.8 47.6681 
-1.44 0.88 43.9445 
-1.44 0.96 40.2614 
-1.44 1.04 37.4577 
-1.44 1.12 35.8859 
-1.44 1.2 35.2279 
-1.44 1.28 34.9668 
-1.44 1.36 34.8183 
-1.44 1.44 34.729 
-1.44 1.52 34.6914 
-1.44 1.6 34.6808 
-1.44 1.68 34.6788 
-1.44 1.76 34.6785 
-1.44 1.84 34.6785 
-1.44 1.92 34.6785 
-1.36 -2 69.8981 
-1.36 -1.92 69.8946 
-1.36 -1.84 69.8896 
-1.36 -1.76 69.8824 
-1.36 -1.68 69.872 
-1.36 -1.6 69.8569 
-1.36 -1.52 69.8351 
-1.36 -1.44 69.8036 
-1.36 -1.36 69.758 
-1.36 -1.28 69.6922 
-1.36 -1.2 69.597 
-1.36 -1.12 69.4596 
-1.36 -1.04 69.261 
-1.36 -0.96 68.9741 
-1.36 -0.88 68.5598 
-1.36 -0.8 67.9622 
-1.36 -0.72 67.1008 
-1.36 -0.64 65.862 
-1.36 -0.56 64.0875 
-1.36 -0.48 61.5646 
-1.36 -0.4 58.0295 
-1.36 -0.32 53.2162 
-1.36 -0.24 47.0229 
-1.36 -0.16 39.8965 
-1.36 -0.08 33.3461 
-1.36 6.93889e-16 29.8221 
-1.36 0.08 31.0136 
-1.36 0.16 36.072 
-1.36 0.24 42.4867 
-1.36 0.32 48.192 
-1.36 0.4 52.2787 
-1.36 0.48 54.5925 
-1.36 0.56 55.2639 
-1.36 0.64 54.4748 
-1.36 0.72 52.4004 
-1.36 0.8 49.2635 
-1.36 0.88 45.48 
-1.36 0.96 41.7762 
-1.36 1.04 38.9688 
-1.36 1.12 37.4005 
-1.36 1.2 36.7551 
-1.36 1.28 36.5162 
-1.36 1.36 36.3922 
-1.36 1.44 36.3211 
-1.36 1.52 36.2927 
-1.36 1.6 36.2853 
-1.36 1.68 36.284 
-1.36 1.76 36.2838 
-1.36 1.84 36.2838 
-1.36 1.92 36.2838 
-1.28 -2 69.8965 
-1.28 -1.92 69.8923 
-1.28 -1.84 69.8863 
-1.28 -1.76 69.8777 
-1.28 -1.68 69.8651 
-1.28 -1.6 69.847 
-1.28 -1.52 69.8208 
-1.28 -1.44 69.7829 
-1.28 -1.36 69.7281 
-1.28 -1.28 69.649 
-1.28 -1.2 69.5346 
-1.28 -1.12 69.3694 
-1.28 -1.04 69.1306 
-1.28 -0.96 68.7858 
-1.28 -0.88 68.2881 
-1.28 -0.8 67.5702 
-1.28 -0.72 66.5365 
-1.28 -0.64 65.052 
-1.28 -0.56 62.9317 
-1.28 -0.48 59.9345 
-1.28 -0.4 55.7831 
-1.28 -0.32 50.2604 
-1.28 -0.24 43.4784 
-1.28 -0.16 36.3781 
-1.28 -0.08 31.0853 
-1.28 6.93889e-16 30.0094 
-1.28 0.08 33.6481 
-1.28 0.16 39.9892 
-1.28 0.24 46.5002 
-1.28 0.32 51.7061 
-1.28 0.4 55.1665 
-1.28 0.48 56.9336 
-1.28 0.56 57.1903 
-1.28 0.64 56.1115 
-1.28 0.72 53.8503 
-1.28 0.8 50.606 
-1.28 0.88 46.7716 
-1.28 0.96 43.0506 
-1.28 1.04 40.2404 
-1.28 1.12 38.6754 
-1.28 1.2 38.0408 
-1.28 1.28 37.821 
-1.28 1.36 37.7181 
-1.28 1.44 37.6626 
-1.28 1.52 37.6421 
-1.28 1.6 37.6375 
-1.28 1.68 37.6368 
-1.28 1.76 37.6367 
-1.28 1.84 37.6367 
-1.28 1.92 37.6367 
-1.2 -2 69.8946 
-1.2 -1.92 69.8896 
-1.2 -1.84 69.8824 
-1.2 -1.76 69.872 
-1.2 -1.68 69.8569 
-1.2 -1.6 69.8351 
-1.2 -1.52 69.8036 
-1.2 -1.44 69.758 
-1.2 -1.36 69.6922 
-1.2 -1.28 69.597 
-1.2 -1.2 69.4595 
-1.2 -1.12 69.2609 
-1.2 -1.04 68.974 
-1.2 -0.96 68.5596 
-1.2 -0.88 67.9617 
-1.2 -0.8 67.0998 
-1.2 -0.72 65.8599 
-1.2 -0.64 64.0831 
-1.2 -0.56 61.5558 
-1.2 -0.48 58.0122 
-1.2 -0.4 53.1842 
-1.2 -0.32 46.9706 
-1.2 -0.24 39.833 
-1.2 -0.16 33.3319 
-1.2 -0.08 30.0057 
-1.2 6.93889e-16 31.5865 
-1.2 0.08 37.1481 
-1.2 0.16 44.0711 
-1.2 0.24 50.2556 
-1.2 0.32 54.8214 
-1.2 0.4 57.657 
-1.2 0.48 58.9241 
-1.2 0.56 58.8162 
-1.2 0.64 57.4879 
-1.2 0.72 55.0673 
-1.2 0.8 51.7321 
-1.2 0.88 47.855 
-1.2 0.96 44.1198 
-1.2 1.04 41.3076 
-1.2 1.12 39.7454 
-1.2 1.2 39.1201 
-1.2 1.28 38.9165 
-1.2 1.36 38.8317 
-1.2 1.44 38.7894 
-1.2 1.52 38.7757 
-1.2 1.6 38.7735 
-1.2 1.68 38.7733 
-1.2 1.76 38.7733 
-1.2 1.84 38.7733 
-1.2 1.92 38.7733 
-1.12 -2 69.8923 
-1.12 -1.92 69.8863 
-1.12 -1.84 69.8777 
-1.12 -1.76 69.8651 
-1.12 -1.68 69.847 
-1.12 -1.6 69.8208 
-1.12 -1.52 69.7829 
-1.12 -1.44 69.7281 
-1.12 -1.36 69.649 
-1.12 -1.28 69.5346 
-1.12 -1.2 69.3693 
-1.12 -1.12 69.1305 
-1.12 -1.04 68.7857 
-1.12 -0.96 68.2878 
-1.12 -0.88 67.5696 
-1.12 -0.8 66.5352 
-1.12 -0.72 65.0495 
-1.12 -0.64 62.9265 
-1.12 -0.56 59.9242 
-1.12 -0.48 55.7634 
-1.12 -0.4 50.2256 
-1.12 -0.32 43.4276 
-1.12 -0.24 36.336 
-1.12 -0.16 31.1389 
-1.12 -0.08 30.3134 
-1.12 6.93889e-16 34.3413 
-1.12 0.08 41.1153 
-1.12 0.16 48.0393 
-1.12 0.24 53.645 
-1.12 0.32 57.5295 
-1.12 0.4 59.781 
-1.12 0.48 60.6052 
-1.12 0.56 60.1827 
-1.12 0.64 58.6417 
-1.12 0.72 56.0865 
-1.12 0.8 52.6746 
-1.12 0.88 48.7618 
-1.12 0.96 45.0151 
-1.12 1.04 42.2012 
-1.12 1.12 40.6416 
-1.12 1.2 40.0242 
-1.12 1.28 39.8344 
-1.12 1.36 39.7648 
-1.12 1.44 39.7338 
-1.12 1.52 39.7258 
-1.12 1.6 39.7256 
-1.12 1.68 39.7259 
-1.12 1.76 39.7259 
-1.12 1.84 39.7259 
-1.12 1.92 39.7259 
-1.04 -2 69.8896 
-1.04 -1.92 69.8824 
-1.04 -1.84 69.872 
-1.04 -1.76 69.8569 
-1.04 -1.68 69.8351 
-1.04 -1.6 69.8036 
-1.04 -1.52 69.758 
-1.04 -1.44 69.6922 
-1.04 -1.36 69.597 
-1.04 -1.28 69.4595 
-1.04 -1.2 69.2609 
-1.04 -1.12 68.9739 
-1.04 -1.04 68.5594 
-1.04 -0.96 67.9613 
-1.04 -0.88 67.099 
-1.04 -0.8 65.8584 
-1.04 -0.72 64.0801 
-1.04 -0.64 61.5497 
-1.04 -0.56 58.0003 
-1.04 -0.48 53.1621 
-1.04 -0.4 46.9344 
-1.04 -0.32 39.7895 
-1.04 -0.24 33.3244 
-1.04 -0.16 30.1403 
-1.04 -0.08 31.9984 
-1.04 6.93889e-16 37.9154 
-1.04 0.08 45.1949 
-1.04 0.16 51.7172 
-1.04 0.24 56.628 
-1.04 0.32 59.8516 
-1.04 0.4 61.5784 
-1.04 0.48 62.0185 
-1.04 0.56 61.3276 
-1.04 0.64 59.6069 
-1.04 0.72 56.9383 
-1.04 0.8 53.4624 
-1.04 0.88 49.5198 
-1.04 0.96 45.7634 
-1.04 1.04 42.9484 
-1.04 1.12 41.391 
-1.04 1.2 40.7803 
-1.04 1.28 40.6021 
-1.04 1.36 40.5454 
-1.04 1.44 40.5239 
-1.04 1.52 40.5207 
-1.04 1.6 40.5222 
-1.04 1.68 40.5228 
-1.04 1.76 40.5229 
-1.04 1.84 40.523 
-1.04 1.92 40.523 
-0.96 -2 69.8863 
-0.96 -1.92 69.8777 
-0.96 -1.84 69.8651 
-0.96 -1.76 69.847 
-0.96 -1.68 69.8208 
-0.96 -1.6 69.7829 
-0.96 -1.52 69.7281 
-0.96 -1.44 69.649 
-0.96 -1.36 69.5346 
-0.96 -1.28 69.3693 
-0.96 -1.2 69.1305 
-0.96 -1.12 68.7856 
-0.96 -1.04 68.2876 
-0.96 -0.96 67.5692 
-0.96 -0.88 66.5344 
-0.96 -0.8 65.0477 
-0.96 -0.72 62.9229 
-0.96 -0.64 59.917 
-0.96 -0.56 55.7497 
-0.96 -0.48 50.2015 
-0.96 -0.4 43.3925 
-0.96 -0.32 36.3075 
-0.96 -0.24 31.1792 
-0.96 -0.16 30.5318 
-0.96 -0.08 34.8345 
-0.96 6.93889e-16 41.9119 
-0.96 0.08 49.1253 
-0.96 0.16 55.0145 
-0.96 0.24 59.2077 
-0.96 0.32 61.8239 
-0.96 0.4 63.0914 
-0.96 0.48 63.2028 
-0.96 0.56 62.2848 
-0.96 0.64 60.413 
-0.96 0.72 57.6495 
-0.96 0.8 54.1199 
-0.96 0.88 50.1526 
-0.96 0.96 46.3883 
-0.96 1.04 43.5724 
-0.96 1.12 42.017 
-0.96 1.2 41.4119 
-0.96 1.28 41.2435 
-0.96 1.36 41.1976 
-0.96 1.44 41.1841 
-0.96 1.52 41.1849 
-0.96 1.6 41.1878 
-0.96 1.68 41.1888 
-0.96 1.76 41.1889 
-0.96 1.84 41.189 
-0.96 1.92 41.189 
-0.88 -2 69.8824 
-0.88 -1.92 69.872 
-0.88 -1.84 69.8569 
-0.88 -1.76 69.8351 
-0.88 -1.68 69.8036 
-0.88 -1.6 69.758 
-0.88 -1.52 69.6922 
-0.88 -1.44 69.597 
-0.88 -1.36 69.4595 
-0.88 -1.28 69.2608 
-0.88 -1.2 68.9738 
-0.88 -1.12 68.5593 
-0.88 -1.04 67.9611 
-0.88 -0.96 67.0985 
-0.88 -0.88 65.8574 
-0.88 -0.8 64.078 
-0.88 -0.72 61.5454 
-0.88 -0.64 57.992 
-0.88 -0.56 53.1467 
-0.88 -0.48 46.9094 
-0.88 -0.4 39.7596 
-0.88 -0.32 33.3204 
-0.88 -0.24 30.2372 
-0.88 -0.16 32.2909 
-0.88 -0.08 38.4571 
-0.88 6.93889e-16 45.9857 
-0.88 0.08 52.7453 
-0.88 0.16 57.9026 
-0.88 0.24 61.4116 
-0.88 0.32 63.488 
-0.88 0.4 64.3603 
-0.88 0.48 64.193 
-0.88 0.56 63.0839 
-0.88 0.64 61.0855 
-0.88 0.72 58.2426 
-0.88 0.8 54.6683 
-0.88 0.88 50.6804 
-0.88 0.96 46.9097 
-0.88 1.04 44.0931 
-0.88 1.12 42.5394 
-0.88 1.2 41.9391 
-0.88 1.28 41.7788 
-0.88 1.36 41.742 
-0.88 1.44 41.7351 
-0.88 1.52 41.7394 
-0.88 1.6 41.7434 
-0.88 1.68 41.7447 
-0.88 1.76 41.7449 
-0.88 1.84 41.7449 
-0.88 1.92 41.7449 
-0.8 -2 69.8777 
-0.8 -1.92 69.8651 
-0.8 -1.84 69.847 
-0.8 -1.76 69.8208 
-0.8 -1.68 69.7829 
-0.8 -1.6 69.7281 
-0.8 -1.52 69.649 
-0.8 -1.44 69.5346 
-0.8 -1.36 69.3693 
-0.8 -1.28 69.1305 
-0.8 -1.2 68.7855 
-0.8 -1.12 68.2875 
-0.8 -1.04 67.5689 
-0.8 -0.96 66.5338 
-0.8 -0.88 65.0465 
-0.8 -0.8 62.9205 
-0.8 -0.72 59.9121 
-0.8 -0.64 55.7402 
-0.8 -0.56 50.1848 
-0.8 -0.48 43.3683 
-0.8 -0.4 36.2883 
-0.8 -0.32 31.2086 
-0.8 -0.24 30.6868 
-0.8 -0.16 35.1822 
-0.8 -0.08 42.4716 
-0.8 6.93889e-16 49.8869 
-0.8 0.08 55.9761 
-0.8 0.16 60.3918 
-0.8 0.24 63.2785 
-0.8 0.32 64.8859 
-0.8 0.4 65.4216 
-0.8 0.48 65.0195 
-0.8 0.56 63.7504 
-0.8 0.64 61.646 
-0.8 0.72 58.737 
-0.8 0.8 55.1254 
-0.8 0.88 51.1204 
-0.8 0.96 47.3444 
-0.8 1.04 44.5273 
-0.8 1.12 42.975 
-0.8 1.2 42.3787 
-0.8 1.28 42.2254 
-0.8 1.36 42.196 
-0.8 1.44 42.1948 
-0.8 1.52 42.2019 
-0.8 1.6 42.2069 
-0.8 1.68 42.2084 
-0.8 1.76 42.2086 
-0.8 1.84 42.2086 
-0.8 1.92 42.2086 
-0.72 -2 69.872 
-0.72 -1.92 69.8569 
-0.72 -1.84 69.8351 
-0.72 -1.76 69.8036 
-0.72 -1.68 69.758 
-0.72 -1.6 69.6922 
-0.72 -1.52 69.597 
-0.72 -1.44 69.4595 
-0.72 -1.36 69.2608 
-0.72 -1.28 68.9738 
-0.72 -1.2 68.5592 
-0.72 -1.12 67.9609 
-0.72 -1.04 67.0982 
-0.72 -0.96 65.8567 
-0.72 -0.88 64.0766 
-0.72 -0.8 61.5425 
-0.72 -0.72 57.9862 
-0.72 -0.64 53.1361 
-0.72 -0.56 46.892 
-0.72 -0.48 39.739 
-0.72 -0.4 33.3183 
-0.72 -0.32 30.3061 
-0.72 -0.24 32.497 
-0.72 -0.16 38.8372 
-0.72 -0.08 46.5393 
-0.72 6.93889e-16 53.4648 
-0.72 0.08 58.7971 
-0.72 0.16 62.5133 
-0.72 0.24 64.8508 
-0.72 0.32 66.0564 
-0.72 0.4 66.3078 
-0.72 0.48 65.7088 
-0.72 0.56 64.3057 
-0.72 0.64 62.1131 
-0.72 0.72 59.1488 
-0.72 0.8 55.5063 
-0.72 0.88 51.487 
-0.72 0.96 47.7066 
-0.72 1.04 44.8892 
-0.72 1.12 43.3381 
-0.72 1.2 42.7451 
-0.72 1.28 42.5974 
-0.72 1.36 42.5745 
-0.72 1.44 42.5779 
-0.72 1.52 42.5874 
-0.72 1.6 42.5933 
-0.72 1.68 42.595 
-0.72 1.76 42.5952 
-0.72 1.84 42.5952 
-0.72 1.92 42.5952 
-0.64 -2 69.8651 
-0.64 -1.92 69.847 
-0.64 -1.84 69.8208 
-0.64 -1.76 69.7829 
-0.64 -1.68 69.7281 
-0.64 -1.6 69.649 
-0.64 -1.52 69.5346 
-0.64 -1.44 69.3693 
-0.64 -1.36 69.1304 
-0.64 -1.28 68.7855 
-0.64 -1.2 68.2874 
-0.64 -1.12 67.5688 
-0.64 -1.04 66.5334 
-0.64 -0.96 65.0456 
-0.64 -0.88 62.9188 
-0.64 -0.8 59.9086 
-0.64 -0.72 55.7336 
-0.64 -0.64 50.1733 
-0.64 -0.56 43.3516 
-0.64 -0.48 36.2751 
-0.64 -0.4 31.2297 
-0.64 -0.32 30.7959 
-0.64 -0.24 35.4259 
-0.64 -0.16 42.8628 
-0.64 -0.08 50.4189 
-0.64 6.93889e-16 56.6485 
-0.64 0.08 61.223 
-0.64 0.16 64.3073 
-0.64 0.24 66.1698 
-0.64 0.32 67.0343 
-0.64 0.4 67.0469 
-0.64 0.48 66.2831 
-0.64 0.56 64.7683 
-0.64 0.64 62.502 
-0.64 0.72 59.4918 
-0.64 0.8 55.8234 
-0.64 0.88 51.7924 
-0.64 0.96 48.0084 
-0.64 1.04 45.1907 
-0.64 1.12 43.6406 
-0.64 1.2 43.0504 
-0.64 1.28 42.9076 
-0.64 1.36 42.8898 
-0.64 1.44 42.8972 
-0.64 1.52 42.9087 
-0.64 1.6 42.9152 
-0.64 1.68 42.9171 
-0.64 1.76 42.9174 
-0.64 1.84 42.9174 
-0.64 1.92 42.9174 
-0.56 -2 69.8569 
-0.56 -1.92 69.8351 
-0.56 -1.84 69.8036 
-0.56 -1.76 69.758 
-0.56 -1.68 69.6922 
-0.56 -1.6 69.597 
-0.56 -1.52 69.4595 
-0.56 -1.44 69.2608 
-0.56 -1.36 68.9738 
-0.56 -1.28 68.5592 
-0.56 -1.2 67.9608 
-0.56 -1.12 67.098 
-0.56 -1.04 65.8562 
-0.56 -0.96 64.0756 
-0.56 -0.88 61.5405 
-0.56 -0.8 57.9822 
-0.56 -0.72 53.1288 
-0.56 -0.64 46.88 
-0.56 -0.56 39.7248 
-0.56 -0.48 33.317 
-0.56 -0.4 30.3546 
-0.56 -0.32 32.6413 
-0.56 -0.24 39.1027 
-0.56 -0.16 46.9254 
-0.56 -0.08 53.9666 
-0.56 6.93889e-16 59.4224 
-0.56 0.08 63.2872 
-0.56 0.16 65.8163 
-0.56 0.24 67.273 
-0.56 0.32 67.8503 
-0.56 0.4 67.6627 
-0.56 0.48 66.7613 
-0.56 0.56 65.1534 
-0.56 0.64 62.8258 
-0.56 0.72 59.7773 
-0.56 0.8 56.0875 
-0.56 0.88 52.0467 
-0.56 0.96 48.2597 
-0.56 1.04 45.4418 
-0.56 1.12 43.8925 
-0.56 1.2 43.3046 
-0.56 1.28 43.166 
-0.56 1.36 43.1525 
-0.56 1.44 43.1632 
-0.56 1.52 43.1763 
-0.56 1.6 43.1834 
-0.56 1.68 43.1854 
-0.56 1.76 43.1857 
-0.56 1.84 43.1857 
-0.56 1.92 43.1857 
-0.48 -2 69.847 
-0.48 -1.92 69.8208 
-0.48 -1.84 69.7829 
-0.48 -1.76 69.7281 
-0.48 -1.68 69.649 
-0.48 -1.6 69.5346 
-0.48 -1.52 69.3693 
-0.48 -1.44 69.1304 
-0.48 -1.36 68.7854 
-0.48 -1.28 68.2873 
-0.48 -1.2 67.5686 
-0.48 -1.12 66.5331 
-0.48 -1.04 65.0451 
-0.48 -0.96 62.9176 
-0.48 -0.88 59.9063 
-0.48 -0.8 55.7291 
-0.48 -0.72 50.1653 
-0.48 -0.64 43.3401 
-0.48 -0.56 36.2661 
-0.48 -0.48 31.2446 
-0.48 -0.4 30.8723 
-0.48 -0.32 35.5961 
-0.48 -0.24 43.1354 
-0.48 -0.16 50.7893 
-0.48 -0.08 57.1171 
-0.48 6.93889e-16 61.8042 
-0.48 0.08 65.0308 
-0.48 0.16 67.081 
-0.48 0.24 68.1942 
-0.48 0.32 68.5303 
-0.48 0.4 68.1756 
-0.48 0.48 67.1595 
-0.48 0.56 65.474 
-0.48 0.64 63.0953 
-0.48 0.72 60.015 
-0.48 0.8 56.3073 
-0.48 0.88 52.2584 
-0.48 0.96 48.4689 
-0.48 1.04 45.6508 
-0.48 1.12 44.1023 
-0.48 1.2 43.5164 
-0.48 1.28 43.3813 
-0.48 1.36 43.3713 
-0.48 1.44 43.3846 
-0.48 1.52 43.3991 
-0.48 1.6 43.4068 
-0.48 1.68 43.4089 
-0.48 1.76 43.4092 
-0.48 1.84 43.4092 
-0.48 1.92 43.4092 
-0.4 -2 69.8351 
-0.4 -1.92 69.8036 
-0.4 -1.84 69.758 
-0.4 -1.76 69.6922 
-0.4 -1.68 69.597 
-0.4 -1.6 69.4595 
-0.4 -1.52 69.2608 
-0.4 -1.44 68.9737 
-0.4 -1.36 68.5592 
-0.4 -1.28 67.9607 
-0.4 -1.2 67.0978 
-0.4 -1.12 65.8559 
-0.4 -1.04 64.0749 
-0.4 -0.96 61.5391 
-0.4 -0.88 57.9795 
-0.4 -0.8 53.1237 
-0.4 -0.72 46.8718 
-0.4 -0.64 39.715 
-0.4 -0.56 33.3163 
-0.4 -0.48 30.3885 
-0.4 -0.4 32.742 
-0.4 -0.32 39.2876 
-0.4 -0.24 47.194 
-0.4 -0.16 54.3158 
-0.4 -0.08 59.8581 
-0.4 6.93889e-16 63.8286 
-0.4 0.08 66.4962 
-0.4 0.16 68.1383 
-0.4 0.24 68.9624 
-0.4 0.32 69.0968 
-0.4 0.4 68.6026 
-0.4 0.48 67.4908 
-0.4 0.56 65.7408 
-0.4 0.64 63.3196 
-0.4 0.72 60.2128 
-0.4 0.8 56.4903 
-0.4 0.88 52.4346 
-0.4 0.96 48.643 
-0.4 1.04 45.8249 
-0.4 1.12 44.277 
-0.4 1.2 43.6927 
-0.4 1.28 43.5599 
-0.4 1.36 43.5534 
-0.4 1.44 43.569 
-0.4 1.52 43.5847 
-0.4 1.6 43.5927 
-0.4 1.68 43.5949 
-0.4 1.76 43.5952 
-0.4 1.84 43.5952 
-0.4 1.92 43.5952 
-0.32 -2 69.8208 
-0.32 -1.92 69.7829 
-0.32 -1.84 69.7281 
-0.32 -1.76 69.6489 
-0.32 -1.68 69.5346 
-0.32 -1.6 69.3693 
-0.32 -1.52 69.1304 
-0.32 -1.44 68.7854 
-0.32 -1.36 68.2873 
-0.32 -1.28 67.5685 
-0.32 -1.2 66.5329 
-0.32 -1.12 65.0447 
-0.32 -1.04 62.9167 
-0.32 -0.96 59.9046 
-0.32 -0.88 55.7259 
-0.32 -0.8 50.1598 
-0.32 -0.72 43.3321 
-0.32 -0.64 36.2599 
-0.32 -0.56 31.2552 
-0.32 -0.48 30.9255 
-0.32 -0.4 35.7145 
-0.32 -0.32 43.3249 
-0.32 -0.24 51.0467 
-0.32 -0.16 57.443 
-0.32 -0.08 62.2093 
-0.32 6.93889e-16 65.5373 
-0.32 0.08 67.7236 
-0.32 0.16 69.0206 
-0.32 0.24 69.6024 
-0.32 0.32 69.5683 
-0.32 0.4 68.9579 
-0.32 0.48 67.7666 
-0.32 0.56 65.9628 
-0.32 0.64 63.5062 
-0.32 0.72 60.3773 
-0.32 0.8 56.6425 
-0.32 0.88 52.5812 
-0.32 0.96 48.788 
-0.32 1.04 45.9697 
-0.32 1.12 44.4223 
-0.32 1.2 43.8394 
-0.32 1.28 43.7089 
-0.32 1.36 43.705 
-0.32 1.44 43.7225 
-0.32 1.52 43.7391 
-0.32 1.6 43.7475 
-0.32 1.68 43.7497 
-0.32 1.76 43.7501 
-0.32 1.84 43.7501 
-0.32 1.92 43.7501 
-0.24 -2 69.8036 
-0.24 -1.92 69.758 
-0.24 -1.84 69.6922 
-0.24 -1.76 69.597 
-0.24 -1.68 69.4595 
-0.24 -1.6 69.2608 
-0.24 -1.52 68.9737 
-0.24 -1.44 68.5591 
-0.24 -1.36 67.9607 
-0.24 -1.28 67.0977 
-0.24 -1.2 65.8556 
-0.24 -1.12 64.0744 
-0.24 -1.04 61.5381 
-0.24 -0.96 57.9776 
-0.24 -0.88 53.1201 
-0.24 -0.8 46.866 
-0.24 -0.72 39.7082 
-0.24 -0.64 33.3159 
-0.24 -0.56 30.4122 
-0.24 -0.48 32.8121 
-0.24 -0.4 39.416 
-0.24 -0.32 47.3806 
-0.24 -0.24 54.5583 
-0.24 -0.16 60.1612 
-0.24 -0.08 64.2062 
-0.24 6.93889e-16 66.9726 
-0.24 0.08 68.7492 
-0.24 0.16 69.7561 
-0.24 0.24 70.1352 
-0.24 0.32 69.9608 
-0.24 0.4 69.2535 
-0.24 0.48 67.996 
-0.24 0.56 66.1475 
-0.24 0.64 63.6615 
-0.24 0.72 60.5143 
-0.24 0.8 56.7692 
-0.24 0.88 52.7032 
-0.24 0.96 48.9086 
-0.24 1.04 46.0903 
-0.24 1.12 44.5433 
-0.24 1.2 43.9615 
-0.24 1.28 43.8329 
-0.24 1.36 43.8311 
-0.24 1.44 43.8502 
-0.24 1.52 43.8676 
-0.24 1.6 43.8763 
-0.24 1.68 43.8786 
-0.24 1.76 43.879 
-0.24 1.84 43.879 
-0.24 1.92 43.879 
-0.16 -2 69.7829 
-0.16 -1.92 69.7281 
-0.16 -1.84 69.6489 
-0.16 -1.76 69.5346 
-0.16 -1.68 69.3693 
-0.16 -1.6 69.1304 
-0.16 -1.52 68.7854 
-0.16 -1.44 68.2872 
-0.16 -1.36 67.5685 
-0.16 -1.28 66.5328 
-0.16 -1.2 65.0444 
-0.16 -1.12 62.9162 
-0.16 -1.04 59.9035 
-0.16 -0.96 55.7238 
-0.16 -0.88 50.156 
-0.16 -0.8 43.3265 
-0.16 -0.72 36.2557 
-0.16 -0.64 31.2625 
-0.16 -0.56 30.9626 
-0.16 -0.48 35.7968 
-0.16 -0.4 43.4565 
-0.16 -0.32 51.2254 
-0.16 -0.24 57.6693 
-0.16 -0.16 62.491 
-0.16 -0.08 65.8907 
-0.16 6.93889e-16 68.1743 
-0.16 0.08 69.6048 
-0.16 0.16 70.3687 
-0.16 0.24 70.5788 
-0.16 0.32 70.2873 
-0.16 0.4 69.4995 
-0.16 0.48 68.1869 
-0.16 0.56 66.3011 
-0.16 0.64 63.7907 
-0.16 0.72 60.6282 
-0.16 0.8 56.8746 
-0.16 0.88 52.8048 
-0.16 0.96 49.009 
-0.16 1.04 46.1906 
-0.16 1.12 44.644 
-0.16 1.2 44.0631 
-0.16 1.28 43.9362 
-0.16 1.36 43.9361 
-0.16 1.44 43.9565 
-0.16 1.52 43.9746 
-0.16 1.6 43.9835 
-0.16 1.68 43.9859 
-0.16 1.76 43.9862 
-0.16 1.84 43.9862 
-0.16 1.92 43.9862 
-0.08 -2 69.758 
-0.08 -1.92 69.6922 
-0.08 -1.84 69.597 
-0.08 -1.76 69.4595 
-0.08 -1.68 69.2608 
-0.08 -1.6 68.9737 
-0.08 -1.52 68.5591 
-0.08 -1.44 67.9606 
-0.08 -1.36 67.0976 
-0.08 -1.28 65.8555 
-0.08 -1.2 64.0741 
-0.08 -1.12 61.5374 
-0.08 -1.04 57.9763 
-0.08 -0.96 53.1177 
-0.08 -0.88 46.8621 
-0.08 -0.8 39.7036 
-0.08 -0.72 33.3156 
-0.08 -0.64 30.4287 
-0.08 -0.56 32.8608 
-0.08 -0.48 39.5052 
-0.08 -0.4 47.51 
-0.08 -0.32 54.7265 
-0.08 -0.24 60.3716 
-0.08 -0.16 64.4688 
-0.08 -0.08 67.3052 
-0.08 6.93889e-16 69.1781 
-0.08 0.08 70.3179 
-0.08 0.16 70.8787 
-0.08 0.24 70.9478 
-0.08 0.32 70.559 
-0.08 0.4 69.7042 
-0.08 0.48 68.3457 
-0.08 0.56 66.4289 
-0.08 0.64 63.8982 
-0.08 0.72 60.723 
-0.08 0.8 56.9623 
-0.08 0.88 52.8893 
-0.08 0.96 49.0925 
-0.08 1.04 46.2741 
-0.08 1.12 44.7278 
-0.08 1.2 44.1477 
-0.08 1.28 44.022 
-0.08 1.36 44.0235 
-0.08 1.44 44.045 
-0.08 1.52 44.0636 
-0.08 1.6 44.0727 
-0.08 1.68 44.0751 
-0.08 1.76 44.0755 
-0.08 1.84 44.0755 
-0.08 1.92 44.0755 
