-4 -2 216.266 
-4 -1.92 216.266 
-4 -1.84 216.266 
-4 -1.76 216.266 
-4 -1.68 216.266 
-4 -1.6 216.266 
-4 -1.52 216.266 
-4 -1.44 216.266 
-4 -1.36 216.265 
-4 -1.28 216.265 
-4 -1.2 216.265 
-4 -1.12 216.264 
-4 -1.04 216.264 
-4 -0.96 216.263 
-4 -0.88 216.261 
-4 -0.8 216.259 
-4 -0.72 216.256 
-4 -0.64 216.252 
-4 -0.56 216.245 
-4 -0.48 216.236 
-4 -0.4 216.223 
-4 -0.32 216.204 
-4 -0.24 216.176 
-4 -0.16 216.136 
-4 -0.08 216.079 
-4 6.93889e-16 215.998 
-4 0.08 215.881 
-4 0.16 215.715 
-4 0.24 215.48 
-4 0.32 215.153 
-4 0.4 214.704 
-4 0.48 214.098 
-4 0.56 213.306 
-4 0.64 212.311 
-4 0.72 211.126 
-4 0.8 209.811 
-4 0.88 208.476 
-4 0.96 207.253 
-4 1.04 206.258 
-4 1.12 205.544 
-4 1.2 205.119 
-4 1.28 204.965 
-4 1.36 205.036 
-4 1.44 205.235 
-4 1.52 205.442 
-4 1.6 205.581 
-4 1.68 205.647 
-4 1.76 205.668 
-4 1.84 205.673 
-4 1.92 205.673 
-3.92 -2 216.266 
-3.92 -1.92 216.266 
-3.92 -1.84 216.266 
-3.92 -1.76 216.266 
-3.92 -1.68 216.266 
-3.92 -1.6 216.266 
-3.92 -1.52 216.266 
-3.92 -1.44 216.265 
-3.92 -1.36 216.265 
-3.92 -1.28 216.265 
-3.92 -1.2 216.265 
-3.92 -1.12 216.264 
-3.92 -1.04 216.263 
-3.92 -0.96 216.262 
-3.92 -0.88 216.26 
-3.92 -0.8 216.258 
-3.92 -0.72 216.254 
-3.92 -0.64 216.249 
-3.92 -0.56 216.241 
-3.92 -0.48 216.23 
-3.92 -0.4 216.214 
-3.92 -0.32 216.191 
-3.92 -0.24 216.158 
-3.92 -0.16 216.11 
-3.92 -0.08 216.042 
-3.92 6.93889e-16 215.943 
-3.92 0.08 215.803 
-3.92 0.16 215.603 
-3.92 0.24 215.321 
-3.92 0.32 214.927 
-3.92 0.4 214.385 
-3.92 0.48 213.655 
-3.92 0.56 212.699 
-3.92 0.64 211.497 
-3.92 0.72 210.064 
-3.92 0.8 208.471 
-3.92 0.88 206.849 
-3.92 0.96 205.363 
-3.92 1.04 204.149 
-3.92 1.12 203.279 
-3.92 1.2 202.759 
-3.92 1.28 202.571 
-3.92 1.36 202.657 
-3.92 1.44 202.9 
-3.92 1.52 203.153 
-3.92 1.6 203.323 
-3.92 1.68 203.403 
-3.92 1.76 203.429 
-3.92 1.84 203.434 
-3.92 1.92 203.435 
-3.84 -2 216.266 
-3.84 -1.92 216.266 
-3.84 -1.84 216.266 
-3.84 -1.76 216.266 
-3.84 -1.68 216.266 
-3.84 -1.6 216.266 
-3.84 -1.52 216.266 
-3.84 -1.44 216.265 
-3.84 -1.36 216.265 
-3.84 -1.28 216.265 
-3.84 -1.2 216.264 
-3.84 -1.12 216.264 
-3.84 -1.04 216.263 
-3.84 -0.96 216.261 
-3.84 -0.88 216.259 
-3.84 -0.8 216.256 
-3.84 -0.72 216.252 
-3.84 -0.64 216.245 
-3.84 -0.56 216.236 
-3.84 -0.48 216.223 
-3.84 -0.4 216.204 
-3.84 -0.32 216.176 
-3.84 -0.24 216.136 
-3.84 -0.16 216.079 
-3.84 -0.08 215.996 
-3.84 6.93889e-16 215.878 
-3.84 0.08 215.709 
-3.84 0.16 215.468 
-3.84 0.24 215.129 
-3.84 0.32 214.655 
-3.84 0.4 214.002 
-3.84 0.48 213.121 
-3.84 0.56 211.967 
-3.84 0.64 210.514 
-3.84 0.72 208.778 
-3.84 0.8 206.845 
-3.84 0.88 204.874 
-3.84 0.96 203.063 
-3.84 1.04 201.582 
-3.84 1.12 200.517 
-3.84 1.2 199.881 
-3.84 1.28 199.65 
-3.84 1.36 199.756 
-3.84 1.44 200.053 
-3.84 1.52 200.361 
-3.84 1.6 200.569 
-3.84 1.68 200.666 
-3.84 1.76 200.698 
-3.84 1.84 200.705 
-3.84 1.92 200.705 
-3.76 -2 216.266 
-3.76 -1.92 216.266 
-3.76 -1.84 216.266 
-3.76 -1.76 216.266 
-3.76 -1.68 216.266 
-3.76 -1.6 216.266 
-3.76 -1.52 216.265 
-3.76 -1.44 216.265 
-3.76 -1.36 216.265 
-3.76 -1.28 216.265 
-3.76 -1.2 216.264 
-3.76 -1.12 216.263 
-3.76 -1.04 216.262 
-3.76 -0.96 216.26 
-3.76 -0.88 216.258 
-3.76 -0.8 216.254 
-3.76 -0.72 216.249 
-3.76 -0.64 216.241 
-3.76 -0.56 216.23 
-3.76 -0.48 216.214 
-3.76 -0.4 216.191 
-3.76 -0.32 216.158 
-3.76 -0.24 216.11 
-3.76 -0.16 216.041 
-3.76 -0.08 215.942 
-3.76 6.93889e-16 215.799 
-3.76 0.08 215.596 
-3.76 0.16 215.307 
-3.76 0.24 214.898 
-3.76 0.32 214.327 
-3.76 0.4 213.54 
-3.76 0.48 212.477 
-3.76 0.56 211.083 
-3.76 0.64 209.324 
-3.76 0.72 207.219 
-3.76 0.8 204.872 
-3.76 0.88 202.472 
-3.76 0.96 200.262 
-3.76 1.04 198.451 
-3.76 1.12 197.146 
-3.76 1.2 196.365 
-3.76 1.28 196.082 
-3.76 1.36 196.212 
-3.76 1.44 196.575 
-3.76 1.52 196.952 
-3.76 1.6 197.206 
-3.76 1.68 197.325 
-3.76 1.76 197.364 
-3.76 1.84 197.372 
-3.76 1.92 197.373 
-3.68 -2 216.266 
-3.68 -1.92 216.266 
-3.68 -1.84 216.266 
-3.68 -1.76 216.266 
-3.68 -1.68 216.266 
-3.68 -1.6 216.266 
-3.68 -1.52 216.265 
-3.68 -1.44 216.265 
-3.68 -1.36 216.265 
-3.68 -1.28 216.264 
-3.68 -1.2 216.264 
-3.68 -1.12 216.263 
-3.68 -1.04 216.261 
-3.68 -0.96 216.259 
-3.68 -0.88 216.256 
-3.68 -0.8 216.252 
-3.68 -0.72 216.245 
-3.68 -0.64 216.236 
-3.68 -0.56 216.223 
-3.68 -0.48 216.204 
-3.68 -0.4 216.176 
-3.68 -0.32 216.136 
-3.68 -0.24 216.078 
-3.68 -0.16 215.995 
-3.68 -0.08 215.876 
-3.68 6.93889e-16 215.705 
-3.68 0.08 215.46 
-3.68 0.16 215.112 
-3.68 0.24 214.62 
-3.68 0.32 213.931 
-3.68 0.4 212.982 
-3.68 0.48 211.699 
-3.68 0.56 210.013 
-3.68 0.64 207.882 
-3.68 0.72 205.328 
-3.68 0.8 202.473 
-3.68 0.88 199.548 
-3.68 0.96 196.848 
-3.68 1.04 194.628 
-3.68 1.12 193.026 
-3.68 1.2 192.067 
-3.68 1.28 191.719 
-3.68 1.36 191.878 
-3.68 1.44 192.323 
-3.68 1.52 192.785 
-3.68 1.6 193.095 
-3.68 1.68 193.241 
-3.68 1.76 193.288 
-3.68 1.84 193.298 
-3.68 1.92 193.299 
-3.6 -2 216.266 
-3.6 -1.92 216.266 
-3.6 -1.84 216.266 
-3.6 -1.76 216.266 
-3.6 -1.68 216.266 
-3.6 -1.6 216.265 
-3.6 -1.52 216.265 
-3.6 -1.44 216.265 
-3.6 -1.36 216.265 
-3.6 -1.28 216.264 
-3.6 -1.2 216.263 
-3.6 -1.12 216.262 
-3.6 -1.04 216.26 
-3.6 -0.96 216.258 
-3.6 -0.88 216.254 
-3.6 -0.8 216.249 
-3.6 -0.72 216.241 
-3.6 -0.64 216.23 
-3.6 -0.56 216.214 
-3.6 -0.48 216.191 
-3.6 -0.4 216.158 
-3.6 -0.32 216.11 
-3.6 -0.24 216.04 
-3.6 -0.16 215.94 
-3.6 -0.08 215.797 
-3.6 6.93889e-16 215.591 
-3.6 0.08 215.296 
-3.6 0.16 214.877 
-3.6 0.24 214.284 
-3.6 0.32 213.455 
-3.6 0.4 212.309 
-3.6 0.48 210.758 
-3.6 0.56 208.718 
-3.6 0.64 206.134 
-3.6 0.72 203.032 
-3.6 0.8 199.556 
-3.6 0.88 195.986 
-3.6 0.96 192.683 
-3.6 1.04 189.96 
-3.6 1.12 187.99 
-3.6 1.2 186.81 
-3.6 1.28 186.381 
-3.6 1.36 186.576 
-3.6 1.44 187.122 
-3.6 1.52 187.687 
-3.6 1.6 188.066 
-3.6 1.68 188.245 
-3.6 1.76 188.303 
-3.6 1.84 188.315 
-3.6 1.92 188.317 
-3.52 -2 216.266 
-3.52 -1.92 216.266 
-3.52 -1.84 216.266 
-3.52 -1.76 216.266 
-3.52 -1.68 216.266 
-3.52 -1.6 216.265 
-3.52 -1.52 216.265 
-3.52 -1.44 216.265 
-3.52 -1.36 216.264 
-3.52 -1.28 216.264 
-3.52 -1.2 216.263 
-3.52 -1.12 216.261 
-3.52 -1.04 216.259 
-3.52 -0.96 216.256 
-3.52 -0.88 216.252 
-3.52 -0.8 216.245 
-3.52 -0.72 216.236 
-3.52 -0.64 216.223 
-3.52 -0.56 216.204 
-3.52 -0.48 216.176 
-3.52 -0.4 216.136 
-3.52 -0.32 216.078 
-3.52 -0.24 215.995 
-3.52 -0.16 215.875 
-3.52 -0.08 215.702 
-3.52 6.93889e-16 215.454 
-3.52 0.08 215.099 
-3.52 0.16 214.595 
-3.52 0.24 213.88 
-3.52 0.32 212.879 
-3.52 0.4 211.496 
-3.52 0.48 209.621 
-3.52 0.56 207.149 
-3.52 0.64 204.013 
-3.52 0.72 200.24 
-3.52 0.8 196.005 
-3.52 0.88 191.647 
-3.52 0.96 187.604 
-3.52 1.04 184.262 
-3.52 1.12 181.838 
-3.52 1.2 180.383 
-3.52 1.28 179.855 
-3.52 1.36 180.094 
-3.52 1.44 180.762 
-3.52 1.52 181.454 
-3.52 1.6 181.918 
-3.52 1.68 182.136 
-3.52 1.76 182.208 
-3.52 1.84 182.223 
-3.52 1.92 182.225 
-3.44 -2 216.266 
-3.44 -1.92 216.266 
-3.44 -1.84 216.266 
-3.44 -1.76 216.266 
-3.44 -1.68 216.265 
-3.44 -1.6 216.265 
-3.44 -1.52 216.265 
-3.44 -1.44 216.265 
-3.44 -1.36 216.264 
-3.44 -1.28 216.263 
-3.44 -1.2 216.262 
-3.44 -1.12 216.26 
-3.44 -1.04 216.258 
-3.44 -0.96 216.254 
-3.44 -0.88 216.249 
-3.44 -0.8 216.241 
-3.44 -0.72 216.23 
-3.44 -0.64 216.214 
-3.44 -0.56 216.191 
-3.44 -0.48 216.158 
-3.44 -0.4 216.109 
-3.44 -0.32 216.04 
-3.44 -0.24 215.94 
-3.44 -0.16 215.795 
-3.44 -0.08 215.587 
-3.44 6.93889e-16 215.289 
-3.44 0.08 214.862 
-3.44 0.16 214.254 
-3.44 0.24 213.393 
-3.44 0.32 212.185 
-3.44 0.4 210.513 
-3.44 0.48 208.244 
-3.44 0.56 205.246 
-3.44 0.64 201.437 
-3.44 0.72 196.846 
-3.44 0.8 191.684 
-3.44 0.88 186.365 
-3.44 0.96 181.419 
-3.44 1.04 177.32 
-3.44 1.12 174.338 
-3.44 1.2 172.547 
-3.44 1.28 171.897 
-3.44 1.36 172.188 
-3.44 1.44 173.005 
-3.44 1.52 173.849 
-3.44 1.6 174.415 
-3.44 1.68 174.681 
-3.44 1.76 174.768 
-3.44 1.84 174.787 
-3.44 1.92 174.789 
-3.36 -2 216.266 
-3.36 -1.92 216.266 
-3.36 -1.84 216.266 
-3.36 -1.76 216.266 
-3.36 -1.68 216.265 
-3.36 -1.6 216.265 
-3.36 -1.52 216.265 
-3.36 -1.44 216.264 
-3.36 -1.36 216.264 
-3.36 -1.28 216.263 
-3.36 -1.2 216.261 
-3.36 -1.12 216.259 
-3.36 -1.04 216.256 
-3.36 -0.96 216.252 
-3.36 -0.88 216.245 
-3.36 -0.8 216.236 
-3.36 -0.72 216.223 
-3.36 -0.64 216.204 
-3.36 -0.56 216.176 
-3.36 -0.48 216.136 
-3.36 -0.4 216.078 
-3.36 -0.32 215.994 
-3.36 -0.24 215.874 
-3.36 -0.16 215.7 
-3.36 -0.08 215.45 
-3.36 6.93889e-16 215.091 
-3.36 0.08 214.577 
-3.36 0.16 213.844 
-3.36 0.24 212.805 
-3.36 0.32 211.346 
-3.36 0.4 209.324 
-3.36 0.48 206.575 
-3.36 0.56 202.938 
-3.36 0.64 198.308 
-3.36 0.72 192.721 
-3.36 0.8 186.434 
-3.36 0.88 179.95 
-3.36 0.96 173.913 
-3.36 1.04 168.897 
-3.36 1.12 165.238 
-3.36 1.2 163.038 
-3.36 1.28 162.24 
-3.36 1.36 162.594 
-3.36 1.44 163.586 
-3.36 1.52 164.611 
-3.36 1.6 165.298 
-3.36 1.68 165.621 
-3.36 1.76 165.726 
-3.36 1.84 165.749 
-3.36 1.92 165.751 
-3.28 -2 216.266 
-3.28 -1.92 216.266 
-3.28 -1.84 216.266 
-3.28 -1.76 216.265 
-3.28 -1.68 216.265 
-3.28 -1.6 216.265 
-3.28 -1.52 216.265 
-3.28 -1.44 216.264 
-3.28 -1.36 216.263 
-3.28 -1.28 216.262 
-3.28 -1.2 216.26 
-3.28 -1.12 216.258 
-3.28 -1.04 216.254 
-3.28 -0.96 216.249 
-3.28 -0.88 216.241 
-3.28 -0.8 216.23 
-3.28 -0.72 216.214 
-3.28 -0.64 216.191 
-3.28 -0.56 216.158 
-3.28 -0.48 216.109 
-3.28 -0.4 216.04 
-3.28 -0.32 215.939 
-3.28 -0.24 215.794 
-3.28 -0.16 215.585 
-3.28 -0.08 215.284 
-3.28 6.93889e-16 214.852 
-3.28 0.08 214.233 
-3.28 0.16 213.349 
-3.28 0.24 212.095 
-3.28 0.32 210.333 
-3.28 0.4 207.885 
-3.28 0.48 204.552 
-3.28 0.56 200.135 
-3.28 0.64 194.507 
-3.28 0.72 187.713 
-3.28 0.8 180.072 
-3.28 0.88 172.198 
-3.28 0.96 164.862 
-3.28 1.04 158.754 
-3.28 1.12 154.288 
-3.28 1.2 151.6 
-3.28 1.28 150.626 
-3.28 1.36 151.052 
-3.28 1.44 152.247 
-3.28 1.52 153.48 
-3.28 1.6 154.305 
-3.28 1.68 154.693 
-3.28 1.76 154.82 
-3.28 1.84 154.847 
-3.28 1.92 154.85 
-3.2 -2 216.266 
-3.2 -1.92 216.266 
-3.2 -1.84 216.266 
-3.2 -1.76 216.265 
-3.2 -1.68 216.265 
-3.2 -1.6 216.265 
-3.2 -1.52 216.264 
-3.2 -1.44 216.264 
-3.2 -1.36 216.263 
-3.2 -1.28 216.261 
-3.2 -1.2 216.259 
-3.2 -1.12 216.256 
-3.2 -1.04 216.252 
-3.2 -0.96 216.245 
-3.2 -0.88 216.236 
-3.2 -0.8 216.223 
-3.2 -0.72 216.204 
-3.2 -0.64 216.176 
-3.2 -0.56 216.136 
-3.2 -0.48 216.078 
-3.2 -0.4 215.994 
-3.2 -0.32 215.873 
-3.2 -0.24 215.698 
-3.2 -0.16 215.447 
-3.2 -0.08 215.085 
-3.2 6.93889e-16 214.564 
-3.2 0.08 213.818 
-3.2 0.16 212.752 
-3.2 0.24 211.238 
-3.2 0.32 209.106 
-3.2 0.4 206.142 
-3.2 0.48 202.097 
-3.2 0.56 196.731 
-3.2 0.64 189.894 
-3.2 0.72 181.652 
-3.2 0.8 172.407 
-3.2 0.88 162.905 
-3.2 0.96 154.064 
-3.2 1.04 146.691 
-3.2 1.12 141.286 
-3.2 1.2 138.033 
-3.2 1.28 136.855 
-3.2 1.36 137.361 
-3.2 1.44 138.78 
-3.2 1.52 140.24 
-3.2 1.6 141.217 
-3.2 1.68 141.676 
-3.2 1.76 141.827 
-3.2 1.84 141.858 
-3.2 1.92 141.862 
-3.12 -2 216.266 
-3.12 -1.92 216.266 
-3.12 -1.84 216.265 
-3.12 -1.76 216.265 
-3.12 -1.68 216.265 
-3.12 -1.6 216.265 
-3.12 -1.52 216.264 
-3.12 -1.44 216.263 
-3.12 -1.36 216.262 
-3.12 -1.28 216.26 
-3.12 -1.2 216.258 
-3.12 -1.12 216.254 
-3.12 -1.04 216.249 
-3.12 -0.96 216.241 
-3.12 -0.88 216.23 
-3.12 -0.8 216.214 
-3.12 -0.72 216.191 
-3.12 -0.64 216.157 
-3.12 -0.56 216.109 
-3.12 -0.48 216.039 
-3.12 -0.4 215.939 
-3.12 -0.32 215.793 
-3.12 -0.24 215.583 
-3.12 -0.16 215.281 
-3.12 -0.08 214.845 
-3.12 6.93889e-16 214.218 
-3.12 0.08 213.318 
-3.12 0.16 212.031 
-3.12 0.24 210.202 
-3.12 0.32 207.621 
-3.12 0.4 204.027 
-3.12 0.48 199.118 
-3.12 0.56 192.602 
-3.12 0.64 184.313 
-3.12 0.72 174.357 
-3.12 0.8 163.254 
-3.12 0.88 151.91 
-3.12 0.96 141.389 
-3.12 1.04 132.61 
-3.12 1.12 126.158 
-3.12 1.2 122.273 
-3.12 1.28 120.872 
-3.12 1.36 121.458 
-3.12 1.44 123.107 
-3.12 1.52 124.8 
-3.12 1.6 125.932 
-3.12 1.68 126.464 
-3.12 1.76 126.638 
-3.12 1.84 126.674 
-3.12 1.92 126.679 
-3.04 -2 216.266 
-3.04 -1.92 216.266 
-3.04 -1.84 216.265 
-3.04 -1.76 216.265 
-3.04 -1.68 216.265 
-3.04 -1.6 216.264 
-3.04 -1.52 216.264 
-3.04 -1.44 216.263 
-3.04 -1.36 216.261 
-3.04 -1.28 216.259 
-3.04 -1.2 216.256 
-3.04 -1.12 216.252 
-3.04 -1.04 216.245 
-3.04 -0.96 216.236 
-3.04 -0.88 216.223 
-3.04 -0.8 216.203 
-3.04 -0.72 216.176 
-3.04 -0.64 216.136 
-3.04 -0.56 216.077 
-3.04 -0.48 215.994 
-3.04 -0.4 215.872 
-3.04 -0.32 215.697 
-3.04 -0.24 215.445 
-3.04 -0.16 215.081 
-3.04 -0.08 214.556 
-3.04 6.93889e-16 213.8 
-3.04 0.08 212.714 
-3.04 0.16 211.161 
-3.04 0.24 208.948 
-3.04 0.32 205.822 
-3.04 0.4 201.463 
-3.04 0.48 195.503 
-3.04 0.56 187.603 
-3.04 0.64 177.592 
-3.04 0.72 165.658 
-3.04 0.8 152.483 
-3.04 0.88 139.155 
-3.04 0.96 126.867 
-3.04 1.04 116.614 
-3.04 1.12 109.059 
-3.04 1.2 104.514 
-3.04 1.28 102.879 
-3.04 1.36 103.539 
-3.04 1.44 105.399 
-3.04 1.52 107.301 
-3.04 1.6 108.572 
-3.04 1.68 109.169 
-3.04 1.76 109.364 
-3.04 1.84 109.406 
-3.04 1.92 109.411 
-2.96 -2 216.266 
-2.96 -1.92 216.265 
-2.96 -1.84 216.265 
-2.96 -1.76 216.265 
-2.96 -1.68 216.265 
-2.96 -1.6 216.264 
-2.96 -1.52 216.263 
-2.96 -1.44 216.262 
-2.96 -1.36 216.26 
-2.96 -1.28 216.258 
-2.96 -1.2 216.254 
-2.96 -1.12 216.249 
-2.96 -1.04 216.241 
-2.96 -0.96 216.23 
-2.96 -0.88 216.214 
-2.96 -0.8 216.191 
-2.96 -0.72 216.157 
-2.96 -0.64 216.109 
-2.96 -0.56 216.039 
-2.96 -0.48 215.938 
-2.96 -0.4 215.793 
-2.96 -0.32 215.582 
-2.96 -0.24 215.278 
-2.96 -0.16 214.84 
-2.96 -0.08 214.207 
-2.96 6.93889e-16 213.296 
-2.96 0.08 211.986 
-2.96 0.16 210.108 
-2.96 0.24 207.43 
-2.96 0.32 203.641 
-2.96 0.4 198.351 
-2.96 0.48 191.123 
-2.96 0.56 181.573 
-2.96 0.64 169.565 
-2.96 0.72 155.431 
-2.96 0.8 140.076 
-2.96 0.88 124.774 
-2.96 0.96 110.787 
-2.96 1.04 99.1215 
-2.96 1.12 90.497 
-2.96 1.2 85.3126 
-2.96 1.28 83.4575 
-2.96 1.36 84.171 
-2.96 1.44 86.1887 
-2.96 1.52 88.2393 
-2.96 1.6 89.6058 
-2.96 1.68 90.2485 
-2.96 1.76 90.4591 
-2.96 1.84 90.5038 
-2.96 1.92 90.5091 
-2.88 -2 216.266 
-2.88 -1.92 216.265 
-2.88 -1.84 216.265 
-2.88 -1.76 216.265 
-2.88 -1.68 216.264 
-2.88 -1.6 216.264 
-2.88 -1.52 216.263 
-2.88 -1.44 216.261 
-2.88 -1.36 216.259 
-2.88 -1.28 216.256 
-2.88 -1.2 216.252 
-2.88 -1.12 216.245 
-2.88 -1.04 216.236 
-2.88 -0.96 216.223 
-2.88 -0.88 216.203 
-2.88 -0.8 216.176 
-2.88 -0.72 216.135 
-2.88 -0.64 216.077 
-2.88 -0.56 215.993 
-2.88 -0.48 215.872 
-2.88 -0.4 215.697 
-2.88 -0.32 215.444 
-2.88 -0.24 215.078 
-2.88 -0.16 214.549 
-2.88 -0.08 213.787 
-2.88 6.93889e-16 212.688 
-2.88 0.08 211.106 
-2.88 0.16 208.835 
-2.88 0.24 205.591 
-2.88 0.32 200.996 
-2.88 0.4 194.578 
-2.88 0.48 185.83 
-2.88 0.56 174.35 
-2.88 0.64 160.102 
-2.88 0.72 143.662 
-2.88 0.8 126.217 
-2.88 0.88 109.187 
-2.88 0.96 93.7898 
-2.88 1.04 80.9395 
-2.88 1.12 71.3927 
-2.88 1.2 65.6588 
-2.88 1.28 63.6192 
-2.88 1.36 64.3534 
-2.88 1.44 66.4376 
-2.88 1.52 68.5355 
-2.88 1.6 69.9275 
-2.88 1.68 70.5821 
-2.88 1.76 70.7969 
-2.88 1.84 70.8425 
-2.88 1.92 70.848 
-2.8 -2 216.265 
-2.8 -1.92 216.265 
-2.8 -1.84 216.265 
-2.8 -1.76 216.265 
-2.8 -1.68 216.264 
-2.8 -1.6 216.263 
-2.8 -1.52 216.262 
-2.8 -1.44 216.26 
-2.8 -1.36 216.258 
-2.8 -1.28 216.254 
-2.8 -1.2 216.249 
-2.8 -1.12 216.241 
-2.8 -1.04 216.23 
-2.8 -0.96 216.214 
-2.8 -0.88 216.191 
-2.8 -0.8 216.157 
-2.8 -0.72 216.109 
-2.8 -0.64 216.039 
-2.8 -0.56 215.938 
-2.8 -0.48 215.792 
-2.8 -0.4 215.581 
-2.8 -0.32 215.277 
-2.8 -0.24 214.836 
-2.8 -0.16 214.2 
-2.8 -0.08 213.281 
-2.8 6.93889e-16 211.954 
-2.8 0.08 210.042 
-2.8 0.16 207.294 
-2.8 0.24 203.362 
-2.8 0.32 197.787 
-2.8 0.4 190.012 
-2.8 0.48 179.466 
-2.8 0.56 165.791 
-2.8 0.64 149.162 
-2.8 0.72 130.525 
-2.8 0.8 111.378 
-2.8 0.88 93.1657 
-2.8 0.96 76.8809 
-2.8 1.04 63.2397 
-2.8 1.12 53.0254 
-2.8 1.2 46.8922 
-2.8 1.28 44.7256 
-2.8 1.36 45.439 
-2.8 1.44 47.4729 
-2.8 1.52 49.4883 
-2.8 1.6 50.8148 
-2.8 1.68 51.4379 
-2.8 1.76 51.6426 
-2.8 1.84 51.6862 
-2.8 1.92 51.6915 
-2.72 -2 216.265 
-2.72 -1.92 216.265 
-2.72 -1.84 216.265 
-2.72 -1.76 216.264 
-2.72 -1.68 216.264 
-2.72 -1.6 216.263 
-2.72 -1.52 216.261 
-2.72 -1.44 216.259 
-2.72 -1.36 216.256 
-2.72 -1.28 216.252 
-2.72 -1.2 216.245 
-2.72 -1.12 216.236 
-2.72 -1.04 216.223 
-2.72 -0.96 216.203 
-2.72 -0.88 216.176 
-2.72 -0.8 216.135 
-2.72 -0.72 216.077 
-2.72 -0.64 215.993 
-2.72 -0.56 215.872 
-2.72 -0.48 215.696 
-2.72 -0.4 215.443 
-2.72 -0.32 215.076 
-2.72 -0.24 214.545 
-2.72 -0.16 213.778 
-2.72 -0.08 212.67 
-2.72 6.93889e-16 211.068 
-2.72 0.08 208.756 
-2.72 0.16 205.427 
-2.72 0.24 200.658 
-2.72 0.32 193.899 
-2.72 0.4 184.503 
-2.72 0.48 171.88 
-2.72 0.56 155.813 
-2.72 0.64 136.866 
-2.72 0.72 116.468 
-2.72 0.8 96.3613 
-2.72 0.88 77.7885 
-2.72 0.96 61.3089 
-2.72 1.04 47.3677 
-2.72 1.12 36.7994 
-2.72 1.2 30.4473 
-2.72 1.28 28.2204 
-2.72 1.36 28.8722 
-2.72 1.44 30.7401 
-2.72 1.52 32.5435 
-2.72 1.6 33.7127 
-2.72 1.68 34.26 
-2.72 1.76 34.4402 
-2.72 1.84 34.4787 
-2.72 1.92 34.4833 
-2.64 -2 216.265 
-2.64 -1.92 216.265 
-2.64 -1.84 216.265 
-2.64 -1.76 216.264 
-2.64 -1.68 216.263 
-2.64 -1.6 216.262 
-2.64 -1.52 216.26 
-2.64 -1.44 216.258 
-2.64 -1.36 216.254 
-2.64 -1.28 216.249 
-2.64 -1.2 216.241 
-2.64 -1.12 216.23 
-2.64 -1.04 216.214 
-2.64 -0.96 216.191 
-2.64 -0.88 216.157 
-2.64 -0.8 216.109 
-2.64 -0.72 216.039 
-2.64 -0.64 215.938 
-2.64 -0.56 215.792 
-2.64 -0.48 215.581 
-2.64 -0.4 215.275 
-2.64 -0.32 214.834 
-2.64 -0.24 214.195 
-2.64 -0.16 213.27 
-2.64 -0.08 211.932 
-2.64 6.93889e-16 209.996 
-2.64 0.08 207.198 
-2.64 0.16 203.163 
-2.64 0.24 197.38 
-2.64 0.32 189.198 
-2.64 0.4 177.899 
-2.64 0.48 162.952 
-2.64 0.56 144.461 
-2.64 0.64 123.575 
-2.64 0.72 102.25 
-2.64 0.8 82.2369 
-2.64 0.88 64.2586 
-2.64 0.96 48.2896 
-2.64 1.04 34.5172 
-2.64 1.12 23.8901 
-2.64 1.2 17.4856 
-2.64 1.28 15.2576 
-2.64 1.36 15.8188 
-2.64 1.44 17.4363 
-2.64 1.52 18.9331 
-2.64 1.6 19.8771 
-2.64 1.68 20.3155 
-2.64 1.76 20.4602 
-2.64 1.84 20.4912 
-2.64 1.92 20.4949 
-2.56 -2 216.265 
-2.56 -1.92 216.265 
-2.56 -1.84 216.264 
-2.56 -1.76 216.264 
-2.56 -1.68 216.263 
-2.56 -1.6 216.261 
-2.56 -1.52 216.259 
-2.56 -1.44 216.256 
-2.56 -1.36 216.252 
-2.56 -1.28 216.245 
-2.56 -1.2 216.236 
-2.56 -1.12 216.223 
-2.56 -1.04 216.203 
-2.56 -0.96 216.176 
-2.56 -0.88 216.135 
-2.56 -0.8 216.077 
-2.56 -0.72 215.993 
-2.56 -0.64 215.872 
-2.56 -0.56 215.696 
-2.56 -0.48 215.442 
-2.56 -0.4 215.074 
-2.56 -0.32 214.542 
-2.56 -0.24 213.772 
-2.56 -0.16 212.657 
-2.56 -0.08 211.041 
-2.56 6.93889e-16 208.7 
-2.56 0.08 205.31 
-2.56 0.16 200.418 
-2.56 0.24 193.41 
-2.56 0.32 183.535 
-2.56 0.4 170.056 
-2.56 0.48 152.649 
-2.56 0.56 131.981 
-2.56 0.64 109.953 
-2.56 0.72 88.8887 
-2.56 0.8 70.1336 
-2.56 0.88 53.6036 
-2.56 0.96 38.6799 
-2.56 1.04 25.407 
-2.56 1.12 14.9308 
-2.56 1.2 8.59 
-2.56 1.28 6.39998 
-2.56 1.36 6.86001 
-2.56 1.44 8.19371 
-2.56 1.52 9.34705 
-2.56 1.6 10.0385 
-2.56 1.68 10.3543 
-2.56 1.76 10.4588 
-2.56 1.84 10.4813 
-2.56 1.92 10.484 
-2.48 -2 216.265 
-2.48 -1.92 216.265 
-2.48 -1.84 216.264 
-2.48 -1.76 216.263 
-2.48 -1.68 216.262 
-2.48 -1.6 216.26 
-2.48 -1.52 216.258 
-2.48 -1.44 216.254 
-2.48 -1.36 216.249 
-2.48 -1.28 216.241 
-2.48 -1.2 216.23 
-2.48 -1.12 216.214 
-2.48 -1.04 216.191 
-2.48 -0.96 216.157 
-2.48 -0.88 216.109 
-2.48 -0.8 216.039 
-2.48 -0.72 215.938 
-2.48 -0.64 215.792 
-2.48 -0.56 215.58 
-2.48 -0.48 215.275 
-2.48 -0.4 214.832 
-2.48 -0.32 214.191 
-2.48 -0.24 213.263 
-2.48 -0.16 211.917 
-2.48 -0.08 209.964 
-2.48 6.93889e-16 207.13 
-2.48 0.08 203.022 
-2.48 0.16 197.09 
-2.48 0.24 188.612 
-2.48 0.32 176.759 
-2.48 0.4 160.881 
-2.48 0.48 141.09 
-2.48 0.56 118.888 
-2.48 0.64 96.9283 
-2.48 0.72 77.4615 
-2.48 0.8 60.9491 
-2.48 0.88 46.3956 
-2.48 0.96 32.7635 
-2.48 1.04 20.1295 
-2.48 1.12 9.9018 
-2.48 1.2 3.67889 
-2.48 1.28 1.54262 
-2.48 1.36 1.90835 
-2.48 1.44 2.97515 
-2.48 1.52 3.80584 
-2.48 1.6 4.25906 
-2.48 1.68 4.45856 
-2.48 1.76 4.52489 
-2.48 1.84 4.5393 
-2.48 1.92 4.54105 
-2.4 -2 216.265 
-2.4 -1.92 216.264 
-2.4 -1.84 216.264 
-2.4 -1.76 216.263 
-2.4 -1.68 216.261 
-2.4 -1.6 216.259 
-2.4 -1.52 216.256 
-2.4 -1.44 216.252 
-2.4 -1.36 216.245 
-2.4 -1.28 216.236 
-2.4 -1.2 216.223 
-2.4 -1.12 216.203 
-2.4 -1.04 216.176 
-2.4 -0.96 216.135 
-2.4 -0.88 216.077 
-2.4 -0.8 215.993 
-2.4 -0.72 215.872 
-2.4 -0.64 215.696 
-2.4 -0.56 215.441 
-2.4 -0.48 215.073 
-2.4 -0.4 214.54 
-2.4 -0.32 213.768 
-2.4 -0.24 212.648 
-2.4 -0.16 211.022 
-2.4 -0.08 208.66 
-2.4 6.93889e-16 205.228 
-2.4 0.08 200.248 
-2.4 0.16 193.061 
-2.4 0.24 182.839 
-2.4 0.32 168.74 
-2.4 0.4 150.381 
-2.4 0.48 128.624 
-2.4 0.56 105.986 
-2.4 0.64 85.5465 
-2.4 0.72 68.832 
-2.4 0.8 55.1062 
-2.4 0.88 42.6361 
-2.4 0.96 30.2551 
-2.4 1.04 18.231 
-2.4 1.12 8.25568 
-2.4 1.2 2.15441 
-2.4 1.28 0.0696243 
-2.4 1.36 0.359383 
-2.4 1.44 1.20948 
-2.4 1.52 1.77738 
-2.4 1.6 2.03543 
-2.4 1.68 2.13921 
-2.4 1.76 2.174 
-2.4 1.84 2.18174 
-2.4 1.92 2.18269 
-2.32 -2 216.265 
-2.32 -1.92 216.264 
-2.32 -1.84 216.263 
-2.32 -1.76 216.262 
-2.32 -1.68 216.26 
-2.32 -1.6 216.258 
-2.32 -1.52 216.254 
-2.32 -1.44 216.249 
-2.32 -1.36 216.241 
-2.32 -1.28 216.23 
-2.32 -1.2 216.214 
-2.32 -1.12 216.191 
-2.32 -1.04 216.157 
-2.32 -0.96 216.109 
-2.32 -0.88 216.039 
-2.32 -0.8 215.938 
-2.32 -0.72 215.792 
-2.32 -0.64 215.58 
-2.32 -0.56 215.274 
-2.32 -0.48 214.831 
-2.32 -0.4 214.189 
-2.32 -0.32 213.258 
-2.32 -0.24 211.906 
-2.32 -0.16 209.941 
-2.32 -0.08 207.083 
-2.32 6.93889e-16 202.923 
-2.32 0.08 196.885 
-2.32 0.16 188.195 
-2.32 0.24 175.944 
-2.32 0.32 159.402 
-2.32 0.4 138.736 
-2.32 0.48 115.876 
-2.32 0.56 94.2647 
-2.32 0.64 76.7111 
-2.32 0.72 63.4116 
-2.32 0.8 52.4863 
-2.32 0.88 41.8503 
-2.32 0.96 30.4871 
-2.32 1.04 18.9442 
-2.32 1.12 9.17051 
-2.32 1.2 3.16631 
-2.32 1.28 1.1212 
-2.32 1.36 1.35727 
-2.32 1.44 2.05312 
-2.32 1.52 2.43285 
-2.32 1.6 2.55013 
-2.32 1.68 2.58453 
-2.32 1.76 2.5964 
-2.32 1.84 2.59928 
-2.32 1.92 2.59965 
-2.24 -2 216.264 
-2.24 -1.92 216.264 
-2.24 -1.84 216.263 
-2.24 -1.76 216.261 
-2.24 -1.68 216.259 
-2.24 -1.6 216.256 
-2.24 -1.52 216.252 
-2.24 -1.44 216.245 
-2.24 -1.36 216.236 
-2.24 -1.28 216.223 
-2.24 -1.2 216.203 
-2.24 -1.12 216.176 
-2.24 -1.04 216.135 
-2.24 -0.96 216.077 
-2.24 -0.88 215.993 
-2.24 -0.8 215.872 
-2.24 -0.72 215.696 
-2.24 -0.64 215.441 
-2.24 -0.56 215.073 
-2.24 -0.48 214.539 
-2.24 -0.4 213.765 
-2.24 -0.32 212.642 
-2.24 -0.24 211.009 
-2.24 -0.16 208.633 
-2.24 -0.08 205.171 
-2.24 6.93889e-16 200.128 
-2.24 0.08 192.815 
-2.24 0.16 182.345 
-2.24 0.24 167.804 
-2.24 0.32 148.785 
-2.24 0.4 126.371 
-2.24 0.48 103.727 
-2.24 0.56 84.691 
-2.24 0.64 70.9336 
-2.24 0.72 61.0915 
-2.24 0.8 52.5554 
-2.24 0.88 43.3069 
-2.24 0.96 32.654 
-2.24 1.04 21.4328 
-2.24 1.12 11.7925 
-2.24 1.2 5.85199 
-2.24 1.28 3.83236 
-2.24 1.36 4.03548 
-2.24 1.44 4.63586 
-2.24 1.52 4.89795 
-2.24 1.6 4.92638 
-2.24 1.68 4.9167 
-2.24 1.76 4.91395 
-2.24 1.84 4.91374 
-2.24 1.92 4.91374 
-2.16 -2 216.264 
-2.16 -1.92 216.263 
-2.16 -1.84 216.262 
-2.16 -1.76 216.26 
-2.16 -1.68 216.258 
-2.16 -1.6 216.254 
-2.16 -1.52 216.249 
-2.16 -1.44 216.241 
-2.16 -1.36 216.23 
-2.16 -1.28 216.214 
-2.16 -1.2 216.191 
-2.16 -1.12 216.157 
-2.16 -1.04 216.109 
-2.16 -0.96 216.039 
-2.16 -0.88 215.938 
-2.16 -0.8 215.792 
-2.16 -0.72 215.58 
-2.16 -0.64 215.274 
-2.16 -0.56 214.83 
-2.16 -0.48 214.187 
-2.16 -0.4 213.254 
-2.16 -0.32 211.898 
-2.16 -0.24 209.925 
-2.16 -0.16 207.05 
-2.16 -0.08 202.854 
-2.16 6.93889e-16 196.741 
-2.16 0.08 187.901 
-2.16 0.16 175.368 
-2.16 0.24 158.358 
-2.16 0.32 137.115 
-2.16 0.4 113.986 
-2.16 0.48 93.1647 
-2.16 0.56 77.9445 
-2.16 0.64 68.22 
-2.16 0.72 61.3585 
-2.16 0.8 54.5838 
-2.16 0.88 46.2378 
-2.16 0.96 36.003 
-2.16 1.04 24.9586 
-2.16 1.12 15.3893 
-2.16 1.2 9.48185 
-2.16 1.28 7.47526 
-2.16 1.36 7.66188 
-2.16 1.44 8.21384 
-2.16 1.52 8.41508 
-2.16 1.6 8.39674 
-2.16 1.68 8.36361 
-2.16 1.76 8.35305 
-2.16 1.84 8.35119 
-2.16 1.92 8.35099 
-2.08 -2 216.264 
-2.08 -1.92 216.263 
-2.08 -1.84 216.261 
-2.08 -1.76 216.259 
-2.08 -1.68 216.256 
-2.08 -1.6 216.252 
-2.08 -1.52 216.245 
-2.08 -1.44 216.236 
-2.08 -1.36 216.223 
-2.08 -1.28 216.203 
-2.08 -1.2 216.176 
-2.08 -1.12 216.135 
-2.08 -1.04 216.077 
-2.08 -0.96 215.993 
-2.08 -0.88 215.872 
-2.08 -0.8 215.696 
-2.08 -0.72 215.441 
-2.08 -0.64 215.072 
-2.08 -0.56 214.538 
-2.08 -0.48 213.763 
-2.08 -0.4 212.637 
-2.08 -0.32 211 
-2.08 -0.24 208.614 
-2.08 -0.16 205.131 
-2.08 -0.08 200.045 
-2.08 6.93889e-16 192.642 
-2.08 0.08 181.998 
-2.08 0.16 167.144 
-2.08 0.24 147.671 
-2.08 0.32 124.874 
-2.08 0.4 102.498 
-2.08 0.48 85.0416 
-2.08 0.56 74.2379 
-2.08 0.64 68.1456 
-2.08 0.72 63.5069 
-2.08 0.8 57.8456 
-2.08 0.88 49.9814 
-2.08 0.96 39.9325 
-2.08 1.04 28.9542 
-2.08 1.12 19.4083 
-2.08 1.2 13.511 
-2.08 1.28 11.5082 
-2.08 1.36 11.6901 
-2.08 1.44 12.2271 
-2.08 1.52 12.4083 
-2.08 1.6 12.3735 
-2.08 1.68 12.3319 
-2.08 1.76 12.3185 
-2.08 1.84 12.316 
-2.08 1.92 12.3158 
-2 -2 216.263 
-2 -1.92 216.262 
-2 -1.84 216.26 
-2 -1.76 216.258 
-2 -1.68 216.254 
-2 -1.6 216.249 
-2 -1.52 216.241 
-2 -1.44 216.23 
-2 -1.36 216.214 
-2 -1.28 216.191 
-2 -1.2 216.157 
-2 -1.12 216.109 
-2 -1.04 216.039 
-2 -0.96 215.938 
-2 -0.88 215.792 
-2 -0.8 215.58 
-2 -0.72 215.273 
-2 -0.64 214.829 
-2 -0.56 214.186 
-2 -0.48 213.251 
-2 -0.4 211.893 
-2 -0.32 209.914 
-2 -0.24 207.027 
-2 -0.16 202.806 
-2 -0.08 196.641 
-2 6.93889e-16 187.695 
-2 0.08 174.962 
-2 0.16 157.626 
-2 0.24 136.005 
-2 0.32 112.808 
-2 0.4 92.8642 
-2 0.48 79.8383 
-2 0.56 73.3132 
-2 0.64 70.048 
-2 0.72 66.8329 
-2 0.8 61.7377 
-2 0.88 54.0398 
-2 0.96 44.0143 
-2 1.04 33.0274 
-2 1.12 23.4733 
-2 1.2 17.5711 
-2 1.28 15.5661 
-2 1.36 15.7507 
-2 1.44 16.2945 
-2 1.52 16.4821 
-2 1.6 16.4509 
-2 1.68 16.4106 
-2 1.76 16.3976 
-2 1.84 16.3952 
-2 1.92 16.395 
-1.92 -2 216.263 
-1.92 -1.92 216.261 
-1.92 -1.84 216.259 
-1.92 -1.76 216.256 
-1.92 -1.68 216.252 
-1.92 -1.6 216.245 
-1.92 -1.52 216.236 
-1.92 -1.44 216.223 
-1.92 -1.36 216.203 
-1.92 -1.28 216.176 
-1.92 -1.2 216.135 
-1.92 -1.12 216.077 
-1.92 -1.04 215.993 
-1.92 -0.96 215.871 
-1.92 -0.88 215.695 
-1.92 -0.8 215.441 
-1.92 -0.72 215.072 
-1.92 -0.64 214.537 
-1.92 -0.56 213.761 
-1.92 -0.48 212.634 
-1.92 -0.4 210.994 
-1.92 -0.32 208.601 
-1.92 -0.24 205.103 
-1.92 -0.16 199.987 
-1.92 -0.08 192.522 
-1.92 6.93889e-16 181.754 
-1.92 0.08 166.682 
-1.92 0.16 146.898 
-1.92 0.24 123.878 
-1.92 0.32 101.849 
-1.92 0.4 85.8284 
-1.92 0.48 77.554 
-1.92 0.56 74.5936 
-1.92 0.64 73.2279 
-1.92 0.72 70.7508 
-1.92 0.8 65.8188 
-1.92 0.88 58.0766 
-1.92 0.96 47.9728 
-1.92 1.04 36.9324 
-1.92 1.12 27.3517 
-1.92 1.2 21.4358 
-1.92 1.28 19.4252 
-1.92 1.36 19.6168 
-1.92 1.44 20.1801 
-1.92 1.52 20.3896 
-1.92 1.6 20.3738 
-1.92 1.68 20.3407 
-1.92 1.76 20.3301 
-1.92 1.84 20.3282 
-1.92 1.92 20.328 
-1.84 -2 216.262 
-1.84 -1.92 216.26 
-1.84 -1.84 216.258 
-1.84 -1.76 216.254 
-1.84 -1.68 216.249 
-1.84 -1.6 216.241 
-1.84 -1.52 216.23 
-1.84 -1.44 216.214 
-1.84 -1.36 216.191 
-1.84 -1.28 216.157 
-1.84 -1.2 216.109 
-1.84 -1.12 216.039 
-1.84 -1.04 215.938 
-1.84 -0.96 215.792 
-1.84 -0.88 215.58 
-1.84 -0.8 215.273 
-1.84 -0.72 214.829 
-1.84 -0.64 214.185 
-1.84 -0.56 213.25 
-1.84 -0.48 211.89 
-1.84 -0.4 209.907 
-1.84 -0.32 207.011 
-1.84 -0.24 202.772 
-1.84 -0.16 196.571 
-1.84 -0.08 187.551 
-1.84 6.93889e-16 174.679 
-1.84 0.08 157.116 
-1.84 0.16 135.245 
-1.84 0.24 112.068 
-1.84 0.32 92.9166 
-1.84 0.4 81.7182 
-1.84 0.48 77.776 
-1.84 0.56 77.3891 
-1.84 0.64 77.0826 
-1.84 0.72 74.8327 
-1.84 0.8 69.7993 
-1.84 0.88 61.8871 
-1.84 0.96 51.649 
-1.84 1.04 40.532 
-1.84 1.12 30.9156 
-1.84 1.2 24.9817 
-1.84 1.28 22.9638 
-1.84 1.36 23.1646 
-1.84 1.44 23.7537 
-1.84 1.52 23.9932 
-1.84 1.6 23.9987 
-1.84 1.68 23.976 
-1.84 1.76 23.9687 
-1.84 1.84 23.9675 
-1.84 1.92 23.9673 
-1.76 -2 216.261 
-1.76 -1.92 216.259 
-1.76 -1.84 216.256 
-1.76 -1.76 216.252 
-1.76 -1.68 216.245 
-1.76 -1.6 216.236 
-1.76 -1.52 216.223 
-1.76 -1.44 216.203 
-1.76 -1.36 216.176 
-1.76 -1.28 216.135 
-1.76 -1.2 216.077 
-1.76 -1.12 215.993 
-1.76 -1.04 215.871 
-1.76 -0.96 215.695 
-1.76 -0.88 215.441 
-1.76 -0.8 215.072 
-1.76 -0.72 214.537 
-1.76 -0.64 213.76 
-1.76 -0.56 212.632 
-1.76 -0.48 210.99 
-1.76 -0.4 208.592 
-1.76 -0.32 205.084 
-1.76 -0.24 199.946 
-1.76 -0.16 192.438 
-1.76 -0.08 181.585 
-1.76 6.93889e-16 166.359 
-1.76 0.08 146.363 
-1.76 0.16 123.213 
-1.76 0.24 101.511 
-1.76 0.32 86.6669 
-1.76 0.4 80.3904 
-1.76 0.48 79.8652 
-1.76 0.56 81.0593 
-1.76 0.64 81.1605 
-1.76 0.72 78.7987 
-1.76 0.8 73.5092 
-1.76 0.88 65.3626 
-1.76 0.96 54.9655 
-1.76 1.04 43.7631 
-1.76 1.12 34.1079 
-1.76 1.2 28.1549 
-1.76 1.28 26.1292 
-1.76 1.36 26.3399 
-1.76 1.44 26.9569 
-1.76 1.52 27.2292 
-1.76 1.6 27.2586 
-1.76 1.68 27.2473 
-1.76 1.76 27.2437 
-1.76 1.84 27.2433 
-1.76 1.92 27.2433 
-1.68 -2 216.26 
-1.68 -1.92 216.258 
-1.68 -1.84 216.254 
-1.68 -1.76 216.249 
-1.68 -1.68 216.241 
-1.68 -1.6 216.23 
-1.68 -1.52 216.214 
-1.68 -1.44 216.191 
-1.68 -1.36 216.157 
-1.68 -1.28 216.109 
-1.68 -1.2 216.039 
-1.68 -1.12 215.938 
-1.68 -1.04 215.792 
-1.68 -0.96 215.58 
-1.68 -0.88 215.273 
-1.68 -0.8 214.829 
-1.68 -0.72 214.184 
-1.68 -0.64 213.249 
-1.68 -0.56 211.887 
-1.68 -0.48 209.902 
-1.68 -0.4 207 
-1.68 -0.32 202.749 
-1.68 -0.24 196.522 
-1.68 -0.16 187.451 
-1.68 -0.08 174.481 
-1.68 6.93889e-16 156.762 
-1.68 0.08 134.725 
-1.68 0.16 111.598 
-1.68 0.24 93.0918 
-1.68 0.32 83.3162 
-1.68 0.4 81.3453 
-1.68 0.48 83.1481 
-1.68 0.56 85.0983 
-1.68 0.64 85.1592 
-1.68 0.72 82.4853 
-1.68 0.8 76.8635 
-1.68 0.88 68.4588 
-1.68 0.96 57.8976 
-1.68 1.04 46.6099 
-1.68 1.12 36.9166 
-1.68 1.2 30.9448 
-1.68 1.28 28.9115 
-1.68 1.36 29.132 
-1.68 1.44 29.7767 
-1.68 1.52 30.0817 
-1.68 1.6 30.1348 
-1.68 1.68 30.135 
-1.68 1.76 30.1352 
-1.68 1.84 30.1356 
-1.68 1.92 30.1357 
-1.6 -2 216.259 
-1.6 -1.92 216.256 
-1.6 -1.84 216.252 
-1.6 -1.76 216.245 
-1.6 -1.68 216.236 
-1.6 -1.6 216.223 
-1.6 -1.52 216.203 
-1.6 -1.44 216.176 
-1.6 -1.36 216.135 
-1.6 -1.28 216.077 
-1.6 -1.2 215.993 
-1.6 -1.12 215.871 
-1.6 -1.04 215.695 
-1.6 -0.96 215.441 
-1.6 -0.88 215.071 
-1.6 -0.8 214.536 
-1.6 -0.72 213.76 
-1.6 -0.64 212.631 
-1.6 -0.56 210.987 
-1.6 -0.48 208.586 
-1.6 -0.4 205.071 
-1.6 -0.32 199.918 
-1.6 -0.24 192.379 
-1.6 -0.16 181.466 
-1.6 -0.08 166.135 
-1.6 6.93889e-16 145.993 
-1.6 0.08 122.765 
-1.6 0.16 101.336 
-1.6 0.24 87.3993 
-1.6 0.32 82.6289 
-1.6 0.4 83.9227 
-1.6 0.48 87.0463 
-1.6 0.56 89.1524 
-1.6 0.64 88.8986 
-1.6 0.72 85.8121 
-1.6 0.8 79.8329 
-1.6 0.88 71.1713 
-1.6 0.96 60.4528 
-1.6 1.04 49.0846 
-1.6 1.12 39.3559 
-1.6 1.2 33.3666 
-1.6 1.28 31.3263 
-1.6 1.36 31.556 
-1.6 1.44 32.2265 
-1.6 1.52 32.5623 
-1.6 1.6 32.6379 
-1.6 1.68 32.649 
-1.6 1.76 32.6528 
-1.6 1.84 32.654 
-1.6 1.92 32.6542 
-1.52 -2 216.258 
-1.52 -1.92 216.254 
-1.52 -1.84 216.249 
-1.52 -1.76 216.241 
-1.52 -1.68 216.23 
-1.52 -1.6 216.214 
-1.52 -1.52 216.191 
-1.52 -1.44 216.157 
-1.52 -1.36 216.109 
-1.52 -1.28 216.039 
-1.52 -1.2 215.938 
-1.52 -1.12 215.792 
-1.52 -1.04 215.58 
-1.52 -0.96 215.273 
-1.52 -0.88 214.829 
-1.52 -0.8 214.184 
-1.52 -0.72 213.248 
-1.52 -0.64 211.885 
-1.52 -0.56 209.898 
-1.52 -0.48 206.992 
-1.52 -0.4 202.733 
-1.52 -0.32 196.488 
-1.52 -0.24 187.382 
-1.52 -0.16 174.344 
-1.52 -0.08 156.516 
-1.52 6.93889e-16 134.367 
-1.52 0.08 111.294 
-1.52 0.16 93.2846 
-1.52 0.24 84.5726 
-1.52 0.32 84.0565 
-1.52 0.4 87.4768 
-1.52 0.48 91.1278 
-1.52 0.56 93.0007 
-1.52 0.64 92.2866 
-1.52 0.72 88.753 
-1.52 0.8 82.4225 
-1.52 0.88 73.5193 
-1.52 0.96 62.656 
-1.52 1.04 51.2148 
-1.52 1.12 41.454 
-1.52 1.2 35.4492 
-1.52 1.28 33.4026 
-1.52 1.36 33.6405 
-1.52 1.44 34.3346 
-1.52 1.52 34.6984 
-1.52 1.6 34.7945 
-1.52 1.68 34.8156 
-1.52 1.76 34.8227 
-1.52 1.84 34.8245 
-1.52 1.92 34.8248 
-1.44 -2 216.256 
-1.44 -1.92 216.252 
-1.44 -1.84 216.245 
-1.44 -1.76 216.236 
-1.44 -1.68 216.223 
-1.44 -1.6 216.203 
-1.44 -1.52 216.176 
-1.44 -1.44 216.135 
-1.44 -1.36 216.077 
-1.44 -1.28 215.993 
-1.44 -1.2 215.871 
-1.44 -1.12 215.695 
-1.44 -1.04 215.441 
-1.44 -0.96 215.071 
-1.44 -0.88 214.536 
-1.44 -0.8 213.759 
-1.44 -0.72 212.63 
-1.44 -0.64 210.985 
-1.44 -0.56 208.581 
-1.44 -0.48 205.062 
-1.44 -0.4 199.899 
-1.44 -0.32 192.339 
-1.44 -0.24 181.384 
-1.44 -0.16 165.979 
-1.44 -0.08 145.736 
-1.44 6.93889e-16 122.462 
-1.44 0.08 101.245 
-1.44 0.16 87.983 
-1.44 0.24 84.3155 
-1.44 0.32 86.9348 
-1.44 0.4 91.4793 
-1.44 0.48 95.1052 
-1.44 0.56 96.5226 
-1.44 0.64 95.2897 
-1.44 0.72 91.3148 
-1.44 0.8 84.6563 
-1.44 0.88 75.5337 
-1.44 0.96 64.5407 
-1.44 1.04 53.0348 
-1.44 1.12 43.2459 
-1.44 1.2 37.2274 
-1.44 1.28 35.1754 
-1.44 1.36 35.4205 
-1.44 1.44 36.1355 
-1.44 1.52 36.5242 
-1.44 1.6 36.6385 
-1.44 1.68 36.6685 
-1.44 1.76 36.6785 
-1.44 1.84 36.681 
-1.44 1.92 36.6813 
-1.36 -2 216.254 
-1.36 -1.92 216.249 
-1.36 -1.84 216.241 
-1.36 -1.76 216.23 
-1.36 -1.68 216.214 
-1.36 -1.6 216.191 
-1.36 -1.52 216.157 
-1.36 -1.44 216.109 
-1.36 -1.36 216.039 
-1.36 -1.28 215.938 
-1.36 -1.2 215.792 
-1.36 -1.12 215.58 
-1.36 -1.04 215.273 
-1.36 -0.96 214.829 
-1.36 -0.88 214.184 
-1.36 -0.8 213.247 
-1.36 -0.72 211.884 
-1.36 -0.64 209.896 
-1.36 -0.56 206.987 
-1.36 -0.48 202.722 
-1.36 -0.4 196.465 
-1.36 -0.32 187.333 
-1.36 -0.24 174.249 
-1.36 -0.16 156.345 
-1.36 -0.08 134.122 
-1.36 6.93889e-16 111.095 
-1.36 0.08 93.4539 
-1.36 0.16 85.5167 
-1.36 0.24 86.0518 
-1.36 0.32 90.6441 
-1.36 0.4 95.5507 
-1.36 0.48 98.8092 
-1.36 0.56 99.6662 
-1.36 0.64 97.9105 
-1.36 0.72 93.5226 
-1.36 0.8 86.5676 
-1.36 0.88 77.2503 
-1.36 0.96 66.1436 
-1.36 1.04 54.5811 
-1.36 1.12 44.7679 
-1.36 1.2 38.7375 
-1.36 1.28 36.6804 
-1.36 1.36 36.9322 
-1.36 1.44 37.6654 
-1.36 1.52 38.0759 
-1.36 1.6 38.2062 
-1.36 1.68 38.244 
-1.36 1.76 38.2566 
-1.36 1.84 38.2596 
-1.36 1.92 38.26 
-1.28 -2 216.252 
-1.28 -1.92 216.245 
-1.28 -1.84 216.236 
-1.28 -1.76 216.223 
-1.28 -1.68 216.203 
-1.28 -1.6 216.176 
-1.28 -1.52 216.135 
-1.28 -1.44 216.077 
-1.28 -1.36 215.993 
-1.28 -1.28 215.871 
-1.28 -1.2 215.695 
-1.28 -1.12 215.44 
-1.28 -1.04 215.071 
-1.28 -0.96 214.536 
-1.28 -0.88 213.759 
-1.28 -0.8 212.629 
-1.28 -0.72 210.983 
-1.28 -0.64 208.578 
-1.28 -0.56 205.055 
-1.28 -0.48 199.885 
-1.28 -0.4 192.311 
-1.28 -0.32 181.327 
-1.28 -0.24 165.871 
-1.28 -0.16 145.559 
-1.28 -0.08 122.256 
-1.28 6.93889e-16 101.197 
-1.28 0.08 88.425 
-1.28 0.16 85.5502 
-1.28 0.24 89.1199 
-1.28 0.32 94.6934 
-1.28 0.4 99.4479 
-1.28 0.48 102.155 
-1.28 0.56 102.423 
-1.28 0.64 100.172 
-1.28 0.72 95.4102 
-1.28 0.8 88.193 
-1.28 0.88 78.7057 
-1.28 0.96 67.5005 
-1.28 1.04 55.8893 
-1.28 1.12 46.0551 
-1.28 1.2 40.0145 
-1.28 1.28 37.9533 
-1.28 1.36 38.2106 
-1.28 1.44 38.9596 
-1.28 1.52 39.389 
-1.28 1.6 39.5332 
-1.28 1.68 39.5778 
-1.28 1.76 39.5925 
-1.28 1.84 39.596 
-1.28 1.92 39.5965 
-1.2 -2 216.249 
-1.2 -1.92 216.241 
-1.2 -1.84 216.23 
-1.2 -1.76 216.214 
-1.2 -1.68 216.191 
-1.2 -1.6 216.157 
-1.2 -1.52 216.109 
-1.2 -1.44 216.039 
-1.2 -1.36 215.938 
-1.2 -1.28 215.791 
-1.2 -1.2 215.58 
-1.2 -1.12 215.273 
-1.2 -1.04 214.828 
-1.2 -0.96 214.184 
-1.2 -0.88 213.247 
-1.2 -0.8 211.883 
-1.2 -0.72 209.894 
-1.2 -0.64 206.983 
-1.2 -0.56 202.714 
-1.2 -0.48 196.449 
-1.2 -0.4 187.3 
-1.2 -0.32 174.183 
-1.2 -0.24 156.227 
-1.2 -0.16 133.952 
-1.2 -0.08 110.963 
-1.2 6.93889e-16 93.5888 
-1.2 0.08 86.2068 
-1.2 0.16 87.4909 
-1.2 0.24 92.9208 
-1.2 0.32 98.7395 
-1.2 0.4 103.034 
-1.2 0.48 105.114 
-1.2 0.56 104.811 
-1.2 0.64 102.108 
-1.2 0.72 97.0146 
-1.2 0.8 89.5689 
-1.2 0.88 79.9349 
-1.2 0.96 68.6451 
-1.2 1.04 56.9923 
-1.2 1.12 47.1402 
-1.2 1.2 41.0911 
-1.2 1.28 39.0263 
-1.2 1.36 39.2884 
-1.2 1.44 40.0509 
-1.2 1.52 40.4965 
-1.2 1.6 40.6525 
-1.2 1.68 40.7029 
-1.2 1.76 40.7196 
-1.2 1.84 40.7234 
-1.2 1.92 40.7239 
-1.12 -2 216.245 
-1.12 -1.92 216.236 
-1.12 -1.84 216.223 
-1.12 -1.76 216.203 
-1.12 -1.68 216.176 
-1.12 -1.6 216.135 
-1.12 -1.52 216.077 
-1.12 -1.44 215.993 
-1.12 -1.36 215.871 
-1.12 -1.28 215.695 
-1.12 -1.2 215.44 
-1.12 -1.12 215.071 
-1.12 -1.04 214.536 
-1.12 -0.96 213.759 
-1.12 -0.88 212.629 
-1.12 -0.8 210.982 
-1.12 -0.72 208.576 
-1.12 -0.64 205.051 
-1.12 -0.56 199.876 
-1.12 -0.48 192.291 
-1.12 -0.4 181.288 
-1.12 -0.32 165.796 
-1.12 -0.24 145.437 
-1.12 -0.16 122.115 
-1.12 -0.08 101.171 
-1.12 6.93889e-16 88.7495 
-1.12 0.08 86.4375 
-1.12 0.16 90.6812 
-1.12 0.24 96.9904 
-1.12 0.32 102.569 
-1.12 0.4 106.247 
-1.12 0.48 107.692 
-1.12 0.56 106.859 
-1.12 0.64 103.754 
-1.12 0.72 98.372 
-1.12 0.8 90.7295 
-1.12 0.88 80.97 
-1.12 0.96 69.6081 
-1.12 1.04 57.9198 
-1.12 1.12 48.0527 
-1.12 1.2 41.9962 
-1.12 1.28 39.9284 
-1.12 1.36 40.1945 
-1.12 1.44 40.9686 
-1.12 1.52 41.428 
-1.12 1.6 41.5941 
-1.12 1.68 41.6494 
-1.12 1.76 41.6678 
-1.12 1.84 41.672 
-1.12 1.92 41.6725 
-1.04 -2 216.241 
-1.04 -1.92 216.23 
-1.04 -1.84 216.214 
-1.04 -1.76 216.191 
-1.04 -1.68 216.157 
-1.04 -1.6 216.109 
-1.04 -1.52 216.039 
-1.04 -1.44 215.938 
-1.04 -1.36 215.791 
-1.04 -1.28 215.58 
-1.04 -1.2 215.273 
-1.04 -1.12 214.828 
-1.04 -1.04 214.183 
-1.04 -0.96 213.247 
-1.04 -0.88 211.883 
-1.04 -0.8 209.893 
-1.04 -0.72 206.981 
-1.04 -0.64 202.709 
-1.04 -0.56 196.437 
-1.04 -0.48 187.277 
-1.04 -0.4 174.137 
-1.04 -0.32 156.145 
-1.04 -0.24 133.836 
-1.04 -0.16 110.874 
-1.04 -0.08 93.6908 
-1.04 6.93889e-16 86.7021 
-1.04 0.08 88.515 
-1.04 0.16 94.538 
-1.04 0.24 101.011 
-1.04 0.32 106.066 
-1.04 0.4 109.072 
-1.04 0.48 109.914 
-1.04 0.56 108.604 
-1.04 0.64 105.147 
-1.04 0.72 99.5165 
-1.04 0.8 91.7057 
-1.04 0.88 81.8394 
-1.04 0.96 70.4164 
-1.04 1.04 58.6982 
-1.04 1.12 48.8183 
-1.04 1.2 42.7557 
-1.04 1.28 40.6854 
-1.04 1.36 40.9549 
-1.04 1.44 41.7388 
-1.04 1.52 42.2098 
-1.04 1.6 42.3846 
-1.04 1.68 42.4441 
-1.04 1.76 42.4638 
-1.04 1.84 42.4683 
-1.04 1.92 42.4689 
-0.96 -2 216.236 
-0.96 -1.92 216.223 
-0.96 -1.84 216.203 
-0.96 -1.76 216.176 
-0.96 -1.68 216.135 
-0.96 -1.6 216.077 
-0.96 -1.52 215.993 
-0.96 -1.44 215.871 
-0.96 -1.36 215.695 
-0.96 -1.28 215.44 
-0.96 -1.2 215.071 
-0.96 -1.12 214.536 
-0.96 -1.04 213.759 
-0.96 -0.96 212.628 
-0.96 -0.88 210.981 
-0.96 -0.8 208.575 
-0.96 -0.72 205.048 
-0.96 -0.64 199.869 
-0.96 -0.56 192.278 
-0.96 -0.48 181.261 
-0.96 -0.4 165.744 
-0.96 -0.32 145.352 
-0.96 -0.24 122.019 
-0.96 -0.16 101.157 
-0.96 -0.08 88.9831 
-0.96 6.93889e-16 87.0675 
-0.96 0.08 91.7855 
-0.96 0.16 98.6159 
-0.96 0.24 104.787 
-0.96 0.32 109.182 
-0.96 0.4 111.523 
-0.96 0.48 111.813 
-0.96 0.56 110.084 
-0.96 0.64 106.322 
-0.96 0.72 100.479 
-0.96 0.8 92.5251 
-0.96 0.88 82.5684 
-0.96 0.96 71.0937 
-0.96 1.04 59.3504 
-0.96 1.12 49.4598 
-0.96 1.2 43.3919 
-0.96 1.28 41.3195 
-0.96 1.36 41.592 
-0.96 1.44 42.384 
-0.96 1.52 42.8649 
-0.96 1.6 43.047 
-0.96 1.68 43.11 
-0.96 1.76 43.1309 
-0.96 1.84 43.1357 
-0.96 1.92 43.1363 
-0.88 -2 216.23 
-0.88 -1.92 216.214 
-0.88 -1.84 216.191 
-0.88 -1.76 216.157 
-0.88 -1.68 216.109 
-0.88 -1.6 216.039 
-0.88 -1.52 215.938 
-0.88 -1.44 215.791 
-0.88 -1.36 215.58 
-0.88 -1.28 215.273 
-0.88 -1.2 214.828 
-0.88 -1.12 214.183 
-0.88 -1.04 213.246 
-0.88 -0.96 211.882 
-0.88 -0.88 209.892 
-0.88 -0.8 206.979 
-0.88 -0.72 202.705 
-0.88 -0.64 196.43 
-0.88 -0.56 187.261 
-0.88 -0.48 174.105 
-0.88 -0.4 156.088 
-0.88 -0.32 133.755 
-0.88 -0.24 110.814 
-0.88 -0.16 93.7657 
-0.88 -0.08 87.0535 
-0.88 6.93889e-16 89.2373 
-0.88 0.08 95.6773 
-0.88 0.16 102.614 
-0.88 0.24 108.219 
-0.88 0.32 111.912 
-0.88 0.4 113.628 
-0.88 0.48 113.426 
-0.88 0.56 111.333 
-0.88 0.64 107.311 
-0.88 0.72 101.286 
-0.88 0.8 93.2117 
-0.88 0.88 83.1787 
-0.88 0.96 71.6606 
-0.88 1.04 59.896 
-0.88 1.12 49.9964 
-0.88 1.2 43.9242 
-0.88 1.28 41.85 
-0.88 1.36 42.1249 
-0.88 1.44 42.9239 
-0.88 1.52 43.4132 
-0.88 1.6 43.6014 
-0.88 1.68 43.6674 
-0.88 1.76 43.6892 
-0.88 1.84 43.6942 
-0.88 1.92 43.6948 
-0.8 -2 216.223 
-0.8 -1.92 216.203 
-0.8 -1.84 216.176 
-0.8 -1.76 216.135 
-0.8 -1.68 216.077 
-0.8 -1.6 215.993 
-0.8 -1.52 215.871 
-0.8 -1.44 215.695 
-0.8 -1.36 215.44 
-0.8 -1.28 215.071 
-0.8 -1.2 214.536 
-0.8 -1.12 213.759 
-0.8 -1.04 212.628 
-0.8 -0.96 210.981 
-0.8 -0.88 208.574 
-0.8 -0.8 205.046 
-0.8 -0.72 199.865 
-0.8 -0.64 192.268 
-0.8 -0.56 181.242 
-0.8 -0.48 165.708 
-0.8 -0.4 145.294 
-0.8 -0.32 121.952 
-0.8 -0.24 101.149 
-0.8 -0.16 89.1492 
-0.8 -0.08 87.5111 
-0.8 6.93889e-16 92.5612 
-0.8 0.08 99.7583 
-0.8 0.16 106.352 
-0.8 0.24 111.266 
-0.8 0.32 114.273 
-0.8 0.4 115.423 
-0.8 0.48 114.791 
-0.8 0.56 112.384 
-0.8 0.64 108.14 
-0.8 0.72 101.963 
-0.8 0.8 93.7862 
-0.8 0.88 83.6891 
-0.8 0.96 72.1344 
-0.8 1.04 60.3521 
-0.8 1.12 50.4449 
-0.8 1.2 44.3691 
-0.8 1.28 42.2934 
-0.8 1.36 42.5704 
-0.8 1.44 43.3752 
-0.8 1.52 43.8714 
-0.8 1.6 44.0648 
-0.8 1.68 44.1333 
-0.8 1.76 44.156 
-0.8 1.84 44.1611 
-0.8 1.92 44.1618 
-0.72 -2 216.214 
-0.72 -1.92 216.191 
-0.72 -1.84 216.157 
-0.72 -1.76 216.109 
-0.72 -1.68 216.039 
-0.72 -1.6 215.938 
-0.72 -1.52 215.791 
-0.72 -1.44 215.58 
-0.72 -1.36 215.273 
-0.72 -1.28 214.828 
-0.72 -1.2 214.183 
-0.72 -1.12 213.246 
-0.72 -1.04 211.882 
-0.72 -0.96 209.891 
-0.72 -0.88 206.978 
-0.72 -0.8 202.702 
-0.72 -0.72 196.424 
-0.72 -0.64 187.249 
-0.72 -0.56 174.083 
-0.72 -0.48 156.049 
-0.72 -0.4 133.7 
-0.72 -0.32 110.773 
-0.72 -0.24 93.8195 
-0.72 -0.16 87.3008 
-0.72 -0.08 89.7437 
-0.72 6.93889e-16 96.4754 
-0.72 0.08 103.739 
-0.72 0.16 109.736 
-0.72 0.24 113.928 
-0.72 0.32 116.297 
-0.72 0.4 116.946 
-0.72 0.48 115.942 
-0.72 0.56 113.267 
-0.72 0.64 108.835 
-0.72 0.72 102.529 
-0.72 0.8 94.2664 
-0.72 0.88 84.1154 
-0.72 0.96 72.5302 
-0.72 1.04 60.7329 
-0.72 1.12 50.8195 
-0.72 1.2 44.7406 
-0.72 1.28 42.6637 
-0.72 1.36 42.9424 
-0.72 1.44 43.7521 
-0.72 1.52 44.2542 
-0.72 1.6 44.4518 
-0.72 1.68 44.5225 
-0.72 1.76 44.5458 
-0.72 1.84 44.5511 
-0.72 1.92 44.5518 
-0.64 -2 216.203 
-0.64 -1.92 216.176 
-0.64 -1.84 216.135 
-0.64 -1.76 216.077 
-0.64 -1.68 215.993 
-0.64 -1.6 215.871 
-0.64 -1.52 215.695 
-0.64 -1.44 215.44 
-0.64 -1.36 215.071 
-0.64 -1.28 214.536 
-0.64 -1.2 213.758 
-0.64 -1.12 212.628 
-0.64 -1.04 210.981 
-0.64 -0.96 208.573 
-0.64 -0.88 205.044 
-0.64 -0.8 199.862 
-0.64 -0.72 192.262 
-0.64 -0.64 181.229 
-0.64 -0.56 165.683 
-0.64 -0.48 145.253 
-0.64 -0.4 121.906 
-0.64 -0.32 101.145 
-0.64 -0.24 89.2662 
-0.64 -0.16 87.8217 
-0.64 -0.08 93.1035 
-0.64 6.93889e-16 100.557 
-0.64 0.08 107.449 
-0.64 0.16 112.735 
-0.64 0.24 116.227 
-0.64 0.32 118.02 
-0.64 0.4 118.232 
-0.64 0.48 116.909 
-0.64 0.56 114.007 
-0.64 0.64 109.417 
-0.64 0.72 103.002 
-0.64 0.8 94.6674 
-0.64 0.88 84.4713 
-0.64 0.96 72.8604 
-0.64 1.04 61.0508 
-0.64 1.12 51.132 
-0.64 1.2 45.0506 
-0.64 1.28 42.9726 
-0.64 1.36 43.2528 
-0.64 1.44 44.0666 
-0.64 1.52 44.5736 
-0.64 1.6 44.7748 
-0.64 1.68 44.8472 
-0.64 1.76 44.8712 
-0.64 1.84 44.8766 
-0.64 1.92 44.8773 
-0.56 -2 216.191 
-0.56 -1.92 216.157 
-0.56 -1.84 216.109 
-0.56 -1.76 216.039 
-0.56 -1.68 215.938 
-0.56 -1.6 215.791 
-0.56 -1.52 215.58 
-0.56 -1.44 215.273 
-0.56 -1.36 214.828 
-0.56 -1.28 214.183 
-0.56 -1.2 213.246 
-0.56 -1.12 211.882 
-0.56 -1.04 209.891 
-0.56 -0.96 206.977 
-0.56 -0.88 202.701 
-0.56 -0.8 196.421 
-0.56 -0.72 187.242 
-0.56 -0.64 174.068 
-0.56 -0.56 156.022 
-0.56 -0.48 133.661 
-0.56 -0.4 110.745 
-0.56 -0.32 93.8578 
-0.56 -0.24 87.4739 
-0.56 -0.16 90.0973 
-0.56 -0.08 97.0324 
-0.56 6.93889e-16 104.526 
-0.56 0.08 110.8 
-0.56 0.16 115.35 
-0.56 0.24 118.194 
-0.56 0.32 119.48 
-0.56 0.4 119.315 
-0.56 0.48 117.72 
-0.56 0.56 114.627 
-0.56 0.64 109.903 
-0.56 0.72 103.397 
-0.56 0.8 95.002 
-0.56 0.88 84.7682 
-0.56 0.96 73.1359 
-0.56 1.04 61.3158 
-0.56 1.12 51.3927 
-0.56 1.2 45.3092 
-0.56 1.28 43.2303 
-0.56 1.36 43.5116 
-0.56 1.44 44.3289 
-0.56 1.52 44.84 
-0.56 1.6 45.0443 
-0.56 1.68 45.1182 
-0.56 1.76 45.1426 
-0.56 1.84 45.1481 
-0.56 1.92 45.1488 
-0.48 -2 216.176 
-0.48 -1.92 216.135 
-0.48 -1.84 216.077 
-0.48 -1.76 215.993 
-0.48 -1.68 215.871 
-0.48 -1.6 215.695 
-0.48 -1.52 215.44 
-0.48 -1.44 215.071 
-0.48 -1.36 214.536 
-0.48 -1.28 213.758 
-0.48 -1.2 212.628 
-0.48 -1.12 210.98 
-0.48 -1.04 208.572 
-0.48 -0.96 205.043 
-0.48 -0.88 199.86 
-0.48 -0.8 192.257 
-0.48 -0.72 181.219 
-0.48 -0.64 165.666 
-0.48 -0.56 145.225 
-0.48 -0.48 121.875 
-0.48 -0.4 101.142 
-0.48 -0.32 89.3481 
-0.48 -0.24 88.0384 
-0.48 -0.16 93.4814 
-0.48 -0.08 101.114 
-0.48 6.93889e-16 108.215 
-0.48 0.08 113.764 
-0.48 0.16 117.604 
-0.48 0.24 119.867 
-0.48 0.32 120.712 
-0.48 0.4 120.225 
-0.48 0.48 118.4 
-0.48 0.56 115.145 
-0.48 0.64 110.308 
-0.48 0.72 103.726 
-0.48 0.8 95.2811 
-0.48 0.88 85.0157 
-0.48 0.96 73.3655 
-0.48 1.04 61.5368 
-0.48 1.12 51.61 
-0.48 1.2 45.5247 
-0.48 1.28 43.4451 
-0.48 1.36 43.7274 
-0.48 1.44 44.5475 
-0.48 1.52 45.0621 
-0.48 1.6 45.2689 
-0.48 1.68 45.344 
-0.48 1.76 45.3689 
-0.48 1.84 45.3745 
-0.48 1.92 45.3752 
-0.4 -2 216.157 
-0.4 -1.92 216.109 
-0.4 -1.84 216.039 
-0.4 -1.76 215.938 
-0.4 -1.68 215.791 
-0.4 -1.6 215.58 
-0.4 -1.52 215.273 
-0.4 -1.44 214.828 
-0.4 -1.36 214.183 
-0.4 -1.28 213.246 
-0.4 -1.2 211.882 
-0.4 -1.12 209.891 
-0.4 -1.04 206.976 
-0.4 -0.96 202.699 
-0.4 -0.88 196.418 
-0.4 -0.8 187.236 
-0.4 -0.72 174.058 
-0.4 -0.64 156.003 
-0.4 -0.56 133.635 
-0.4 -0.48 110.726 
-0.4 -0.4 93.8847 
-0.4 -0.32 87.5946 
-0.4 -0.24 90.3434 
-0.4 -0.16 97.4201 
-0.4 -0.08 105.073 
-0.4 6.93889e-16 111.543 
-0.4 0.08 116.346 
-0.4 0.16 119.533 
-0.4 0.24 121.284 
-0.4 0.32 121.748 
-0.4 0.4 120.987 
-0.4 0.48 118.968 
-0.4 0.56 115.577 
-0.4 0.64 110.647 
-0.4 0.72 104.001 
-0.4 0.8 95.5137 
-0.4 0.88 85.222 
-0.4 0.96 73.5569 
-0.4 1.04 61.7209 
-0.4 1.12 51.7911 
-0.4 1.2 45.7043 
-0.4 1.28 43.6241 
-0.4 1.36 43.9073 
-0.4 1.44 44.7297 
-0.4 1.52 45.2471 
-0.4 1.6 45.4561 
-0.4 1.68 45.5322 
-0.4 1.76 45.5574 
-0.4 1.84 45.5631 
-0.4 1.92 45.5638 
-0.32 -2 216.135 
-0.32 -1.92 216.077 
-0.32 -1.84 215.993 
-0.32 -1.76 215.871 
-0.32 -1.68 215.695 
-0.32 -1.6 215.44 
-0.32 -1.52 215.071 
-0.32 -1.44 214.536 
-0.32 -1.36 213.758 
-0.32 -1.28 212.628 
-0.32 -1.2 210.98 
-0.32 -1.12 208.572 
-0.32 -1.04 205.042 
-0.32 -0.96 199.858 
-0.32 -0.88 192.254 
-0.32 -0.8 181.213 
-0.32 -0.72 165.654 
-0.32 -0.64 145.206 
-0.32 -0.56 121.853 
-0.32 -0.48 101.14 
-0.32 -0.4 89.4053 
-0.32 -0.32 88.1892 
-0.32 -0.24 93.7441 
-0.32 -0.16 101.502 
-0.32 -0.08 108.748 
-0.32 6.93889e-16 114.483 
-0.32 0.08 118.571 
-0.32 0.16 121.172 
-0.32 0.24 122.478 
-0.32 0.32 122.618 
-0.32 0.4 121.626 
-0.32 0.48 119.443 
-0.32 0.56 115.938 
-0.32 0.64 110.929 
-0.32 0.72 104.23 
-0.32 0.8 95.7076 
-0.32 0.88 85.3939 
-0.32 0.96 73.7163 
-0.32 1.04 61.8743 
-0.32 1.12 51.9419 
-0.32 1.2 45.8539 
-0.32 1.28 43.7732 
-0.32 1.36 44.0571 
-0.32 1.44 44.8815 
-0.32 1.52 45.4013 
-0.32 1.6 45.612 
-0.32 1.68 45.689 
-0.32 1.76 45.7145 
-0.32 1.84 45.7202 
-0.32 1.92 45.7209 
-0.24 -2 216.109 
-0.24 -1.92 216.039 
-0.24 -1.84 215.938 
-0.24 -1.76 215.791 
-0.24 -1.68 215.58 
-0.24 -1.6 215.273 
-0.24 -1.52 214.828 
-0.24 -1.44 214.183 
-0.24 -1.36 213.246 
-0.24 -1.28 211.882 
-0.24 -1.2 209.89 
-0.24 -1.12 206.976 
-0.24 -1.04 202.698 
-0.24 -0.96 196.416 
-0.24 -0.88 187.233 
-0.24 -0.8 174.05 
-0.24 -0.72 155.99 
-0.24 -0.64 133.616 
-0.24 -0.56 110.713 
-0.24 -0.48 93.9035 
-0.24 -0.4 87.6786 
-0.24 -0.32 90.5145 
-0.24 -0.24 97.6894 
-0.24 -0.16 105.454 
-0.24 -0.08 112.06 
-0.24 6.93889e-16 117.042 
-0.24 0.08 120.472 
-0.24 0.16 122.558 
-0.24 0.24 123.483 
-0.24 0.32 123.348 
-0.24 0.4 122.159 
-0.24 0.48 119.84 
-0.24 0.56 116.239 
-0.24 0.64 111.165 
-0.24 0.72 104.421 
-0.24 0.8 95.8691 
-0.24 0.88 85.537 
-0.24 0.96 73.8491 
-0.24 1.04 62.002 
-0.24 1.12 52.0675 
-0.24 1.2 45.9785 
-0.24 1.28 43.8974 
-0.24 1.36 44.1818 
-0.24 1.44 45.0079 
-0.24 1.52 45.5297 
-0.24 1.6 45.7419 
-0.24 1.68 45.8196 
-0.24 1.76 45.8453 
-0.24 1.84 45.8511 
-0.24 1.92 45.8518 
-0.16 -2 216.077 
-0.16 -1.92 215.993 
-0.16 -1.84 215.871 
-0.16 -1.76 215.695 
-0.16 -1.68 215.44 
-0.16 -1.6 215.071 
-0.16 -1.52 214.536 
-0.16 -1.44 213.758 
-0.16 -1.36 212.628 
-0.16 -1.28 210.98 
-0.16 -1.2 208.572 
-0.16 -1.12 205.042 
-0.16 -1.04 199.857 
-0.16 -0.96 192.252 
-0.16 -0.88 181.209 
-0.16 -0.8 165.646 
-0.16 -0.72 145.192 
-0.16 -0.64 121.838 
-0.16 -0.56 101.139 
-0.16 -0.48 89.4451 
-0.16 -0.4 88.294 
-0.16 -0.32 93.9265 
-0.16 -0.24 101.771 
-0.16 -0.16 109.119 
-0.16 -0.08 114.984 
-0.16 6.93889e-16 119.246 
-0.16 0.08 122.087 
-0.16 0.16 123.727 
-0.16 0.24 124.326 
-0.16 0.32 123.958 
-0.16 0.4 122.605 
-0.16 0.48 120.171 
-0.16 0.56 116.49 
-0.16 0.64 111.361 
-0.16 0.72 104.58 
-0.16 0.8 96.0036 
-0.16 0.88 85.6562 
-0.16 0.96 73.9596 
-0.16 1.04 62.1084 
-0.16 1.12 52.1721 
-0.16 1.2 46.0823 
-0.16 1.28 44.0008 
-0.16 1.36 44.2857 
-0.16 1.44 45.1132 
-0.16 1.52 45.6367 
-0.16 1.6 45.85 
-0.16 1.68 45.9284 
-0.16 1.76 45.9543 
-0.16 1.84 45.9601 
-0.16 1.92 45.9608 
-0.08 -2 216.039 
-0.08 -1.92 215.938 
-0.08 -1.84 215.791 
-0.08 -1.76 215.58 
-0.08 -1.68 215.273 
-0.08 -1.6 214.828 
-0.08 -1.52 214.183 
-0.08 -1.44 213.246 
-0.08 -1.36 211.882 
-0.08 -1.28 209.89 
-0.08 -1.2 206.975 
-0.08 -1.12 202.698 
-0.08 -1.04 196.415 
-0.08 -0.96 187.23 
-0.08 -0.88 174.045 
-0.08 -0.8 155.981 
-0.08 -0.72 133.604 
-0.08 -0.64 110.704 
-0.08 -0.56 93.9167 
-0.08 -0.48 87.7369 
-0.08 -0.4 90.6332 
-0.08 -0.32 97.8763 
-0.08 -0.24 105.719 
-0.08 -0.16 112.419 
-0.08 -0.08 117.527 
-0.08 6.93889e-16 121.128 
-0.08 0.08 123.453 
-0.08 0.16 124.71 
-0.08 0.24 125.032 
-0.08 0.32 124.468 
-0.08 0.4 122.977 
-0.08 0.48 120.446 
-0.08 0.56 116.699 
-0.08 0.64 111.524 
-0.08 0.72 104.712 
-0.08 0.8 96.1156 
-0.08 0.88 85.7555 
-0.08 0.96 74.0517 
-0.08 1.04 62.1969 
-0.08 1.12 52.2592 
-0.08 1.2 46.1686 
-0.08 1.28 44.0868 
-0.08 1.36 44.3722 
-0.08 1.44 45.2008 
-0.08 1.52 45.7257 
-0.08 1.6 45.9401 
-0.08 1.68 46.0189 
-0.08 1.76 46.045 
-0.08 1.84 46.0508 
-0.08 1.92 46.0516 
