-4 -2 100.412 
-4 -1.92 100.412 
-4 -1.84 100.412 
-4 -1.76 100.412 
-4 -1.68 100.412 
-4 -1.6 100.412 
-4 -1.52 100.412 
-4 -1.44 100.412 
-4 -1.36 100.412 
-4 -1.28 100.412 
-4 -1.2 100.411 
-4 -1.12 100.411 
-4 -1.04 100.41 
-4 -0.96 100.409 
-4 -0.88 100.408 
-4 -0.8 100.406 
-4 -0.72 100.403 
-4 -0.64 100.399 
-4 -0.56 100.393 
-4 -0.48 100.385 
-4 -0.4 100.373 
-4 -0.32 100.355 
-4 -0.24 100.33 
-4 -0.16 100.293 
-4 -0.08 100.241 
-4 6.93889e-16 100.166 
-4 0.08 100.059 
-4 0.16 99.9084 
-4 0.24 99.6969 
-4 0.32 99.4044 
-4 0.4 99.0074 
-4 0.48 98.4829 
-4 0.56 97.8159 
-4 0.64 97.0111 
-4 0.72 96.1089 
-4 0.8 95.1951 
-4 0.88 94.393 
-4 0.96 93.8252 
-4 1.04 93.5577 
-4 1.12 93.5657 
-4 1.2 93.7539 
-4 1.28 94.0135 
-4 1.36 94.2621 
-4 1.44 94.4529 
-4 1.52 94.5722 
-4 1.6 94.6325 
-4 1.68 94.6566 
-4 1.76 94.6639 
-4 1.84 94.6654 
-4 1.92 94.6655 
-3.92 -2 100.412 
-3.92 -1.92 100.412 
-3.92 -1.84 100.412 
-3.92 -1.76 100.412 
-3.92 -1.68 100.412 
-3.92 -1.6 100.412 
-3.92 -1.52 100.412 
-3.92 -1.44 100.412 
-3.92 -1.36 100.412 
-3.92 -1.28 100.411 
-3.92 -1.2 100.411 
-3.92 -1.12 100.411 
-3.92 -1.04 100.41 
-3.92 -0.96 100.409 
-3.92 -0.88 100.407 
-3.92 -0.8 100.405 
-3.92 -0.72 100.401 
-3.92 -0.64 100.396 
-3.92 -0.56 100.389 
-3.92 -0.48 100.379 
-3.92 -0.4 100.365 
-3.92 -0.32 100.343 
-3.92 -0.24 100.313 
-3.92 -0.16 100.269 
-3.92 -0.08 100.206 
-3.92 6.93889e-16 100.116 
-3.92 0.08 99.9878 
-3.92 0.16 99.8063 
-3.92 0.24 99.5519 
-3.92 0.32 99.1998 
-3.92 0.4 98.7218 
-3.92 0.48 98.0901 
-3.92 0.56 97.2862 
-3.92 0.64 96.3157 
-3.92 0.72 95.2271 
-3.92 0.8 94.1243 
-3.92 0.88 93.1563 
-3.92 0.96 92.4721 
-3.92 1.04 92.1516 
-3.92 1.12 92.1647 
-3.92 1.2 92.3957 
-3.92 1.28 92.7123 
-3.92 1.36 93.0142 
-3.92 1.44 93.2449 
-3.92 1.52 93.3885 
-3.92 1.6 93.4608 
-3.92 1.68 93.4896 
-3.92 1.76 93.4983 
-3.92 1.84 93.5001 
-3.92 1.92 93.5003 
-3.84 -2 100.412 
-3.84 -1.92 100.412 
-3.84 -1.84 100.412 
-3.84 -1.76 100.412 
-3.84 -1.68 100.412 
-3.84 -1.6 100.412 
-3.84 -1.52 100.412 
-3.84 -1.44 100.412 
-3.84 -1.36 100.412 
-3.84 -1.28 100.411 
-3.84 -1.2 100.411 
-3.84 -1.12 100.41 
-3.84 -1.04 100.409 
-3.84 -0.96 100.408 
-3.84 -0.88 100.406 
-3.84 -0.8 100.403 
-3.84 -0.72 100.399 
-3.84 -0.64 100.393 
-3.84 -0.56 100.385 
-3.84 -0.48 100.373 
-3.84 -0.4 100.355 
-3.84 -0.32 100.329 
-3.84 -0.24 100.293 
-3.84 -0.16 100.24 
-3.84 -0.08 100.164 
-3.84 6.93889e-16 100.056 
-3.84 0.08 99.9019 
-3.84 0.16 99.6835 
-3.84 0.24 99.3773 
-3.84 0.32 98.9535 
-3.84 0.4 98.3779 
-3.84 0.48 97.6167 
-3.84 0.56 96.6475 
-3.84 0.64 95.4767 
-3.84 0.72 94.1627 
-3.84 0.8 92.8312 
-3.84 0.88 91.663 
-3.84 0.96 90.8387 
-3.84 1.04 90.4555 
-3.84 1.12 90.4765 
-3.84 1.2 90.7612 
-3.84 1.28 91.1482 
-3.84 1.36 91.5153 
-3.84 1.44 91.7943 
-3.84 1.52 91.9671 
-3.84 1.6 92.0536 
-3.84 1.68 92.0881 
-3.84 1.76 92.0985 
-3.84 1.84 92.1006 
-3.84 1.92 92.1008 
-3.76 -2 100.412 
-3.76 -1.92 100.412 
-3.76 -1.84 100.412 
-3.76 -1.76 100.412 
-3.76 -1.68 100.412 
-3.76 -1.6 100.412 
-3.76 -1.52 100.412 
-3.76 -1.44 100.412 
-3.76 -1.36 100.411 
-3.76 -1.28 100.411 
-3.76 -1.2 100.411 
-3.76 -1.12 100.41 
-3.76 -1.04 100.409 
-3.76 -0.96 100.407 
-3.76 -0.88 100.405 
-3.76 -0.8 100.401 
-3.76 -0.72 100.396 
-3.76 -0.64 100.389 
-3.76 -0.56 100.379 
-3.76 -0.48 100.364 
-3.76 -0.4 100.343 
-3.76 -0.32 100.313 
-3.76 -0.24 100.269 
-3.76 -0.16 100.205 
-3.76 -0.08 100.114 
-3.76 6.93889e-16 99.984 
-3.76 0.08 99.7984 
-3.76 0.16 99.5357 
-3.76 0.24 99.1672 
-3.76 0.32 98.6569 
-3.76 0.4 97.9635 
-3.76 0.48 97.0461 
-3.76 0.56 95.877 
-3.76 0.64 94.4639 
-3.76 0.72 92.8772 
-3.76 0.8 91.2693 
-3.76 0.88 89.8597 
-3.76 0.96 88.8676 
-3.76 1.04 88.4106 
-3.76 1.12 88.444 
-3.76 1.2 88.7964 
-3.76 1.28 89.2707 
-3.76 1.36 89.7177 
-3.76 1.44 90.0552 
-3.76 1.52 90.2627 
-3.76 1.6 90.3661 
-3.76 1.68 90.4072 
-3.76 1.76 90.4195 
-3.76 1.84 90.422 
-3.76 1.92 90.4223 
-3.68 -2 100.412 
-3.68 -1.92 100.412 
-3.68 -1.84 100.412 
-3.68 -1.76 100.412 
-3.68 -1.68 100.412 
-3.68 -1.6 100.412 
-3.68 -1.52 100.412 
-3.68 -1.44 100.412 
-3.68 -1.36 100.411 
-3.68 -1.28 100.411 
-3.68 -1.2 100.41 
-3.68 -1.12 100.409 
-3.68 -1.04 100.408 
-3.68 -0.96 100.406 
-3.68 -0.88 100.403 
-3.68 -0.8 100.399 
-3.68 -0.72 100.393 
-3.68 -0.64 100.385 
-3.68 -0.56 100.373 
-3.68 -0.48 100.355 
-3.68 -0.4 100.329 
-3.68 -0.32 100.293 
-3.68 -0.24 100.24 
-3.68 -0.16 100.163 
-3.68 -0.08 100.054 
-3.68 6.93889e-16 99.8972 
-3.68 0.08 99.674 
-3.68 0.16 99.3579 
-3.68 0.24 98.9142 
-3.68 0.32 98.2997 
-3.68 0.4 97.4642 
-3.68 0.48 96.3579 
-3.68 0.56 94.9471 
-3.68 0.64 93.2409 
-3.68 0.72 91.3244 
-3.68 0.8 89.3827 
-3.68 0.88 87.6828 
-3.68 0.96 86.4904 
-3.68 1.04 85.9482 
-3.68 1.12 86.0007 
-3.68 1.2 86.439 
-3.68 1.28 87.0219 
-3.68 1.36 87.567 
-3.68 1.44 87.975 
-3.68 1.52 88.2239 
-3.68 1.6 88.347 
-3.68 1.68 88.3956 
-3.68 1.76 88.4102 
-3.68 1.84 88.4132 
-3.68 1.92 88.4135 
-3.6 -2 100.412 
-3.6 -1.92 100.412 
-3.6 -1.84 100.412 
-3.6 -1.76 100.412 
-3.6 -1.68 100.412 
-3.6 -1.6 100.412 
-3.6 -1.52 100.412 
-3.6 -1.44 100.411 
-3.6 -1.36 100.411 
-3.6 -1.28 100.411 
-3.6 -1.2 100.41 
-3.6 -1.12 100.409 
-3.6 -1.04 100.407 
-3.6 -0.96 100.405 
-3.6 -0.88 100.401 
-3.6 -0.8 100.396 
-3.6 -0.72 100.389 
-3.6 -0.64 100.379 
-3.6 -0.56 100.364 
-3.6 -0.48 100.343 
-3.6 -0.4 100.313 
-3.6 -0.32 100.268 
-3.6 -0.24 100.205 
-3.6 -0.16 100.113 
-3.6 -0.08 99.9813 
-3.6 6.93889e-16 99.7928 
-3.6 0.08 99.5243 
-3.6 0.16 99.1438 
-3.6 0.24 98.6096 
-3.6 0.32 97.8693 
-3.6 0.4 96.8621 
-3.6 0.48 95.5275 
-3.6 0.56 93.8244 
-3.6 0.64 91.7634 
-3.6 0.72 89.4483 
-3.6 0.8 87.1046 
-3.6 0.88 85.0571 
-3.6 0.96 83.6281 
-3.6 1.04 82.989 
-3.6 1.12 83.0712 
-3.6 1.2 83.6193 
-3.6 1.28 84.3377 
-3.6 1.36 85.003 
-3.6 1.44 85.4959 
-3.6 1.52 85.7934 
-3.6 1.6 85.9392 
-3.6 1.68 85.9964 
-3.6 1.76 86.0135 
-3.6 1.84 86.017 
-3.6 1.92 86.0175 
-3.52 -2 100.412 
-3.52 -1.92 100.412 
-3.52 -1.84 100.412 
-3.52 -1.76 100.412 
-3.52 -1.68 100.412 
-3.52 -1.6 100.412 
-3.52 -1.52 100.412 
-3.52 -1.44 100.411 
-3.52 -1.36 100.411 
-3.52 -1.28 100.41 
-3.52 -1.2 100.409 
-3.52 -1.12 100.408 
-3.52 -1.04 100.406 
-3.52 -0.96 100.403 
-3.52 -0.88 100.399 
-3.52 -0.8 100.393 
-3.52 -0.72 100.385 
-3.52 -0.64 100.372 
-3.52 -0.56 100.355 
-3.52 -0.48 100.329 
-3.52 -0.4 100.292 
-3.52 -0.32 100.239 
-3.52 -0.24 100.163 
-3.52 -0.16 100.052 
-3.52 -0.08 99.894 
-3.52 6.93889e-16 99.6673 
-3.52 0.08 99.3441 
-3.52 0.16 98.8861 
-3.52 0.24 98.2428 
-3.52 0.32 97.3507 
-3.52 0.4 96.136 
-3.52 0.48 94.5253 
-3.52 0.56 92.4683 
-3.52 0.64 89.9784 
-3.52 0.72 87.1826 
-3.52 0.8 84.3565 
-3.52 0.88 81.896 
-3.52 0.96 80.1906 
-3.52 1.04 79.4453 
-3.52 1.12 79.5736 
-3.52 1.2 80.2629 
-3.52 1.28 81.1508 
-3.52 1.36 81.9633 
-3.52 1.44 82.5575 
-3.52 1.52 82.9113 
-3.52 1.6 83.0827 
-3.52 1.68 83.1494 
-3.52 1.76 83.1693 
-3.52 1.84 83.1733 
-3.52 1.92 83.1738 
-3.44 -2 100.412 
-3.44 -1.92 100.412 
-3.44 -1.84 100.412 
-3.44 -1.76 100.412 
-3.44 -1.68 100.412 
-3.44 -1.6 100.412 
-3.44 -1.52 100.411 
-3.44 -1.44 100.411 
-3.44 -1.36 100.411 
-3.44 -1.28 100.41 
-3.44 -1.2 100.409 
-3.44 -1.12 100.407 
-3.44 -1.04 100.405 
-3.44 -0.96 100.401 
-3.44 -0.88 100.396 
-3.44 -0.8 100.389 
-3.44 -0.72 100.379 
-3.44 -0.64 100.364 
-3.44 -0.56 100.343 
-3.44 -0.48 100.312 
-3.44 -0.4 100.268 
-3.44 -0.32 100.204 
-3.44 -0.24 100.112 
-3.44 -0.16 99.9794 
-3.44 -0.08 99.7889 
-3.44 6.93889e-16 99.5162 
-3.44 0.08 99.1272 
-3.44 0.16 98.5757 
-3.44 0.24 97.8007 
-3.44 0.32 96.7252 
-3.44 0.4 95.2598 
-3.44 0.48 93.3149 
-3.44 0.56 90.83 
-3.44 0.64 87.8221 
-3.44 0.72 84.4485 
-3.44 0.8 81.0479 
-3.44 0.88 78.1023 
-3.44 0.96 76.081 
-3.44 1.04 75.2252 
-3.44 1.12 75.4248 
-3.44 1.2 76.2969 
-3.44 1.28 77.3971 
-3.44 1.36 78.3892 
-3.44 1.44 79.1029 
-3.44 1.52 79.5207 
-3.44 1.6 79.7198 
-3.44 1.68 79.7964 
-3.44 1.76 79.8191 
-3.44 1.84 79.8237 
-3.44 1.92 79.8243 
-3.36 -2 100.412 
-3.36 -1.92 100.412 
-3.36 -1.84 100.412 
-3.36 -1.76 100.412 
-3.36 -1.68 100.412 
-3.36 -1.6 100.412 
-3.36 -1.52 100.411 
-3.36 -1.44 100.411 
-3.36 -1.36 100.41 
-3.36 -1.28 100.409 
-3.36 -1.2 100.408 
-3.36 -1.12 100.406 
-3.36 -1.04 100.403 
-3.36 -0.96 100.399 
-3.36 -0.88 100.393 
-3.36 -0.8 100.385 
-3.36 -0.72 100.372 
-3.36 -0.64 100.355 
-3.36 -0.56 100.329 
-3.36 -0.48 100.292 
-3.36 -0.4 100.239 
-3.36 -0.32 100.162 
-3.36 -0.24 100.051 
-3.36 -0.16 99.8917 
-3.36 -0.08 99.6626 
-3.36 6.93889e-16 99.3344 
-3.36 0.08 98.8661 
-3.36 0.16 98.2019 
-3.36 0.24 97.2679 
-3.36 0.32 95.9708 
-3.36 0.4 94.202 
-3.36 0.48 91.8528 
-3.36 0.56 88.8506 
-3.36 0.64 85.219 
-3.36 0.72 81.1553 
-3.36 0.8 77.0779 
-3.36 0.88 73.5735 
-3.36 0.96 71.2026 
-3.36 1.04 70.2433 
-3.36 1.12 70.5526 
-3.36 1.2 71.6623 
-3.36 1.28 73.0278 
-3.36 1.36 74.2373 
-3.36 1.44 75.0898 
-3.36 1.52 75.5776 
-3.36 1.6 75.8052 
-3.36 1.68 75.8914 
-3.36 1.76 75.9167 
-3.36 1.84 75.9218 
-3.36 1.92 75.9224 
-3.28 -2 100.412 
-3.28 -1.92 100.412 
-3.28 -1.84 100.412 
-3.28 -1.76 100.412 
-3.28 -1.68 100.412 
-3.28 -1.6 100.411 
-3.28 -1.52 100.411 
-3.28 -1.44 100.411 
-3.28 -1.36 100.41 
-3.28 -1.28 100.409 
-3.28 -1.2 100.407 
-3.28 -1.12 100.405 
-3.28 -1.04 100.401 
-3.28 -0.96 100.396 
-3.28 -0.88 100.389 
-3.28 -0.8 100.379 
-3.28 -0.72 100.364 
-3.28 -0.64 100.343 
-3.28 -0.56 100.312 
-3.28 -0.48 100.268 
-3.28 -0.4 100.204 
-3.28 -0.32 100.111 
-3.28 -0.24 99.9781 
-3.28 -0.16 99.7862 
-3.28 -0.08 99.5105 
-3.28 6.93889e-16 99.1155 
-3.28 0.08 98.5517 
-3.28 0.16 97.7515 
-3.28 0.24 96.6255 
-3.28 0.32 95.0605 
-3.28 0.4 92.9245 
-3.28 0.48 90.0863 
-3.28 0.56 86.46 
-3.28 0.64 82.0812 
-3.28 0.72 77.2015 
-3.28 0.8 72.341 
-3.28 0.88 68.2117 
-3.28 0.96 65.474 
-3.28 1.04 64.438 
-3.28 1.12 64.9149 
-3.28 1.2 66.3335 
-3.28 1.28 68.0289 
-3.28 1.36 69.4985 
-3.28 1.44 70.5082 
-3.28 1.52 71.0689 
-3.28 1.6 71.3226 
-3.28 1.68 71.4165 
-3.28 1.76 71.4437 
-3.28 1.84 71.4492 
-3.28 1.92 71.4498 
-3.2 -2 100.412 
-3.2 -1.92 100.412 
-3.2 -1.84 100.412 
-3.2 -1.76 100.412 
-3.2 -1.68 100.412 
-3.2 -1.6 100.411 
-3.2 -1.52 100.411 
-3.2 -1.44 100.41 
-3.2 -1.36 100.409 
-3.2 -1.28 100.408 
-3.2 -1.2 100.406 
-3.2 -1.12 100.403 
-3.2 -1.04 100.399 
-3.2 -0.96 100.393 
-3.2 -0.88 100.385 
-3.2 -0.8 100.372 
-3.2 -0.72 100.355 
-3.2 -0.64 100.329 
-3.2 -0.56 100.292 
-3.2 -0.48 100.239 
-3.2 -0.4 100.162 
-3.2 -0.32 100.05 
-3.2 -0.24 99.8901 
-3.2 -0.16 99.6593 
-3.2 -0.08 99.3276 
-3.2 6.93889e-16 98.852 
-3.2 0.08 98.1729 
-3.2 0.16 97.2086 
-3.2 0.24 95.8505 
-3.2 0.32 93.9613 
-3.2 0.4 91.3812 
-3.2 0.48 87.9523 
-3.2 0.56 83.576 
-3.2 0.64 78.3095 
-3.2 0.72 72.48 
-3.2 0.8 66.7383 
-3.2 0.88 61.943 
-3.2 0.96 58.8552 
-3.2 1.04 57.802 
-3.2 1.12 58.5308 
-3.2 1.2 60.349 
-3.2 1.28 62.4506 
-3.2 1.36 64.2256 
-3.2 1.44 65.4069 
-3.2 1.52 66.037 
-3.2 1.6 66.31 
-3.2 1.68 66.4074 
-3.2 1.76 66.435 
-3.2 1.84 66.4405 
-3.2 1.92 66.4412 
-3.12 -2 100.412 
-3.12 -1.92 100.412 
-3.12 -1.84 100.412 
-3.12 -1.76 100.412 
-3.12 -1.68 100.411 
-3.12 -1.6 100.411 
-3.12 -1.52 100.411 
-3.12 -1.44 100.41 
-3.12 -1.36 100.409 
-3.12 -1.28 100.407 
-3.12 -1.2 100.405 
-3.12 -1.12 100.401 
-3.12 -1.04 100.396 
-3.12 -0.96 100.389 
-3.12 -0.88 100.379 
-3.12 -0.8 100.364 
-3.12 -0.72 100.343 
-3.12 -0.64 100.312 
-3.12 -0.56 100.268 
-3.12 -0.48 100.204 
-3.12 -0.4 100.111 
-3.12 -0.32 99.9772 
-3.12 -0.24 99.7843 
-3.12 -0.16 99.5066 
-3.12 -0.08 99.1073 
-3.12 6.93889e-16 98.5347 
-3.12 0.08 97.7166 
-3.12 0.16 96.5539 
-3.12 0.24 94.9152 
-3.12 0.32 92.6338 
-3.12 0.4 89.5165 
-3.12 0.48 85.3759 
-3.12 0.56 80.1041 
-3.12 0.64 73.7967 
-3.12 0.72 66.8892 
-3.12 0.8 60.1995 
-3.12 0.88 54.7493 
-3.12 0.96 51.3858 
-3.12 1.04 50.423 
-3.12 1.12 51.5213 
-3.12 1.2 53.85 
-3.12 1.28 56.4426 
-3.12 1.36 58.5672 
-3.12 1.44 59.9263 
-3.12 1.52 60.6128 
-3.12 1.6 60.8914 
-3.12 1.68 60.9848 
-3.12 1.76 61.0103 
-3.12 1.84 61.0153 
-3.12 1.92 61.0159 
-3.04 -2 100.412 
-3.04 -1.92 100.412 
-3.04 -1.84 100.412 
-3.04 -1.76 100.412 
-3.04 -1.68 100.411 
-3.04 -1.6 100.411 
-3.04 -1.52 100.41 
-3.04 -1.44 100.409 
-3.04 -1.36 100.408 
-3.04 -1.28 100.406 
-3.04 -1.2 100.403 
-3.04 -1.12 100.399 
-3.04 -1.04 100.393 
-3.04 -0.96 100.385 
-3.04 -0.88 100.372 
-3.04 -0.8 100.355 
-3.04 -0.72 100.329 
-3.04 -0.64 100.292 
-3.04 -0.56 100.239 
-3.04 -0.48 100.161 
-3.04 -0.4 100.05 
-3.04 -0.32 99.889 
-3.04 -0.24 99.657 
-3.04 -0.16 99.3228 
-3.04 -0.08 98.8421 
-3.04 6.93889e-16 98.1525 
-3.04 0.08 97.1665 
-3.04 0.16 95.7642 
-3.04 0.24 93.786 
-3.04 0.32 91.0301 
-3.04 0.4 87.2642 
-3.04 0.48 82.2698 
-3.04 0.56 75.9398 
-3.04 0.64 68.4373 
-3.04 0.72 60.3539 
-3.04 0.8 52.7165 
-3.04 0.88 46.7128 
-3.04 0.96 43.2343 
-3.04 1.04 42.5318 
-3.04 1.12 44.1524 
-3.04 1.2 47.118 
-3.04 1.28 50.2884 
-3.04 1.36 52.799 
-3.04 1.44 54.3293 
-3.04 1.52 55.047 
-3.04 1.6 55.309 
-3.04 1.68 55.3872 
-3.04 1.76 55.4067 
-3.04 1.84 55.4104 
-3.04 1.92 55.4108 
-2.96 -2 100.412 
-2.96 -1.92 100.412 
-2.96 -1.84 100.412 
-2.96 -1.76 100.411 
-2.96 -1.68 100.411 
-2.96 -1.6 100.411 
-2.96 -1.52 100.41 
-2.96 -1.44 100.409 
-2.96 -1.36 100.407 
-2.96 -1.28 100.405 
-2.96 -1.2 100.401 
-2.96 -1.12 100.396 
-2.96 -1.04 100.389 
-2.96 -0.96 100.379 
-2.96 -0.88 100.364 
-2.96 -0.8 100.343 
-2.96 -0.72 100.312 
-2.96 -0.64 100.268 
-2.96 -0.56 100.204 
-2.96 -0.48 100.111 
-2.96 -0.4 99.9765 
-2.96 -0.32 99.783 
-2.96 -0.24 99.5038 
-2.96 -0.16 99.1016 
-2.96 -0.08 98.5228 
-2.96 6.93889e-16 97.6919 
-2.96 0.08 96.5031 
-2.96 0.16 94.811 
-2.96 0.24 92.422 
-2.96 0.32 89.0924 
-2.96 0.4 84.546 
-2.96 0.48 78.5352 
-2.96 0.56 70.975 
-2.96 0.64 62.1451 
-2.96 0.72 52.8586 
-2.96 0.8 44.3918 
-2.96 0.88 38.069 
-2.96 0.96 34.7449 
-2.96 1.04 34.5379 
-2.96 1.12 36.8607 
-2.96 1.2 40.5916 
-2.96 1.28 44.4158 
-2.96 1.36 47.333 
-2.96 1.44 49.0123 
-2.96 1.52 49.7232 
-2.96 1.6 49.9388 
-2.96 1.68 49.9867 
-2.96 1.76 49.9953 
-2.96 1.84 49.9966 
-2.96 1.92 49.9967 
-2.88 -2 100.412 
-2.88 -1.92 100.412 
-2.88 -1.84 100.412 
-2.88 -1.76 100.411 
-2.88 -1.68 100.411 
-2.88 -1.6 100.41 
-2.88 -1.52 100.409 
-2.88 -1.44 100.408 
-2.88 -1.36 100.406 
-2.88 -1.28 100.403 
-2.88 -1.2 100.399 
-2.88 -1.12 100.393 
-2.88 -1.04 100.385 
-2.88 -0.96 100.372 
-2.88 -0.88 100.355 
-2.88 -0.8 100.329 
-2.88 -0.72 100.292 
-2.88 -0.64 100.239 
-2.88 -0.56 100.161 
-2.88 -0.48 100.05 
-2.88 -0.4 99.8883 
-2.88 -0.32 99.6554 
-2.88 -0.24 99.3195 
-2.88 -0.16 98.8353 
-2.88 -0.08 98.1382 
-2.88 6.93889e-16 97.1368 
-2.88 0.08 95.7029 
-2.88 0.16 93.6601 
-2.88 0.24 90.7742 
-2.88 0.32 86.7523 
-2.88 0.4 81.271 
-2.88 0.48 74.0651 
-2.88 0.56 65.1115 
-2.88 0.64 54.8826 
-2.88 0.72 44.4953 
-2.88 0.8 35.4916 
-2.88 0.88 29.2474 
-2.88 0.96 26.4541 
-2.88 1.04 27.0229 
-2.88 1.12 30.2287 
-2.88 1.2 34.8313 
-2.88 1.28 39.3574 
-2.88 1.36 42.679 
-2.88 1.44 44.4706 
-2.88 1.52 45.1289 
-2.88 1.6 45.2644 
-2.88 1.68 45.2655 
-2.88 1.76 45.2577 
-2.88 1.84 45.2554 
-2.88 1.92 45.2551 
-2.8 -2 100.412 
-2.8 -1.92 100.412 
-2.8 -1.84 100.411 
-2.8 -1.76 100.411 
-2.8 -1.68 100.411 
-2.8 -1.6 100.41 
-2.8 -1.52 100.409 
-2.8 -1.44 100.407 
-2.8 -1.36 100.405 
-2.8 -1.28 100.401 
-2.8 -1.2 100.396 
-2.8 -1.12 100.389 
-2.8 -1.04 100.379 
-2.8 -0.96 100.364 
-2.8 -0.88 100.343 
-2.8 -0.8 100.312 
-2.8 -0.72 100.268 
-2.8 -0.64 100.203 
-2.8 -0.56 100.11 
-2.8 -0.48 99.9761 
-2.8 -0.4 99.7821 
-2.8 -0.32 99.5019 
-2.8 -0.24 99.0976 
-2.8 -0.16 98.5145 
-2.8 -0.08 97.6747 
-2.8 6.93889e-16 96.4673 
-2.8 0.08 94.737 
-2.8 0.16 92.27 
-2.8 0.24 88.7835 
-2.8 0.32 83.9288 
-2.8 0.4 77.3376 
-2.8 0.48 68.7532 
-2.8 0.56 58.2845 
-2.8 0.64 46.7055 
-2.8 0.72 35.5176 
-2.8 0.8 26.4837 
-2.8 0.88 20.8671 
-2.8 0.96 19.0412 
-2.8 1.04 20.6589 
-2.8 1.12 24.8871 
-2.8 1.2 30.4159 
-2.8 1.28 35.6465 
-2.8 1.36 39.3435 
-2.8 1.44 41.2032 
-2.8 1.52 41.7656 
-2.8 1.6 41.7912 
-2.8 1.68 41.7312 
-2.8 1.76 41.7023 
-2.8 1.84 41.6955 
-2.8 1.92 41.6947 
-2.72 -2 100.412 
-2.72 -1.92 100.412 
-2.72 -1.84 100.411 
-2.72 -1.76 100.411 
-2.72 -1.68 100.41 
-2.72 -1.6 100.409 
-2.72 -1.52 100.408 
-2.72 -1.44 100.406 
-2.72 -1.36 100.403 
-2.72 -1.28 100.399 
-2.72 -1.2 100.393 
-2.72 -1.12 100.385 
-2.72 -1.04 100.372 
-2.72 -0.96 100.355 
-2.72 -0.88 100.329 
-2.72 -0.8 100.292 
-2.72 -0.72 100.239 
-2.72 -0.64 100.161 
-2.72 -0.56 100.049 
-2.72 -0.48 99.8878 
-2.72 -0.4 99.6543 
-2.72 -0.32 99.3172 
-2.72 -0.24 98.8305 
-2.72 -0.16 98.1282 
-2.72 -0.08 97.116 
-2.72 6.93889e-16 95.6597 
-2.72 0.08 93.5708 
-2.72 0.16 90.5906 
-2.72 0.24 86.3794 
-2.72 0.32 80.5289 
-2.72 0.4 72.638 
-2.72 0.48 62.5112 
-2.72 0.56 50.5005 
-2.72 0.64 37.8167 
-2.72 0.72 26.3812 
-2.72 0.8 18.0225 
-2.72 0.88 13.6525 
-2.72 0.96 13.1945 
-2.72 1.04 16.0528 
-2.72 1.12 21.3555 
-2.72 1.2 27.7877 
-2.72 1.28 33.6707 
-2.72 1.36 37.6903 
-2.72 1.44 39.5767 
-2.72 1.52 40.0149 
-2.72 1.6 39.914 
-2.72 1.68 39.7855 
-2.72 1.76 39.7331 
-2.72 1.84 39.7213 
-2.72 1.92 39.7198 
-2.64 -2 100.412 
-2.64 -1.92 100.411 
-2.64 -1.84 100.411 
-2.64 -1.76 100.411 
-2.64 -1.68 100.41 
-2.64 -1.6 100.409 
-2.64 -1.52 100.407 
-2.64 -1.44 100.405 
-2.64 -1.36 100.401 
-2.64 -1.28 100.396 
-2.64 -1.2 100.389 
-2.64 -1.12 100.379 
-2.64 -1.04 100.364 
-2.64 -0.96 100.343 
-2.64 -0.88 100.312 
-2.64 -0.8 100.268 
-2.64 -0.72 100.203 
-2.64 -0.64 100.11 
-2.64 -0.56 99.9758 
-2.64 -0.48 99.7815 
-2.64 -0.4 99.5006 
-2.64 -0.32 99.0949 
-2.64 -0.24 98.5088 
-2.64 -0.16 97.6627 
-2.64 -0.08 96.4423 
-2.64 6.93889e-16 94.6849 
-2.64 0.08 92.1621 
-2.64 0.16 88.5618 
-2.64 0.24 83.4795 
-2.64 0.32 76.4493 
-2.64 0.4 67.0691 
-2.64 0.48 55.2974 
-2.64 0.56 41.8877 
-2.64 0.64 28.6139 
-2.64 0.72 17.7346 
-2.64 0.8 10.8493 
-2.64 0.88 8.26761 
-2.64 0.96 9.4257 
-2.64 1.04 13.5708 
-2.64 1.12 19.8868 
-2.64 1.2 27.1176 
-2.64 1.28 33.5506 
-2.64 1.36 37.8242 
-2.64 1.44 39.7086 
-2.64 1.52 40.0177 
-2.64 1.6 39.7924 
-2.64 1.68 39.5974 
-2.64 1.76 39.5223 
-2.64 1.84 39.5055 
-2.64 1.92 39.5035 
-2.56 -2 100.412 
-2.56 -1.92 100.411 
-2.56 -1.84 100.411 
-2.56 -1.76 100.41 
-2.56 -1.68 100.409 
-2.56 -1.6 100.408 
-2.56 -1.52 100.406 
-2.56 -1.44 100.403 
-2.56 -1.36 100.399 
-2.56 -1.28 100.393 
-2.56 -1.2 100.385 
-2.56 -1.12 100.372 
-2.56 -1.04 100.355 
-2.56 -0.96 100.329 
-2.56 -0.88 100.292 
-2.56 -0.8 100.238 
-2.56 -0.72 100.161 
-2.56 -0.64 100.049 
-2.56 -0.56 99.8874 
-2.56 -0.48 99.6536 
-2.56 -0.4 99.3156 
-2.56 -0.32 98.8271 
-2.56 -0.24 98.1213 
-2.56 -0.16 97.1015 
-2.56 -0.08 95.6295 
-2.56 6.93889e-16 93.5079 
-2.56 0.08 90.4603 
-2.56 0.16 86.112 
-2.56 0.24 79.9891 
-2.56 0.32 71.582 
-2.56 0.4 60.5525 
-2.56 0.48 47.1601 
-2.56 0.56 32.7501 
-2.56 0.64 19.6988 
-2.56 0.72 10.3257 
-2.56 0.8 5.61403 
-2.56 0.88 5.12673 
-2.56 0.96 7.91947 
-2.56 1.04 13.2342 
-2.56 1.12 20.3999 
-2.56 1.2 28.2621 
-2.56 1.28 35.1113 
-2.56 1.36 39.5662 
-2.56 1.44 41.4353 
-2.56 1.52 41.6332 
-2.56 1.6 41.3037 
-2.56 1.68 41.053 
-2.56 1.76 40.9589 
-2.56 1.84 40.9381 
-2.56 1.92 40.9356 
-2.48 -2 100.411 
-2.48 -1.92 100.411 
-2.48 -1.84 100.411 
-2.48 -1.76 100.41 
-2.48 -1.68 100.409 
-2.48 -1.6 100.407 
-2.48 -1.52 100.405 
-2.48 -1.44 100.401 
-2.48 -1.36 100.396 
-2.48 -1.28 100.389 
-2.48 -1.2 100.379 
-2.48 -1.12 100.364 
-2.48 -1.04 100.343 
-2.48 -0.96 100.312 
-2.48 -0.88 100.268 
-2.48 -0.8 100.203 
-2.48 -0.72 100.11 
-2.48 -0.64 99.9756 
-2.48 -0.56 99.781 
-2.48 -0.48 99.4997 
-2.48 -0.4 99.0929 
-2.48 -0.32 98.5048 
-2.48 -0.24 97.6543 
-2.48 -0.16 96.4248 
-2.48 -0.08 94.6484 
-2.48 6.93889e-16 92.0862 
-2.48 0.08 88.4044 
-2.48 0.16 83.1574 
-2.48 0.24 75.8038 
-2.48 0.32 65.8273 
-2.48 0.4 53.0677 
-2.48 0.48 38.2917 
-2.48 0.56 23.5992 
-2.48 0.64 11.8092 
-2.48 0.72 4.82571 
-2.48 0.8 2.68815 
-2.48 0.88 4.27886 
-2.48 0.96 8.50057 
-2.48 1.04 14.7441 
-2.48 1.12 22.5354 
-2.48 1.2 30.8361 
-2.48 1.28 37.961 
-2.48 1.36 42.5299 
-2.48 1.44 44.3831 
-2.48 1.52 44.5021 
-2.48 1.6 44.099 
-2.48 1.68 43.8089 
-2.48 1.76 43.7013 
-2.48 1.84 43.6777 
-2.48 1.92 43.6748 
-2.4 -2 100.411 
-2.4 -1.92 100.411 
-2.4 -1.84 100.41 
-2.4 -1.76 100.409 
-2.4 -1.68 100.408 
-2.4 -1.6 100.406 
-2.4 -1.52 100.403 
-2.4 -1.44 100.399 
-2.4 -1.36 100.393 
-2.4 -1.28 100.385 
-2.4 -1.2 100.372 
-2.4 -1.12 100.355 
-2.4 -1.04 100.329 
-2.4 -0.96 100.292 
-2.4 -0.88 100.238 
-2.4 -0.8 100.161 
-2.4 -0.72 100.049 
-2.4 -0.64 99.8871 
-2.4 -0.56 99.653 
-2.4 -0.48 99.3145 
-2.4 -0.4 98.8248 
-2.4 -0.32 98.1164 
-2.4 -0.24 97.0914 
-2.4 -0.16 95.6083 
-2.4 -0.08 93.4638 
-2.4 6.93889e-16 90.3686 
-2.4 0.08 85.9222 
-2.4 0.16 79.6023 
-2.4 0.24 70.8162 
-2.4 0.32 59.1156 
-2.4 0.4 44.6989 
-2.4 0.48 29.0776 
-2.4 0.56 15.1255 
-2.4 0.64 5.66229 
-2.4 0.72 1.63754 
-2.4 0.8 2.066 
-2.4 0.88 5.42838 
-2.4 0.96 10.729 
-2.4 1.04 17.6076 
-2.4 1.12 25.792 
-2.4 1.2 34.3483 
-2.4 1.28 41.6234 
-2.4 1.36 46.2507 
-2.4 1.44 48.0939 
-2.4 1.52 48.1694 
-2.4 1.6 47.7253 
-2.4 1.68 47.413 
-2.4 1.76 47.2978 
-2.4 1.84 47.2725 
-2.4 1.92 47.2694 
-2.32 -2 100.411 
-2.32 -1.92 100.411 
-2.32 -1.84 100.41 
-2.32 -1.76 100.409 
-2.32 -1.68 100.407 
-2.32 -1.6 100.405 
-2.32 -1.52 100.401 
-2.32 -1.44 100.396 
-2.32 -1.36 100.389 
-2.32 -1.28 100.379 
-2.32 -1.2 100.364 
-2.32 -1.12 100.343 
-2.32 -1.04 100.312 
-2.32 -0.96 100.268 
-2.32 -0.88 100.203 
-2.32 -0.8 100.11 
-2.32 -0.72 99.9755 
-2.32 -0.64 99.7807 
-2.32 -0.56 99.4991 
-2.32 -0.48 99.0916 
-2.32 -0.4 98.502 
-2.32 -0.32 97.6485 
-2.32 -0.24 96.4126 
-2.32 -0.16 94.6229 
-2.32 -0.08 92.0329 
-2.32 6.93889e-16 88.2936 
-2.32 0.08 82.9289 
-2.32 0.16 75.3418 
-2.32 0.24 64.9291 
-2.32 0.32 51.4442 
-2.32 0.4 35.6902 
-2.32 0.48 20.1087 
-2.32 0.56 8.08109 
-2.32 0.64 1.75658 
-2.32 0.72 0.786641 
-2.32 0.8 3.40686 
-2.32 0.88 8.06686 
-2.32 0.96 14.0569 
-2.32 1.04 21.2912 
-2.32 1.12 29.6671 
-2.32 1.2 38.3293 
-2.32 1.28 45.6557 
-2.32 1.36 50.2996 
-2.32 1.44 52.1399 
-2.32 1.52 52.2024 
-2.32 1.6 51.7451 
-2.32 1.68 51.4253 
-2.32 1.76 51.3075 
-2.32 1.84 51.2816 
-2.32 1.92 51.2784 
-2.24 -2 100.411 
-2.24 -1.92 100.41 
-2.24 -1.84 100.409 
-2.24 -1.76 100.408 
-2.24 -1.68 100.406 
-2.24 -1.6 100.403 
-2.24 -1.52 100.399 
-2.24 -1.44 100.393 
-2.24 -1.36 100.385 
-2.24 -1.28 100.372 
-2.24 -1.2 100.355 
-2.24 -1.12 100.329 
-2.24 -1.04 100.292 
-2.24 -0.96 100.238 
-2.24 -0.88 100.161 
-2.24 -0.8 100.049 
-2.24 -0.72 99.887 
-2.24 -0.64 99.6527 
-2.24 -0.56 99.3137 
-2.24 -0.48 98.8232 
-2.24 -0.4 98.1131 
-2.24 -0.32 97.0844 
-2.24 -0.24 95.5937 
-2.24 -0.16 93.4331 
-2.24 -0.08 90.3043 
-2.24 6.93889e-16 85.7885 
-2.24 0.08 79.328 
-2.24 0.16 70.2686 
-2.24 0.24 58.0807 
-2.24 0.32 42.9258 
-2.24 0.4 26.4876 
-2.24 0.48 12.1192 
-2.24 0.56 3.08941 
-2.24 0.64 0.229272 
-2.24 0.72 1.95267 
-2.24 0.8 6.17904 
-2.24 0.88 11.6342 
-2.24 0.96 17.9667 
-2.24 1.04 25.3315 
-2.24 1.12 33.7466 
-2.24 1.2 42.4063 
-2.24 1.28 49.7143 
-2.24 1.36 54.3461 
-2.24 1.44 56.1889 
-2.24 1.52 56.2606 
-2.24 1.6 55.8103 
-2.24 1.68 55.4937 
-2.24 1.76 55.3768 
-2.24 1.84 55.3511 
-2.24 1.92 55.348 
-2.16 -2 100.411 
-2.16 -1.92 100.41 
-2.16 -1.84 100.409 
-2.16 -1.76 100.407 
-2.16 -1.68 100.405 
-2.16 -1.6 100.401 
-2.16 -1.52 100.396 
-2.16 -1.44 100.389 
-2.16 -1.36 100.379 
-2.16 -1.28 100.364 
-2.16 -1.2 100.343 
-2.16 -1.12 100.312 
-2.16 -1.04 100.268 
-2.16 -0.96 100.203 
-2.16 -0.88 100.11 
-2.16 -0.8 99.9754 
-2.16 -0.72 99.7805 
-2.16 -0.64 99.4986 
-2.16 -0.56 99.0907 
-2.16 -0.48 98.5001 
-2.16 -0.4 97.6444 
-2.16 -0.32 96.4042 
-2.16 -0.24 94.6052 
-2.16 -0.16 91.9958 
-2.16 -0.08 88.216 
-2.16 6.93889e-16 82.768 
-2.16 0.08 75.0144 
-2.16 0.16 64.2884 
-2.16 0.24 50.2817 
-2.16 0.32 33.8439 
-2.16 0.4 17.7334 
-2.16 0.48 5.83422 
-2.16 0.56 0.464707 
-2.16 0.64 0.847315 
-2.16 0.72 4.60974 
-2.16 0.8 9.8202 
-2.16 0.88 15.6383 
-2.16 0.96 22.0485 
-2.16 1.04 29.3849 
-2.16 1.12 37.7373 
-2.16 1.2 46.3246 
-2.16 1.28 53.5705 
-2.16 1.36 58.1722 
-2.16 1.44 60.0207 
-2.16 1.52 60.1151 
-2.16 1.6 59.6842 
-2.16 1.68 59.3775 
-2.16 1.76 59.2639 
-2.16 1.84 59.239 
-2.16 1.92 59.2359 
-2.08 -2 100.41 
-2.08 -1.92 100.409 
-2.08 -1.84 100.408 
-2.08 -1.76 100.406 
-2.08 -1.68 100.403 
-2.08 -1.6 100.399 
-2.08 -1.52 100.393 
-2.08 -1.44 100.385 
-2.08 -1.36 100.372 
-2.08 -1.28 100.355 
-2.08 -1.2 100.329 
-2.08 -1.12 100.292 
-2.08 -1.04 100.238 
-2.08 -0.96 100.161 
-2.08 -0.88 100.049 
-2.08 -0.8 99.8868 
-2.08 -0.72 99.6524 
-2.08 -0.64 99.3132 
-2.08 -0.56 98.8221 
-2.08 -0.48 98.1108 
-2.08 -0.4 97.0795 
-2.08 -0.32 95.5835 
-2.08 -0.24 93.4116 
-2.08 -0.16 90.2594 
-2.08 -0.08 85.6949 
-2.08 6.93889e-16 79.135 
-2.08 0.08 69.8811 
-2.08 0.16 57.3447 
-2.08 0.24 41.6668 
-2.08 0.32 24.6875 
-2.08 0.4 10.1777 
-2.08 0.48 1.77158 
-2.08 0.56 0.136235 
-2.08 0.64 3.12489 
-2.08 0.72 8.18948 
-2.08 0.8 13.8486 
-2.08 0.88 19.7093 
-2.08 0.96 26.0199 
-2.08 1.04 33.229 
-2.08 1.12 41.4588 
-2.08 1.2 49.9345 
-2.08 1.28 57.0946 
-2.08 1.36 61.6564 
-2.08 1.44 63.5117 
-2.08 1.52 63.6355 
-2.08 1.6 63.2306 
-2.08 1.68 62.9372 
-2.08 1.76 62.8281 
-2.08 1.84 62.8041 
-2.08 1.92 62.8012 
-2 -2 100.41 
-2 -1.92 100.409 
-2 -1.84 100.407 
-2 -1.76 100.405 
-2 -1.68 100.401 
-2 -1.6 100.396 
-2 -1.52 100.389 
-2 -1.44 100.379 
-2 -1.36 100.364 
-2 -1.28 100.343 
-2 -1.2 100.312 
-2 -1.12 100.268 
-2 -1.04 100.203 
-2 -0.96 100.11 
-2 -0.88 99.9753 
-2 -0.8 99.7804 
-2 -0.72 99.4983 
-2 -0.64 99.09 
-2 -0.56 98.4987 
-2 -0.48 97.6416 
-2 -0.4 96.3983 
-2 -0.32 94.5929 
-2 -0.24 91.9699 
-2 -0.16 88.1619 
-2 -0.08 82.6553 
-2 6.93889e-16 74.784 
-2 0.08 63.8356 
-2 0.16 49.4586 
-2 0.24 32.5482 
-2 0.32 16.1312 
-2 0.4 4.50527 
-2 0.48 0.0928373 
-2 0.56 1.71437 
-2 0.64 6.4894 
-2 0.72 12.1981 
-2 0.8 17.9093 
-2 0.88 23.6042 
-2 0.96 29.7115 
-2 1.04 36.7407 
-2 1.12 44.8186 
-2 1.2 53.1652 
-2 1.28 60.2298 
-2 1.36 64.7478 
-2 1.44 66.6098 
-2 1.52 66.765 
-2 1.6 66.3882 
-2 1.68 66.1095 
-2 1.76 66.0053 
-2 1.84 65.9824 
-2 1.92 65.9796 
-1.92 -2 100.409 
-1.92 -1.92 100.408 
-1.92 -1.84 100.406 
-1.92 -1.76 100.403 
-1.92 -1.68 100.399 
-1.92 -1.6 100.393 
-1.92 -1.52 100.385 
-1.92 -1.44 100.372 
-1.92 -1.36 100.355 
-1.92 -1.28 100.329 
-1.92 -1.2 100.292 
-1.92 -1.12 100.238 
-1.92 -1.04 100.161 
-1.92 -0.96 100.049 
-1.92 -0.88 99.8868 
-1.92 -0.8 99.6523 
-1.92 -0.72 99.3128 
-1.92 -0.64 98.8214 
-1.92 -0.56 98.1092 
-1.92 -0.48 97.0762 
-1.92 -0.4 95.5764 
-1.92 -0.32 93.3968 
-1.92 -0.24 90.2282 
-1.92 -0.16 85.6296 
-1.92 -0.08 78.9999 
-1.92 6.93889e-16 69.6087 
-1.92 0.08 56.8257 
-1.92 0.16 40.781 
-1.92 0.24 23.4449 
-1.92 0.32 8.92696 
-1.92 0.4 1.14084 
-1.92 0.48 0.585221 
-1.92 0.56 4.64593 
-1.92 0.64 10.4162 
-1.92 0.72 16.2675 
-1.92 0.8 21.773 
-1.92 0.88 27.1843 
-1.92 0.96 33.0382 
-1.92 1.04 39.8669 
-1.92 1.12 47.7845 
-1.92 1.2 55.9988 
-1.92 1.28 62.9672 
-1.92 1.36 67.4412 
-1.92 1.44 69.3091 
-1.92 1.52 69.4949 
-1.92 1.6 69.1457 
-1.92 1.68 68.8815 
-1.92 1.76 68.7822 
-1.92 1.84 68.7603 
-1.92 1.92 68.7577 
-1.84 -2 100.409 
-1.84 -1.92 100.407 
-1.84 -1.84 100.405 
-1.84 -1.76 100.401 
-1.84 -1.68 100.396 
-1.84 -1.6 100.389 
-1.84 -1.52 100.379 
-1.84 -1.44 100.364 
-1.84 -1.36 100.343 
-1.84 -1.28 100.312 
-1.84 -1.2 100.268 
-1.84 -1.12 100.203 
-1.84 -1.04 100.11 
-1.84 -0.96 99.9752 
-1.84 -0.88 99.7803 
-1.84 -0.8 99.4981 
-1.84 -0.72 99.0896 
-1.84 -0.64 98.4978 
-1.84 -0.56 97.6397 
-1.84 -0.48 96.3942 
-1.84 -0.4 94.5843 
-1.84 -0.32 91.952 
-1.84 -0.24 88.1242 
-1.84 -0.16 82.5767 
-1.84 -0.08 74.6229 
-1.84 6.93889e-16 63.5177 
-1.84 0.08 48.8802 
-1.84 0.16 31.6446 
-1.84 0.24 15.0514 
-1.84 0.32 3.71993 
-1.84 0.4 0.132579 
-1.84 0.48 2.77335 
-1.84 0.56 8.37091 
-1.84 0.64 14.4981 
-1.84 0.72 20.1572 
-1.84 0.8 25.3113 
-1.84 0.88 30.3861 
-1.84 0.96 35.9724 
-1.84 1.04 42.6001 
-1.84 1.12 50.3614 
-1.84 1.2 58.4489 
-1.84 1.28 65.3259 
-1.84 1.36 69.7579 
-1.84 1.44 71.6308 
-1.84 1.52 71.8447 
-1.84 1.6 71.5212 
-1.84 1.68 71.2705 
-1.84 1.76 71.1759 
-1.84 1.84 71.155 
-1.84 1.92 71.1524 
-1.76 -2 100.408 
-1.76 -1.92 100.406 
-1.76 -1.84 100.403 
-1.76 -1.76 100.399 
-1.76 -1.68 100.393 
-1.76 -1.6 100.385 
-1.76 -1.52 100.372 
-1.76 -1.44 100.355 
-1.76 -1.36 100.329 
-1.76 -1.28 100.292 
-1.76 -1.2 100.238 
-1.76 -1.12 100.161 
-1.76 -1.04 100.049 
-1.76 -0.96 99.8867 
-1.76 -0.88 99.6521 
-1.76 -0.8 99.3126 
-1.76 -0.72 98.8208 
-1.76 -0.64 98.108 
-1.76 -0.56 97.0738 
-1.76 -0.48 95.5715 
-1.76 -0.4 93.3865 
-1.76 -0.32 90.2065 
-1.76 -0.24 85.5842 
-1.76 -0.16 78.9056 
-1.76 -0.08 69.4182 
-1.76 6.93889e-16 56.462 
-1.76 0.08 40.1614 
-1.76 0.16 22.5892 
-1.76 0.24 8.1161 
-1.76 0.32 0.861432 
-1.76 0.4 1.17607 
-1.76 0.48 6.08501 
-1.76 0.56 12.4231 
-1.76 0.64 18.4589 
-1.76 0.72 23.7306 
-1.76 0.8 28.4681 
-1.76 0.88 33.1954 
-1.76 0.96 38.5213 
-1.76 1.04 44.9593 
-1.76 1.12 52.5752 
-1.76 1.2 60.5459 
-1.76 1.28 67.3393 
-1.76 1.36 71.7326 
-1.76 1.44 73.6093 
-1.76 1.52 73.8484 
-1.76 1.6 73.5481 
-1.76 1.68 73.3096 
-1.76 1.76 73.2191 
-1.76 1.84 73.1991 
-1.76 1.92 73.1966 
-1.68 -2 100.407 
-1.68 -1.92 100.405 
-1.68 -1.84 100.401 
-1.68 -1.76 100.396 
-1.68 -1.68 100.389 
-1.68 -1.6 100.379 
-1.68 -1.52 100.364 
-1.68 -1.44 100.343 
-1.68 -1.36 100.312 
-1.68 -1.28 100.268 
-1.68 -1.2 100.203 
-1.68 -1.12 100.11 
-1.68 -1.04 99.9752 
-1.68 -0.96 99.7802 
-1.68 -0.88 99.498 
-1.68 -0.8 99.0893 
-1.68 -0.72 98.4972 
-1.68 -0.64 97.6384 
-1.68 -0.56 96.3914 
-1.68 -0.48 94.5784 
-1.68 -0.4 91.9395 
-1.68 -0.32 88.098 
-1.68 -0.24 82.522 
-1.68 -0.16 74.5105 
-1.68 -0.08 63.2956 
-1.68 6.93889e-16 48.4757 
-1.68 0.08 31.0166 
-1.68 0.16 14.3216 
-1.68 0.24 3.2505 
-1.68 0.32 0.319603 
-1.68 0.4 3.751 
-1.68 0.48 9.98942 
-1.68 0.56 16.4665 
-1.68 0.64 22.1344 
-1.68 0.72 26.9256 
-1.68 0.8 31.2332 
-1.68 0.88 35.627 
-1.68 0.96 40.7115 
-1.68 1.04 46.9768 
-1.68 1.12 54.4617 
-1.68 1.2 62.3277 
-1.68 1.28 69.0463 
-1.68 1.36 73.4049 
-1.68 1.44 75.2846 
-1.68 1.52 75.5455 
-1.68 1.6 75.2656 
-1.68 1.68 75.0379 
-1.68 1.76 74.951 
-1.68 1.84 74.9318 
-1.68 1.92 74.9294 
-1.6 -2 100.406 
-1.6 -1.92 100.403 
-1.6 -1.84 100.399 
-1.6 -1.76 100.393 
-1.6 -1.68 100.385 
-1.6 -1.6 100.372 
-1.6 -1.52 100.355 
-1.6 -1.44 100.329 
-1.6 -1.36 100.292 
-1.6 -1.28 100.238 
-1.6 -1.2 100.161 
-1.6 -1.12 100.049 
-1.6 -1.04 99.8867 
-1.6 -0.96 99.652 
-1.6 -0.88 99.3124 
-1.6 -0.8 98.8205 
-1.6 -0.72 98.1073 
-1.6 -0.64 97.0722 
-1.6 -0.56 95.5681 
-1.6 -0.48 93.3793 
-1.6 -0.4 90.1915 
-1.6 -0.32 85.5526 
-1.6 -0.24 78.84 
-1.6 -0.16 69.2854 
-1.6 -0.08 56.2081 
-1.6 6.93889e-16 39.7296 
-1.6 0.08 22 
-1.6 0.16 7.58491 
-1.6 0.24 0.751396 
-1.6 0.32 1.73177 
-1.6 0.4 7.28584 
-1.6 0.48 14.071 
-1.6 0.56 20.2885 
-1.6 0.64 25.4438 
-1.6 0.72 29.7286 
-1.6 0.8 33.6237 
-1.6 0.88 37.711 
-1.6 0.96 42.5787 
-1.6 1.04 48.6906 
-1.6 1.12 56.0598 
-1.6 1.2 63.8337 
-1.6 1.28 70.4865 
-1.6 1.36 74.8145 
-1.6 1.44 76.6965 
-1.6 1.52 76.9762 
-1.6 1.6 76.7139 
-1.6 1.68 76.4955 
-1.6 1.76 76.4118 
-1.6 1.84 76.3932 
-1.6 1.92 76.391 
-1.52 -2 100.405 
-1.52 -1.92 100.401 
-1.52 -1.84 100.396 
-1.52 -1.76 100.389 
-1.52 -1.68 100.379 
-1.52 -1.6 100.364 
-1.52 -1.52 100.343 
-1.52 -1.44 100.312 
-1.52 -1.36 100.268 
-1.52 -1.28 100.203 
-1.52 -1.2 100.11 
-1.52 -1.12 99.9752 
-1.52 -1.04 99.7801 
-1.52 -0.96 99.4979 
-1.52 -0.88 99.0891 
-1.52 -0.8 98.4967 
-1.52 -0.72 97.6374 
-1.52 -0.64 96.3894 
-1.52 -0.56 94.5743 
-1.52 -0.48 91.9309 
-1.52 -0.4 88.0798 
-1.52 -0.32 82.484 
-1.52 -0.24 74.4323 
-1.52 -0.16 63.1408 
-1.52 -0.08 48.1939 
-1.52 6.93889e-16 30.5811 
-1.52 0.08 13.8262 
-1.52 0.16 2.96458 
-1.52 0.24 0.531579 
-1.52 0.32 4.55444 
-1.52 0.4 11.2788 
-1.52 0.48 18.0455 
-1.52 0.56 23.7735 
-1.52 0.64 28.3616 
-1.52 0.72 32.1547 
-1.52 0.8 35.6709 
-1.52 0.88 39.4845 
-1.52 0.96 44.1612 
-1.52 1.04 50.1391 
-1.52 1.12 57.4078 
-1.52 1.2 65.1016 
-1.52 1.28 71.6974 
-1.52 1.36 75.9987 
-1.52 1.44 77.8824 
-1.52 1.52 78.1781 
-1.52 1.6 77.9308 
-1.52 1.68 77.7204 
-1.52 1.76 77.6395 
-1.52 1.84 77.6215 
-1.52 1.92 77.6193 
-1.44 -2 100.403 
-1.44 -1.92 100.399 
-1.44 -1.84 100.393 
-1.44 -1.76 100.385 
-1.44 -1.68 100.372 
-1.44 -1.6 100.355 
-1.44 -1.52 100.329 
-1.44 -1.44 100.292 
-1.44 -1.36 100.238 
-1.44 -1.28 100.161 
-1.44 -1.2 100.049 
-1.44 -1.12 99.8866 
-1.44 -1.04 99.652 
-1.44 -0.96 99.3123 
-1.44 -0.88 98.8202 
-1.44 -0.8 98.1067 
-1.44 -0.72 97.0711 
-1.44 -0.64 95.5657 
-1.44 -0.56 93.3744 
-1.44 -0.48 90.181 
-1.44 -0.4 85.5307 
-1.44 -0.32 78.7945 
-1.44 -0.24 69.193 
-1.44 -0.16 56.0313 
-1.44 -0.08 39.4293 
-1.44 6.93889e-16 21.5942 
-1.44 0.08 7.23299 
-1.44 0.16 0.717992 
-1.44 0.24 2.19123 
-1.44 0.32 8.22314 
-1.44 0.4 15.353 
-1.44 0.48 21.7424 
-1.44 0.56 26.8732 
-1.44 0.64 30.8961 
-1.44 0.72 34.2343 
-1.44 0.8 37.4121 
-1.44 0.88 40.9856 
-1.44 0.96 45.4968 
-1.44 1.04 51.3591 
-1.44 1.12 58.541 
-1.44 1.2 66.1661 
-1.44 1.28 72.7128 
-1.44 1.36 76.9911 
-1.44 1.44 78.876 
-1.44 1.52 79.1853 
-1.44 1.6 78.9508 
-1.44 1.68 78.7472 
-1.44 1.76 78.6685 
-1.44 1.84 78.651 
-1.44 1.92 78.6489 
-1.36 -2 100.401 
-1.36 -1.92 100.396 
-1.36 -1.84 100.389 
-1.36 -1.76 100.379 
-1.36 -1.68 100.364 
-1.36 -1.6 100.343 
-1.36 -1.52 100.312 
-1.36 -1.44 100.268 
-1.36 -1.36 100.203 
-1.36 -1.28 100.11 
-1.36 -1.2 99.9752 
-1.36 -1.12 99.7801 
-1.36 -1.04 99.4978 
-1.36 -0.96 99.0889 
-1.36 -0.88 98.4964 
-1.36 -0.8 97.6368 
-1.36 -0.72 96.3881 
-1.36 -0.64 94.5715 
-1.36 -0.56 91.9249 
-1.36 -0.48 88.0673 
-1.36 -0.4 82.4577 
-1.36 -0.32 74.378 
-1.36 -0.24 63.0332 
-1.36 -0.16 47.9979 
-1.36 -0.08 30.2793 
-1.36 6.93889e-16 13.4884 
-1.36 0.08 2.78658 
-1.36 0.16 0.719948 
-1.36 0.24 5.17481 
-1.36 0.32 12.2599 
-1.36 0.4 19.2599 
-1.36 0.48 25.0765 
-1.36 0.56 29.5828 
-1.36 0.64 33.0742 
-1.36 0.72 36.0042 
-1.36 0.8 38.8854 
-1.36 0.88 42.2514 
-1.36 0.96 46.6203 
-1.36 1.04 52.3836 
-1.36 1.12 59.4915 
-1.36 1.2 67.0578 
-1.36 1.28 73.5627 
-1.36 1.36 77.8213 
-1.36 1.44 79.707 
-1.36 1.52 80.0277 
-1.36 1.6 79.804 
-1.36 1.68 79.6062 
-1.36 1.76 79.5295 
-1.36 1.84 79.5124 
-1.36 1.92 79.5104 
-1.28 -2 100.399 
-1.28 -1.92 100.393 
-1.28 -1.84 100.385 
-1.28 -1.76 100.372 
-1.28 -1.68 100.355 
-1.28 -1.6 100.329 
-1.28 -1.52 100.292 
-1.28 -1.44 100.238 
-1.28 -1.36 100.161 
-1.28 -1.28 100.049 
-1.28 -1.2 99.8866 
-1.28 -1.12 99.6519 
-1.28 -1.04 99.3122 
-1.28 -0.96 98.82 
-1.28 -0.88 98.1064 
-1.28 -0.8 97.0703 
-1.28 -0.72 95.5641 
-1.28 -0.64 93.3709 
-1.28 -0.56 90.1738 
-1.28 -0.48 85.5155 
-1.28 -0.4 78.7629 
-1.28 -0.32 69.1289 
-1.28 -0.24 55.9085 
-1.28 -0.16 39.221 
-1.28 -0.08 21.3144 
-1.28 6.93889e-16 6.99745 
-1.28 0.08 0.716322 
-1.28 0.16 2.54666 
-1.28 0.24 8.92583 
-1.28 0.32 16.3156 
-1.28 0.4 22.8569 
-1.28 0.48 28.0194 
-1.28 0.56 31.9219 
-1.28 0.64 34.9314 
-1.28 0.72 37.5025 
-1.28 0.8 40.1274 
-1.28 0.88 43.3155 
-1.28 0.96 47.5631 
-1.28 1.04 53.2423 
-1.28 1.12 60.2873 
-1.28 1.2 67.8037 
-1.28 1.28 74.273 
-1.28 1.36 78.5148 
-1.28 1.44 80.4012 
-1.28 1.52 80.7315 
-1.28 1.6 80.5169 
-1.28 1.68 80.3239 
-1.28 1.76 80.2488 
-1.28 1.84 80.2321 
-1.28 1.92 80.2301 
-1.2 -2 100.396 
-1.2 -1.92 100.389 
-1.2 -1.84 100.379 
-1.2 -1.76 100.364 
-1.2 -1.68 100.343 
-1.2 -1.6 100.312 
-1.2 -1.52 100.268 
-1.2 -1.44 100.203 
-1.2 -1.36 100.11 
-1.2 -1.28 99.9752 
-1.2 -1.2 99.7801 
-1.2 -1.12 99.4977 
-1.2 -1.04 99.0888 
-1.2 -0.96 98.4962 
-1.2 -0.88 97.6364 
-1.2 -0.8 96.3872 
-1.2 -0.72 94.5695 
-1.2 -0.64 91.9208 
-1.2 -0.56 88.0585 
-1.2 -0.48 82.4394 
-1.2 -0.4 74.3403 
-1.2 -0.32 62.9585 
-1.2 -0.24 47.8618 
-1.2 -0.16 30.0703 
-1.2 -0.08 13.2572 
-1.2 6.93889e-16 2.67334 
-1.2 0.08 0.870994 
-1.2 0.16 5.63624 
-1.2 0.24 12.9843 
-1.2 0.32 20.1664 
-1.2 0.4 26.078 
-1.2 0.48 30.5778 
-1.2 0.56 33.9231 
-1.2 0.64 36.506 
-1.2 0.72 38.7661 
-1.2 0.8 41.1712 
-1.2 0.88 44.208 
-1.2 0.96 48.3528 
-1.2 1.04 53.9608 
-1.2 1.12 60.9526 
-1.2 1.2 68.4268 
-1.2 1.28 74.8661 
-1.2 1.36 79.0936 
-1.2 1.44 80.9805 
-1.2 1.52 81.3188 
-1.2 1.6 81.1118 
-1.2 1.68 80.9229 
-1.2 1.76 80.8492 
-1.2 1.84 80.8328 
-1.2 1.92 80.8308 
-1.12 -2 100.393 
-1.12 -1.92 100.385 
-1.12 -1.84 100.372 
-1.12 -1.76 100.355 
-1.12 -1.68 100.329 
-1.12 -1.6 100.292 
-1.12 -1.52 100.238 
-1.12 -1.44 100.161 
-1.12 -1.36 100.049 
-1.12 -1.28 99.8866 
-1.12 -1.2 99.6519 
-1.12 -1.12 99.3122 
-1.12 -1.04 98.8199 
-1.12 -0.96 98.1061 
-1.12 -0.88 97.0698 
-1.12 -0.8 95.563 
-1.12 -0.72 93.3685 
-1.12 -0.64 90.1688 
-1.12 -0.56 85.505 
-1.12 -0.48 78.741 
-1.12 -0.4 69.0844 
-1.12 -0.32 55.8233 
-1.12 -0.24 39.0765 
-1.12 -0.16 21.1213 
-1.12 -0.08 6.83844 
-1.12 6.93889e-16 0.725768 
-1.12 0.08 2.81112 
-1.12 0.16 9.43914 
-1.12 0.24 17.0209 
-1.12 0.32 23.688 
-1.12 0.4 28.9071 
-1.12 0.48 32.7777 
-1.12 0.56 35.6239 
-1.12 0.64 37.8352 
-1.12 0.72 39.8285 
-1.12 0.8 42.0467 
-1.12 0.88 44.9553 
-1.12 0.96 49.0134 
-1.12 1.04 54.5613 
-1.12 1.12 61.5083 
-1.12 1.2 68.9469 
-1.12 1.28 75.3608 
-1.12 1.36 79.5763 
-1.12 1.44 81.4635 
-1.12 1.52 81.8085 
-1.12 1.6 81.6079 
-1.12 1.68 81.4224 
-1.12 1.76 81.3499 
-1.12 1.84 81.3337 
-1.12 1.92 81.3318 
-1.04 -2 100.389 
-1.04 -1.92 100.379 
-1.04 -1.84 100.364 
-1.04 -1.76 100.343 
-1.04 -1.68 100.312 
-1.04 -1.6 100.268 
-1.04 -1.52 100.203 
-1.04 -1.44 100.11 
-1.04 -1.36 99.9751 
-1.04 -1.28 99.7801 
-1.04 -1.2 99.4977 
-1.04 -1.12 99.0888 
-1.04 -1.04 98.4961 
-1.04 -0.96 97.636 
-1.04 -0.88 96.3865 
-1.04 -0.8 94.5681 
-1.04 -0.72 91.9179 
-1.04 -0.64 88.0525 
-1.04 -0.56 82.4267 
-1.04 -0.48 74.3142 
-1.04 -0.4 62.9067 
-1.04 -0.32 47.7675 
-1.04 -0.24 29.9257 
-1.04 -0.16 13.0986 
-1.04 -0.08 2.59987 
-1.04 6.93889e-16 0.985671 
-1.04 0.08 5.97139 
-1.04 0.16 13.5086 
-1.04 0.24 20.8284 
-1.04 0.32 26.827 
-1.04 0.4 31.3577 
-1.04 0.48 34.6544 
-1.04 0.56 37.0624 
-1.04 0.64 38.9537 
-1.04 0.72 40.7196 
-1.04 0.8 42.7797 
-1.04 0.88 45.5802 
-1.04 0.96 49.5652 
-1.04 1.04 55.0627 
-1.04 1.12 61.972 
-1.04 1.2 69.3807 
-1.04 1.28 75.7733 
-1.04 1.36 79.9786 
-1.04 1.44 81.8661 
-1.04 1.52 82.2166 
-1.04 1.6 82.0214 
-1.04 1.68 81.8387 
-1.04 1.76 81.7672 
-1.04 1.84 81.7513 
-1.04 1.92 81.7493 
-0.96 -2 100.385 
-0.96 -1.92 100.372 
-0.96 -1.84 100.355 
-0.96 -1.76 100.329 
-0.96 -1.68 100.292 
-0.96 -1.6 100.238 
-0.96 -1.52 100.161 
-0.96 -1.44 100.049 
-0.96 -1.36 99.8866 
-0.96 -1.28 99.6519 
-0.96 -1.2 99.3121 
-0.96 -1.12 98.8198 
-0.96 -1.04 98.1059 
-0.96 -0.96 97.0694 
-0.96 -0.88 95.5622 
-0.96 -0.8 93.3669 
-0.96 -0.72 90.1653 
-0.96 -0.64 85.4977 
-0.96 -0.56 78.7258 
-0.96 -0.48 69.0536 
-0.96 -0.4 55.7642 
-0.96 -0.32 38.9764 
-0.96 -0.24 20.988 
-0.96 -0.16 6.73037 
-0.96 -0.08 0.737492 
-0.96 6.93889e-16 3.00316 
-0.96 0.08 9.80771 
-0.96 0.16 17.5289 
-0.96 0.24 24.295 
-0.96 0.32 29.5748 
-0.96 0.4 33.4596 
-0.96 0.48 36.2461 
-0.96 0.56 38.2745 
-0.96 0.64 39.8926 
-0.96 0.72 41.4659 
-0.96 0.8 43.3926 
-0.96 0.88 46.1022 
-0.96 0.96 50.0259 
-0.96 1.04 55.481 
-0.96 1.12 62.3587 
-0.96 1.2 69.7423 
-0.96 1.28 76.117 
-0.96 1.36 80.3138 
-0.96 1.44 82.2014 
-0.96 1.52 82.5566 
-0.96 1.6 82.3659 
-0.96 1.68 82.1856 
-0.96 1.76 82.1149 
-0.96 1.84 82.0991 
-0.96 1.92 82.0972 
-0.88 -2 100.379 
-0.88 -1.92 100.364 
-0.88 -1.84 100.343 
-0.88 -1.76 100.312 
-0.88 -1.68 100.268 
-0.88 -1.6 100.203 
-0.88 -1.52 100.11 
-0.88 -1.44 99.9751 
-0.88 -1.36 99.7801 
-0.88 -1.28 99.4977 
-0.88 -1.2 99.0887 
-0.88 -1.12 98.496 
-0.88 -1.04 97.6358 
-0.88 -0.96 96.3861 
-0.88 -0.88 94.5672 
-0.88 -0.8 91.9159 
-0.88 -0.72 88.0483 
-0.88 -0.64 82.418 
-0.88 -0.56 74.2961 
-0.88 -0.48 62.8708 
-0.88 -0.4 47.7021 
-0.88 -0.32 29.8256 
-0.88 -0.24 12.9894 
-0.88 -0.16 2.55143 
-0.88 -0.08 1.06997 
-0.88 6.93889e-16 6.21103 
-0.88 0.08 13.8827 
-0.88 0.16 21.3043 
-0.88 0.24 27.3753 
-0.88 0.32 31.9496 
-0.88 0.4 35.2492 
-0.88 0.48 37.59 
-0.88 0.56 39.293 
-0.88 0.64 40.6793 
-0.88 0.72 42.0901 
-0.88 0.8 43.9045 
-0.88 0.88 46.5379 
-0.88 0.96 50.4102 
-0.88 1.04 55.8299 
-0.88 1.12 62.681 
-0.88 1.2 70.0437 
-0.88 1.28 76.4033 
-0.88 1.36 80.5929 
-0.88 1.44 82.4807 
-0.88 1.52 82.8398 
-0.88 1.6 82.6528 
-0.88 1.68 82.4745 
-0.88 1.76 82.4045 
-0.88 1.84 82.3889 
-0.88 1.92 82.387 
-0.8 -2 100.372 
-0.8 -1.92 100.355 
-0.8 -1.84 100.329 
-0.8 -1.76 100.292 
-0.8 -1.68 100.238 
-0.8 -1.6 100.161 
-0.8 -1.52 100.049 
-0.8 -1.44 99.8866 
-0.8 -1.36 99.6519 
-0.8 -1.28 99.3121 
-0.8 -1.2 98.8198 
-0.8 -1.12 98.1058 
-0.8 -1.04 97.0691 
-0.8 -0.96 95.5616 
-0.8 -0.88 93.3658 
-0.8 -0.8 90.1629 
-0.8 -0.72 85.4927 
-0.8 -0.64 78.7153 
-0.8 -0.56 69.0322 
-0.8 -0.48 55.7233 
-0.8 -0.4 38.907 
-0.8 -0.32 20.8958 
-0.8 -0.24 6.65656 
-0.8 -0.16 0.748124 
-0.8 -0.08 3.14044 
-0.8 6.93889e-16 10.0693 
-0.8 0.08 17.8903 
-0.8 0.16 24.7315 
-0.8 0.24 30.0658 
-0.8 0.32 33.9827 
-0.8 0.4 36.7649 
-0.8 0.48 38.7211 
-0.8 0.56 40.1471 
-0.8 0.64 41.3373 
-0.8 0.72 42.6114 
-0.8 0.8 44.3318 
-0.8 0.88 46.9013 
-0.8 0.96 50.7306 
-0.8 1.04 56.1206 
-0.8 1.12 62.9495 
-0.8 1.2 70.2946 
-0.8 1.28 76.6418 
-0.8 1.36 80.8254 
-0.8 1.44 82.7133 
-0.8 1.52 83.0756 
-0.8 1.6 82.8916 
-0.8 1.68 82.715 
-0.8 1.76 82.6456 
-0.8 1.84 82.6301 
-0.8 1.92 82.6282 
-0.72 -2 100.364 
-0.72 -1.92 100.343 
-0.72 -1.84 100.312 
-0.72 -1.76 100.268 
-0.72 -1.68 100.203 
-0.72 -1.6 100.11 
-0.72 -1.52 99.9751 
-0.72 -1.44 99.78 
-0.72 -1.36 99.4977 
-0.72 -1.28 99.0887 
-0.72 -1.2 98.4959 
-0.72 -1.12 97.6357 
-0.72 -1.04 96.3858 
-0.72 -0.96 94.5666 
-0.72 -0.88 91.9145 
-0.72 -0.8 88.0454 
-0.72 -0.72 82.4119 
-0.72 -0.64 74.2836 
-0.72 -0.56 62.8459 
-0.72 -0.48 47.6568 
-0.72 -0.4 29.7563 
-0.72 -0.32 12.9142 
-0.72 -0.24 2.51908 
-0.72 -0.16 1.13069 
-0.72 -0.08 6.38061 
-0.72 6.93889e-16 14.1472 
-0.72 0.08 21.6426 
-0.72 0.16 27.7703 
-0.72 0.24 32.3873 
-0.72 0.32 35.7117 
-0.72 0.4 38.0433 
-0.72 0.48 39.6707 
-0.72 0.56 40.8621 
-0.72 0.64 41.8873 
-0.72 0.72 43.0466 
-0.72 0.8 44.6882 
-0.72 0.88 47.2043 
-0.72 0.96 50.9976 
-0.72 1.04 56.3628 
-0.72 1.12 63.1732 
-0.72 1.2 70.5036 
-0.72 1.28 76.8403 
-0.72 1.36 81.0189 
-0.72 1.44 82.9068 
-0.72 1.52 83.2718 
-0.72 1.6 83.0905 
-0.72 1.68 82.9153 
-0.72 1.76 82.8463 
-0.72 1.84 82.8309 
-0.72 1.92 82.829 
-0.64 -2 100.355 
-0.64 -1.92 100.329 
-0.64 -1.84 100.292 
-0.64 -1.76 100.238 
-0.64 -1.68 100.161 
-0.64 -1.6 100.049 
-0.64 -1.52 99.8866 
-0.64 -1.44 99.6519 
-0.64 -1.36 99.3121 
-0.64 -1.28 98.8197 
-0.64 -1.2 98.1057 
-0.64 -1.12 97.069 
-0.64 -1.04 95.5613 
-0.64 -0.96 93.365 
-0.64 -0.88 90.1613 
-0.64 -0.8 85.4892 
-0.64 -0.72 78.708 
-0.64 -0.64 69.0174 
-0.64 -0.56 55.6949 
-0.64 -0.48 38.8591 
-0.64 -0.4 20.8322 
-0.64 -0.32 6.60595 
-0.64 -0.24 0.7567 
-0.64 -0.16 3.23755 
-0.64 -0.08 10.2535 
-0.64 6.93889e-16 18.1453 
-0.64 0.08 25.0418 
-0.64 0.16 30.4207 
-0.64 0.24 34.3726 
-0.64 0.32 37.1746 
-0.64 0.4 39.1184 
-0.64 0.48 40.4664 
-0.64 0.56 41.4598 
-0.64 0.64 42.3464 
-0.64 0.72 43.4097 
-0.64 0.8 44.9853 
-0.64 0.88 47.4568 
-0.64 0.96 51.2201 
-0.64 1.04 56.5645 
-0.64 1.12 63.3595 
-0.64 1.2 70.6776 
-0.64 1.28 77.0055 
-0.64 1.36 81.1799 
-0.64 1.44 83.0679 
-0.64 1.52 83.4352 
-0.64 1.6 83.256 
-0.64 1.68 83.0819 
-0.64 1.76 83.0134 
-0.64 1.84 82.998 
-0.64 1.92 82.9962 
-0.56 -2 100.343 
-0.56 -1.92 100.312 
-0.56 -1.84 100.268 
-0.56 -1.76 100.203 
-0.56 -1.68 100.11 
-0.56 -1.6 99.9751 
-0.56 -1.52 99.78 
-0.56 -1.44 99.4977 
-0.56 -1.36 99.0887 
-0.56 -1.28 98.4958 
-0.56 -1.2 97.6356 
-0.56 -1.12 96.3855 
-0.56 -1.04 94.5661 
-0.56 -0.96 91.9136 
-0.56 -0.88 88.0434 
-0.56 -0.8 82.4077 
-0.56 -0.72 74.2749 
-0.56 -0.64 62.8287 
-0.56 -0.56 47.6255 
-0.56 -0.48 29.7084 
-0.56 -0.4 12.8623 
-0.56 -0.32 2.49725 
-0.56 -0.24 1.17386 
-0.56 -0.16 6.49976 
-0.56 -0.08 14.3329 
-0.56 6.93889e-16 21.8811 
-0.56 0.08 28.0516 
-0.56 0.16 32.705 
-0.56 0.24 36.0595 
-0.56 0.32 38.4076 
-0.56 0.4 40.0204 
-0.56 0.48 41.1321 
-0.56 0.56 41.9591 
-0.56 0.64 42.7295 
-0.56 0.72 43.7123 
-0.56 0.8 45.2329 
-0.56 0.88 47.6671 
-0.56 0.96 51.4053 
-0.56 1.04 56.7325 
-0.56 1.12 63.5146 
-0.56 1.2 70.8225 
-0.56 1.28 77.1431 
-0.56 1.36 81.314 
-0.56 1.44 83.202 
-0.56 1.52 83.5711 
-0.56 1.6 83.3937 
-0.56 1.68 83.2206 
-0.56 1.76 83.1524 
-0.56 1.84 83.1371 
-0.56 1.92 83.1353 
-0.48 -2 100.329 
-0.48 -1.92 100.292 
-0.48 -1.84 100.238 
-0.48 -1.76 100.161 
-0.48 -1.68 100.049 
-0.48 -1.6 99.8866 
-0.48 -1.52 99.6519 
-0.48 -1.44 99.3121 
-0.48 -1.36 98.8197 
-0.48 -1.28 98.1057 
-0.48 -1.2 97.0688 
-0.48 -1.12 95.561 
-0.48 -1.04 93.3644 
-0.48 -0.96 90.1601 
-0.48 -0.88 85.4867 
-0.48 -0.8 78.703 
-0.48 -0.72 69.0072 
-0.48 -0.64 55.6753 
-0.48 -0.56 38.8258 
-0.48 -0.48 20.7882 
-0.48 -0.4 6.57116 
-0.48 -0.32 0.763222 
-0.48 -0.24 3.30577 
-0.48 -0.16 10.3824 
-0.48 -0.08 18.3242 
-0.48 6.93889e-16 25.2607 
-0.48 0.08 30.6739 
-0.48 0.16 34.657 
-0.48 0.24 37.4857 
-0.48 0.32 39.444 
-0.48 0.4 40.7759 
-0.48 0.48 41.6885 
-0.48 0.56 42.3758 
-0.48 0.64 43.0489 
-0.48 0.72 43.9646 
-0.48 0.8 45.4391 
-0.48 0.88 47.8422 
-0.48 0.96 51.5596 
-0.48 1.04 56.8723 
-0.48 1.12 63.6437 
-0.48 1.2 70.943 
-0.48 1.28 77.2575 
-0.48 1.36 81.4255 
-0.48 1.44 83.3136 
-0.48 1.52 83.6842 
-0.48 1.6 83.5083 
-0.48 1.68 83.336 
-0.48 1.76 83.2681 
-0.48 1.84 83.2529 
-0.48 1.92 83.251 
-0.4 -2 100.312 
-0.4 -1.92 100.268 
-0.4 -1.84 100.203 
-0.4 -1.76 100.11 
-0.4 -1.68 99.9751 
-0.4 -1.6 99.78 
-0.4 -1.52 99.4976 
-0.4 -1.44 99.0887 
-0.4 -1.36 98.4958 
-0.4 -1.28 97.6355 
-0.4 -1.2 96.3854 
-0.4 -1.12 94.5658 
-0.4 -1.04 91.9129 
-0.4 -0.96 88.042 
-0.4 -0.88 82.4048 
-0.4 -0.8 74.2689 
-0.4 -0.72 62.8168 
-0.4 -0.64 47.6038 
-0.4 -0.56 29.6752 
-0.4 -0.48 12.8265 
-0.4 -0.4 2.48242 
-0.4 -0.32 1.20429 
-0.4 -0.24 6.58308 
-0.4 -0.16 14.4628 
-0.4 -0.08 22.0483 
-0.4 6.93889e-16 28.2501 
-0.4 0.08 32.9324 
-0.4 0.16 36.3146 
-0.4 0.24 38.6874 
-0.4 0.32 40.3132 
-0.4 0.4 41.4077 
-0.4 0.48 42.1531 
-0.4 0.56 42.7233 
-0.4 0.64 43.3151 
-0.4 0.72 44.1747 
-0.4 0.8 45.6109 
-0.4 0.88 47.9881 
-0.4 0.96 51.688 
-0.4 1.04 56.9887 
-0.4 1.12 63.7511 
-0.4 1.2 71.0433 
-0.4 1.28 77.3528 
-0.4 1.36 81.5183 
-0.4 1.44 83.4064 
-0.4 1.52 83.7783 
-0.4 1.6 83.6037 
-0.4 1.68 83.4321 
-0.4 1.76 83.3643 
-0.4 1.84 83.3492 
-0.4 1.92 83.3473 
-0.32 -2 100.292 
-0.32 -1.92 100.238 
-0.32 -1.84 100.161 
-0.32 -1.76 100.049 
-0.32 -1.68 99.8866 
-0.32 -1.6 99.6519 
-0.32 -1.52 99.312 
-0.32 -1.44 98.8197 
-0.32 -1.36 98.1056 
-0.32 -1.28 97.0688 
-0.32 -1.2 95.5608 
-0.32 -1.12 93.3641 
-0.32 -1.04 90.1593 
-0.32 -0.96 85.4851 
-0.32 -0.88 78.6995 
-0.32 -0.8 69.0001 
-0.32 -0.72 55.6617 
-0.32 -0.64 38.8028 
-0.32 -0.56 20.7577 
-0.32 -0.48 6.5472 
-0.32 -0.4 0.768016 
-0.32 -0.32 3.35346 
-0.32 -0.24 10.4724 
-0.32 -0.16 18.4491 
-0.32 -0.08 25.4141 
-0.32 6.93889e-16 30.8529 
-0.32 0.08 34.8613 
-0.32 0.16 37.7155 
-0.32 0.24 39.697 
-0.32 0.32 41.0409 
-0.32 0.4 41.9356 
-0.32 0.48 42.5406 
-0.32 0.56 43.013 
-0.32 0.64 43.5369 
-0.32 0.72 44.3497 
-0.32 0.8 45.7539 
-0.32 0.88 48.1095 
-0.32 0.96 51.7949 
-0.32 1.04 57.0856 
-0.32 1.12 63.8405 
-0.32 1.2 71.1268 
-0.32 1.28 77.432 
-0.32 1.36 81.5955 
-0.32 1.44 83.4836 
-0.32 1.52 83.8566 
-0.32 1.6 83.683 
-0.32 1.68 83.5119 
-0.32 1.76 83.4444 
-0.32 1.84 83.4293 
-0.32 1.92 83.4275 
-0.24 -2 100.268 
-0.24 -1.92 100.203 
-0.24 -1.84 100.11 
-0.24 -1.76 99.9751 
-0.24 -1.68 99.78 
-0.24 -1.6 99.4976 
-0.24 -1.52 99.0886 
-0.24 -1.44 98.4958 
-0.24 -1.36 97.6355 
-0.24 -1.28 96.3853 
-0.24 -1.2 94.5656 
-0.24 -1.12 91.9125 
-0.24 -1.04 88.0411 
-0.24 -0.96 82.4028 
-0.24 -0.88 74.2648 
-0.24 -0.8 62.8086 
-0.24 -0.72 47.5888 
-0.24 -0.64 29.6523 
-0.24 -0.56 12.8018 
-0.24 -0.48 2.47229 
-0.24 -0.4 1.2256 
-0.24 -0.32 6.64114 
-0.24 -0.24 14.5532 
-0.24 -0.16 22.1651 
-0.24 -0.08 28.3894 
-0.24 6.93889e-16 33.0934 
-0.24 0.08 36.4985 
-0.24 0.16 38.8954 
-0.24 0.24 40.5434 
-0.24 0.32 41.6494 
-0.24 0.4 42.3763 
-0.24 0.48 42.8638 
-0.24 0.56 43.2544 
-0.24 0.64 43.7217 
-0.24 0.72 44.4954 
-0.24 0.8 45.8729 
-0.24 0.88 48.2105 
-0.24 0.96 51.8838 
-0.24 1.04 57.1663 
-0.24 1.12 63.9149 
-0.24 1.2 71.1963 
-0.24 1.28 77.4979 
-0.24 1.36 81.6598 
-0.24 1.44 83.5479 
-0.24 1.52 83.9218 
-0.24 1.6 83.749 
-0.24 1.68 83.5784 
-0.24 1.76 83.511 
-0.24 1.84 83.496 
-0.24 1.92 83.4941 
-0.16 -2 100.238 
-0.16 -1.92 100.161 
-0.16 -1.84 100.049 
-0.16 -1.76 99.8866 
-0.16 -1.68 99.6519 
-0.16 -1.6 99.312 
-0.16 -1.52 98.8197 
-0.16 -1.44 98.1056 
-0.16 -1.36 97.0687 
-0.16 -1.28 95.5607 
-0.16 -1.2 93.3638 
-0.16 -1.12 90.1588 
-0.16 -1.04 85.4839 
-0.16 -0.96 78.6971 
-0.16 -0.88 68.9952 
-0.16 -0.8 55.6523 
-0.16 -0.72 38.7869 
-0.16 -0.64 20.7367 
-0.16 -0.56 6.53068 
-0.16 -0.48 0.77147 
-0.16 -0.4 3.38669 
-0.16 -0.32 10.535 
-0.16 -0.24 18.536 
-0.16 -0.16 25.5213 
-0.16 -0.08 30.9786 
-0.16 6.93889e-16 35.0063 
-0.16 0.08 37.8819 
-0.16 0.16 39.8865 
-0.16 0.24 41.252 
-0.16 0.32 42.1577 
-0.16 0.4 42.7439 
-0.16 0.48 43.1332 
-0.16 0.56 43.4555 
-0.16 0.64 43.8755 
-0.16 0.72 44.6167 
-0.16 0.8 45.972 
-0.16 0.88 48.2946 
-0.16 0.96 51.9578 
-0.16 1.04 57.2333 
-0.16 1.12 63.9768 
-0.16 1.2 71.2541 
-0.16 1.28 77.5528 
-0.16 1.36 81.7132 
-0.16 1.44 83.6013 
-0.16 1.52 83.976 
-0.16 1.6 83.8039 
-0.16 1.68 83.6337 
-0.16 1.76 83.5665 
-0.16 1.84 83.5514 
-0.16 1.92 83.5496 
-0.08 -2 100.203 
-0.08 -1.92 100.11 
-0.08 -1.84 99.9751 
-0.08 -1.76 99.78 
-0.08 -1.68 99.4976 
-0.08 -1.6 99.0886 
-0.08 -1.52 98.4958 
-0.08 -1.44 97.6354 
-0.08 -1.36 96.3852 
-0.08 -1.28 94.5654 
-0.08 -1.2 91.9121 
-0.08 -1.12 88.0404 
-0.08 -1.04 82.4014 
-0.08 -0.96 74.2619 
-0.08 -0.88 62.8029 
-0.08 -0.8 47.5784 
-0.08 -0.72 29.6364 
-0.08 -0.64 12.7847 
-0.08 -0.56 2.46534 
-0.08 -0.48 1.24048 
-0.08 -0.4 6.68152 
-0.08 -0.32 14.6161 
-0.08 -0.24 22.2464 
-0.08 -0.16 28.4867 
-0.08 -0.08 33.2067 
-0.08 6.93889e-16 36.6295 
-0.08 0.08 39.0467 
-0.08 0.16 40.7172 
-0.08 0.24 41.8443 
-0.08 0.32 42.5819 
-0.08 0.4 43.0504 
-0.08 0.48 43.3576 
-0.08 0.56 43.623 
-0.08 0.64 44.0036 
-0.08 0.72 44.7176 
-0.08 0.8 46.0545 
-0.08 0.88 48.3646 
-0.08 0.96 52.0194 
-0.08 1.04 57.2892 
-0.08 1.12 64.0283 
-0.08 1.2 71.3022 
-0.08 1.28 77.5984 
-0.08 1.36 81.7577 
-0.08 1.44 83.6458 
-0.08 1.52 84.021 
-0.08 1.6 83.8496 
-0.08 1.68 83.6797 
-0.08 1.76 83.6126 
-0.08 1.84 83.5976 
-0.08 1.92 83.5957 
