-4 -2 9.04919e-14 
-4 -1.92 1.89064e-13 
-4 -1.84 3.9501e-13 
-4 -1.76 8.25292e-13 
-4 -1.68 1.72428e-12 
-4 -1.6 3.60251e-12 
-4 -1.52 7.52666e-12 
-4 -1.44 1.57253e-11 
-4 -1.36 3.28544e-11 
-4 -1.28 6.86413e-11 
-4 -1.2 1.43408e-10 
-4 -1.12 2.99611e-10 
-4 -1.04 6.25943e-10 
-4 -0.96 1.30768e-09 
-4 -0.88 2.73182e-09 
-4 -0.8 5.70667e-09 
-4 -0.72 1.19201e-08 
-4 -0.64 2.48963e-08 
-4 -0.56 5.19903e-08 
-4 -0.48 1.08547e-07 
-4 -0.4 2.26555e-07 
-4 -0.32 4.72644e-07 
-4 -0.24 9.85393e-07 
-4 -0.16 2.05246e-06 
-4 -0.08 4.26921e-06 
-4 6.93889e-16 8.86273e-06 
-4 0.08 1.83467e-05 
-4 0.16 3.78253e-05 
-4 0.24 7.75309e-05 
-4 0.32 0.000157599 
-4 0.4 0.00031659 
-4 0.48 0.00062546 
-4 0.56 0.00120726 
-4 0.64 0.00225684 
-4 0.72 0.00404073 
-4 0.8 0.00683589 
-4 0.88 0.0107617 
-4 0.96 0.015526 
-4 1.04 0.0202725 
-4 1.12 0.0238359 
-4 1.2 0.0254456 
-4 1.28 0.0253078 
-4 1.36 0.0243776 
-4 1.44 0.0235319 
-4 1.52 0.0230767 
-4 1.6 0.0229136 
-4 1.68 0.0228757 
-4 1.76 0.0228707 
-4 1.84 0.0228704 
-4 1.92 0.0228704 
-3.92 -2 1.30801e-13 
-3.92 -1.92 2.73281e-13 
-3.92 -1.84 5.70964e-13 
-3.92 -1.76 1.19291e-12 
-3.92 -1.68 2.49234e-12 
-3.92 -1.6 5.20721e-12 
-3.92 -1.52 1.08793e-11 
-3.92 -1.44 2.273e-11 
-3.92 -1.36 4.7489e-11 
-3.92 -1.28 9.92169e-11 
-3.92 -1.2 2.07288e-10 
-3.92 -1.12 4.3307e-10 
-3.92 -1.04 9.04763e-10 
-3.92 -0.96 1.89017e-09 
-3.92 -0.88 3.94869e-09 
-3.92 -0.8 8.24865e-09 
-3.92 -0.72 1.72298e-08 
-3.92 -0.64 3.59861e-08 
-3.92 -0.56 7.51489e-08 
-3.92 -0.48 1.56898e-07 
-3.92 -0.4 3.27471e-07 
-3.92 -0.32 6.83178e-07 
-3.92 -0.24 1.42433e-06 
-3.92 -0.16 2.96671e-06 
-3.92 -0.08 6.17089e-06 
-3.92 6.93889e-16 1.28105e-05 
-3.92 0.08 2.6519e-05 
-3.92 0.16 5.46741e-05 
-3.92 0.24 0.000112066 
-3.92 0.32 0.000227799 
-3.92 0.4 0.00045761 
-3.92 0.48 0.00090406 
-3.92 0.56 0.00174499 
-3.92 0.64 0.00326205 
-3.92 0.72 0.00584039 
-3.92 0.8 0.00988019 
-3.92 0.88 0.0155538 
-3.92 0.96 0.0224384 
-3.92 1.04 0.0292967 
-3.92 1.12 0.0344451 
-3.92 1.2 0.0367707 
-3.92 1.28 0.0365716 
-3.92 1.36 0.0352277 
-3.92 1.44 0.0340059 
-3.92 1.52 0.0333482 
-3.92 1.6 0.0331126 
-3.92 1.68 0.0330579 
-3.92 1.76 0.0330506 
-3.92 1.84 0.0330502 
-3.92 1.92 0.0330502 
-3.84 -2 1.89064e-13 
-3.84 -1.92 3.95011e-13 
-3.84 -1.84 8.25294e-13 
-3.84 -1.76 1.72428e-12 
-3.84 -1.68 3.60252e-12 
-3.84 -1.6 7.5267e-12 
-3.84 -1.52 1.57254e-11 
-3.84 -1.44 3.28548e-11 
-3.84 -1.36 6.86425e-11 
-3.84 -1.28 1.43412e-10 
-3.84 -1.2 2.99622e-10 
-3.84 -1.12 6.25977e-10 
-3.84 -1.04 1.30778e-09 
-3.84 -0.96 2.73213e-09 
-3.84 -0.88 5.70759e-09 
-3.84 -0.8 1.19229e-08 
-3.84 -0.72 2.49047e-08 
-3.84 -0.64 5.20157e-08 
-3.84 -0.56 1.08623e-07 
-3.84 -0.48 2.26786e-07 
-3.84 -0.4 4.7334e-07 
-3.84 -0.32 9.87492e-07 
-3.84 -0.24 2.05878e-06 
-3.84 -0.16 4.2882e-06 
-3.84 -0.08 8.91965e-06 
-3.84 6.93889e-16 1.85169e-05 
-3.84 0.08 3.83316e-05 
-3.84 0.16 7.90281e-05 
-3.84 0.24 0.000161985 
-3.84 0.32 0.00032927 
-3.84 0.4 0.000661445 
-3.84 0.48 0.00130675 
-3.84 0.56 0.00252224 
-3.84 0.64 0.00471495 
-3.84 0.72 0.00844144 
-3.84 0.8 0.0142798 
-3.84 0.88 0.0224786 
-3.84 0.96 0.0324261 
-3.84 1.04 0.0423341 
-3.84 1.12 0.0497712 
-3.84 1.2 0.0531303 
-3.84 1.28 0.0528426 
-3.84 1.36 0.0509015 
-3.84 1.44 0.0491368 
-3.84 1.52 0.0481867 
-3.84 1.6 0.0478464 
-3.84 1.68 0.0477674 
-3.84 1.76 0.0477569 
-3.84 1.84 0.0477562 
-3.84 1.92 0.0477562 
-3.76 -2 2.73281e-13 
-3.76 -1.92 5.70965e-13 
-3.76 -1.84 1.19291e-12 
-3.76 -1.76 2.49234e-12 
-3.76 -1.68 5.20723e-12 
-3.76 -1.6 1.08794e-11 
-3.76 -1.52 2.27301e-11 
-3.76 -1.44 4.74896e-11 
-3.76 -1.36 9.92186e-11 
-3.76 -1.28 2.07293e-10 
-3.76 -1.2 4.33086e-10 
-3.76 -1.12 9.04812e-10 
-3.76 -1.04 1.89032e-09 
-3.76 -0.96 3.94913e-09 
-3.76 -0.88 8.24998e-09 
-3.76 -0.8 1.72339e-08 
-3.76 -0.72 3.59982e-08 
-3.76 -0.64 7.51856e-08 
-3.76 -0.56 1.57008e-07 
-3.76 -0.48 3.27805e-07 
-3.76 -0.4 6.84185e-07 
-3.76 -0.32 1.42736e-06 
-3.76 -0.24 2.97584e-06 
-3.76 -0.16 6.19833e-06 
-3.76 -0.08 1.28928e-05 
-3.76 6.93889e-16 2.6765e-05 
-3.76 0.08 5.54061e-05 
-3.76 0.16 0.00011423 
-3.76 0.24 0.000234139 
-3.76 0.32 0.000475938 
-3.76 0.4 0.000956072 
-3.76 0.48 0.00188881 
-3.76 0.56 0.00364565 
-3.76 0.64 0.00681485 
-3.76 0.72 0.0122006 
-3.76 0.8 0.0206377 
-3.76 0.88 0.0324841 
-3.76 0.96 0.0468547 
-3.76 1.04 0.0611655 
-3.76 1.12 0.0719054 
-3.76 1.2 0.0767557 
-3.76 1.28 0.0763404 
-3.76 1.36 0.0735376 
-3.76 1.44 0.0709893 
-3.76 1.52 0.0696174 
-3.76 1.6 0.0691259 
-3.76 1.68 0.0690119 
-3.76 1.76 0.0689967 
-3.76 1.84 0.0689957 
-3.76 1.92 0.0689957 
-3.68 -2 3.95011e-13 
-3.68 -1.92 8.25295e-13 
-3.68 -1.84 1.72428e-12 
-3.68 -1.76 3.60253e-12 
-3.68 -1.68 7.52673e-12 
-3.68 -1.6 1.57255e-11 
-3.68 -1.52 3.28551e-11 
-3.68 -1.44 6.86434e-11 
-3.68 -1.36 1.43415e-10 
-3.68 -1.28 2.9963e-10 
-3.68 -1.2 6.26e-10 
-3.68 -1.12 1.30785e-09 
-3.68 -1.04 2.73234e-09 
-3.68 -0.96 5.70823e-09 
-3.68 -0.88 1.19248e-08 
-3.68 -0.8 2.49105e-08 
-3.68 -0.72 5.20333e-08 
-3.68 -0.64 1.08676e-07 
-3.68 -0.56 2.26946e-07 
-3.68 -0.48 4.73823e-07 
-3.68 -0.4 9.88948e-07 
-3.68 -0.32 2.06316e-06 
-3.68 -0.24 4.3014e-06 
-3.68 -0.16 8.95932e-06 
-3.68 -0.08 1.86358e-05 
-3.68 6.93889e-16 3.86872e-05 
-3.68 0.08 8.00861e-05 
-3.68 0.16 0.000165113 
-3.68 0.24 0.000338433 
-3.68 0.32 0.000687936 
-3.68 0.4 0.00138193 
-3.68 0.48 0.0027301 
-3.68 0.56 0.00526938 
-3.68 0.64 0.00984979 
-3.68 0.72 0.017633 
-3.68 0.8 0.0298243 
-3.68 0.88 0.0469385 
-3.68 0.96 0.0676938 
-3.68 1.04 0.0883569 
-3.68 1.12 0.10386 
-3.68 1.2 0.110861 
-3.68 1.28 0.110261 
-3.68 1.36 0.106216 
-3.68 1.44 0.102538 
-3.68 1.52 0.100558 
-3.68 1.6 0.0998481 
-3.68 1.68 0.0996836 
-3.68 1.76 0.0996616 
-3.68 1.84 0.0996603 
-3.68 1.92 0.0996602 
-3.6 -2 5.70965e-13 
-3.6 -1.92 1.19291e-12 
-3.6 -1.84 2.49235e-12 
-3.6 -1.76 5.20724e-12 
-3.6 -1.68 1.08794e-11 
-3.6 -1.6 2.27303e-11 
-3.6 -1.52 4.749e-11 
-3.6 -1.44 9.92198e-11 
-3.6 -1.36 2.07297e-10 
-3.6 -1.28 4.33097e-10 
-3.6 -1.2 9.04845e-10 
-3.6 -1.12 1.89042e-09 
-3.6 -1.04 3.94944e-09 
-3.6 -0.96 8.2509e-09 
-3.6 -0.88 1.72366e-08 
-3.6 -0.8 3.60066e-08 
-3.6 -0.72 7.5211e-08 
-3.6 -0.64 1.57085e-07 
-3.6 -0.56 3.28037e-07 
-3.6 -0.48 6.84883e-07 
-3.6 -0.4 1.42946e-06 
-3.6 -0.32 2.98218e-06 
-3.6 -0.24 6.21741e-06 
-3.6 -0.16 1.29502e-05 
-3.6 -0.08 2.69369e-05 
-3.6 6.93889e-16 5.592e-05 
-3.6 0.08 0.00011576 
-3.6 0.16 0.00023866 
-3.6 0.24 0.000489183 
-3.6 0.32 0.000994363 
-3.6 0.4 0.00199747 
-3.6 0.48 0.00394609 
-3.6 0.56 0.00761617 
-3.6 0.64 0.0142359 
-3.6 0.72 0.025483 
-3.6 0.8 0.0430964 
-3.6 0.88 0.0678149 
-3.6 0.96 0.097781 
-3.6 1.04 0.127602 
-3.6 1.12 0.149967 
-3.6 1.2 0.160064 
-3.6 1.28 0.1592 
-3.6 1.36 0.153365 
-3.6 1.44 0.14806 
-3.6 1.52 0.145204 
-3.6 1.6 0.14418 
-3.6 1.68 0.143943 
-3.6 1.76 0.143911 
-3.6 1.84 0.143909 
-3.6 1.92 0.143909 
-3.52 -2 8.25296e-13 
-3.52 -1.92 1.72429e-12 
-3.52 -1.84 3.60254e-12 
-3.52 -1.76 7.52675e-12 
-3.52 -1.68 1.57256e-11 
-3.52 -1.6 3.28552e-11 
-3.52 -1.52 6.86439e-11 
-3.52 -1.44 1.43416e-10 
-3.52 -1.36 2.99635e-10 
-3.52 -1.28 6.26016e-10 
-3.52 -1.2 1.3079e-09 
-3.52 -1.12 2.73249e-09 
-3.52 -1.04 5.70867e-09 
-3.52 -0.96 1.19262e-08 
-3.52 -0.88 2.49145e-08 
-3.52 -0.8 5.20454e-08 
-3.52 -0.72 1.08713e-07 
-3.52 -0.64 2.27057e-07 
-3.52 -0.56 4.74157e-07 
-3.52 -0.48 9.89956e-07 
-3.52 -0.4 2.0662e-06 
-3.52 -0.32 4.31056e-06 
-3.52 -0.24 8.98689e-06 
-3.52 -0.16 1.87187e-05 
-3.52 -0.08 3.89357e-05 
-3.52 6.93889e-16 8.08289e-05 
-3.52 0.08 0.000167323 
-3.52 0.16 0.000344968 
-3.52 0.24 0.00070708 
-3.52 0.32 0.00143728 
-3.52 0.4 0.00288717 
-3.52 0.48 0.00570362 
-3.52 0.56 0.0110079 
-3.52 0.64 0.0205742 
-3.52 0.72 0.0368247 
-3.52 0.8 0.0622663 
-3.52 0.88 0.0979557 
-3.52 0.96 0.141198 
-3.52 1.04 0.184205 
-3.52 1.12 0.216443 
-3.52 1.2 0.230993 
-3.52 1.28 0.229747 
-3.52 1.36 0.22134 
-3.52 1.44 0.213695 
-3.52 1.52 0.209578 
-3.52 1.6 0.208103 
-3.52 1.68 0.207761 
-3.52 1.76 0.207715 
-3.52 1.84 0.207712 
-3.52 1.92 0.207712 
-3.44 -2 1.19292e-12 
-3.44 -1.92 2.49235e-12 
-3.44 -1.84 5.20725e-12 
-3.44 -1.76 1.08795e-11 
-3.44 -1.68 2.27304e-11 
-3.44 -1.6 4.74903e-11 
-3.44 -1.52 9.92207e-11 
-3.44 -1.44 2.073e-10 
-3.44 -1.36 4.33105e-10 
-3.44 -1.28 9.04869e-10 
-3.44 -1.2 1.89049e-09 
-3.44 -1.12 3.94965e-09 
-3.44 -1.04 8.25154e-09 
-3.44 -0.96 1.72386e-08 
-3.44 -0.88 3.60125e-08 
-3.44 -0.8 7.52285e-08 
-3.44 -0.72 1.57138e-07 
-3.44 -0.64 3.28197e-07 
-3.44 -0.56 6.85366e-07 
-3.44 -0.48 1.43092e-06 
-3.44 -0.4 2.98657e-06 
-3.44 -0.32 6.23065e-06 
-3.44 -0.24 1.299e-05 
-3.44 -0.16 2.70567e-05 
-3.44 -0.08 5.62791e-05 
-3.44 6.93889e-16 0.000116833 
-3.44 0.08 0.000241855 
-3.44 0.16 0.000498629 
-3.44 0.24 0.00102203 
-3.44 0.32 0.00207747 
-3.44 0.4 0.0041731 
-3.44 0.48 0.00824376 
-3.44 0.56 0.0159095 
-3.44 0.64 0.0297326 
-3.44 0.72 0.0532082 
-3.44 0.8 0.0899461 
-3.44 0.88 0.14145 
-3.44 0.96 0.203805 
-3.44 1.04 0.265766 
-3.44 1.12 0.312179 
-3.44 1.2 0.333115 
-3.44 1.28 0.331323 
-3.44 1.36 0.319226 
-3.44 1.44 0.308223 
-3.44 1.52 0.302298 
-3.44 1.6 0.300174 
-3.44 1.68 0.299682 
-3.44 1.76 0.299616 
-3.44 1.84 0.299612 
-3.44 1.92 0.299612 
-3.36 -2 1.72429e-12 
-3.36 -1.92 3.60254e-12 
-3.36 -1.84 7.52677e-12 
-3.36 -1.76 1.57256e-11 
-3.36 -1.68 3.28554e-11 
-3.36 -1.6 6.86443e-11 
-3.36 -1.52 1.43418e-10 
-3.36 -1.44 2.99639e-10 
-3.36 -1.36 6.26027e-10 
-3.36 -1.28 1.30793e-09 
-3.36 -1.2 2.73259e-09 
-3.36 -1.12 5.70898e-09 
-3.36 -1.04 1.19271e-08 
-3.36 -0.96 2.49173e-08 
-3.36 -0.88 5.20538e-08 
-3.36 -0.8 1.08738e-07 
-3.36 -0.72 2.27133e-07 
-3.36 -0.64 4.74389e-07 
-3.36 -0.56 9.90655e-07 
-3.36 -0.48 2.06831e-06 
-3.36 -0.4 4.31691e-06 
-3.36 -0.32 9.00603e-06 
-3.36 -0.24 1.87763e-05 
-3.36 -0.16 3.91088e-05 
-3.36 -0.08 8.13481e-05 
-3.36 6.93889e-16 0.000168875 
-3.36 0.08 0.000349586 
-3.36 0.16 0.000720734 
-3.36 0.24 0.00147727 
-3.36 0.32 0.00300279 
-3.36 0.4 0.00603172 
-3.36 0.48 0.0119149 
-3.36 0.56 0.0229925 
-3.36 0.64 0.0429638 
-3.36 0.72 0.0768683 
-3.36 0.8 0.129895 
-3.36 0.88 0.204168 
-3.36 0.96 0.293987 
-3.36 1.04 0.383129 
-3.36 1.12 0.449828 
-3.36 1.2 0.479895 
-3.36 1.28 0.477322 
-3.36 1.36 0.45995 
-3.36 1.44 0.444146 
-3.36 1.52 0.435633 
-3.36 1.6 0.432583 
-3.36 1.68 0.431875 
-3.36 1.76 0.431781 
-3.36 1.84 0.431775 
-3.36 1.92 0.431775 
-3.28 -2 2.49235e-12 
-3.28 -1.92 5.20726e-12 
-3.28 -1.84 1.08795e-11 
-3.28 -1.76 2.27304e-11 
-3.28 -1.68 4.74905e-11 
-3.28 -1.6 9.92213e-11 
-3.28 -1.52 2.07301e-10 
-3.28 -1.44 4.3311e-10 
-3.28 -1.36 9.04885e-10 
-3.28 -1.28 1.89054e-09 
-3.28 -1.2 3.94979e-09 
-3.28 -1.12 8.25198e-09 
-3.28 -1.04 1.72399e-08 
-3.28 -0.96 3.60165e-08 
-3.28 -0.88 7.52407e-08 
-3.28 -0.8 1.57175e-07 
-3.28 -0.72 3.28308e-07 
-3.28 -0.64 6.857e-07 
-3.28 -0.56 1.43193e-06 
-3.28 -0.48 2.98962e-06 
-3.28 -0.4 6.23984e-06 
-3.28 -0.32 1.30177e-05 
-3.28 -0.24 2.714e-05 
-3.28 -0.16 5.65294e-05 
-3.28 -0.08 0.000117584 
-3.28 6.93889e-16 0.000244098 
-3.28 0.08 0.000505304 
-3.28 0.16 0.00104177 
-3.28 0.24 0.00213528 
-3.28 0.32 0.00434023 
-3.28 0.4 0.00871796 
-3.28 0.48 0.0172202 
-3.28 0.56 0.0332266 
-3.28 0.64 0.0620749 
-3.28 0.72 0.111023 
-3.28 0.8 0.187511 
-3.28 0.88 0.29451 
-3.28 0.96 0.423693 
-3.28 1.04 0.551671 
-3.28 1.12 0.647281 
-3.28 1.2 0.69034 
-3.28 1.28 0.686656 
-3.28 1.36 0.661779 
-3.28 1.44 0.639141 
-3.28 1.52 0.626944 
-3.28 1.6 0.622573 
-3.28 1.68 0.621559 
-3.28 1.76 0.621424 
-3.28 1.84 0.621415 
-3.28 1.92 0.621415 
-3.2 -2 3.60255e-12 
-3.2 -1.92 7.52678e-12 
-3.2 -1.84 1.57256e-11 
-3.2 -1.76 3.28555e-11 
-3.2 -1.68 6.86446e-11 
-3.2 -1.6 1.43418e-10 
-3.2 -1.52 2.99642e-10 
-3.2 -1.44 6.26035e-10 
-3.2 -1.36 1.30796e-09 
-3.2 -1.28 2.73266e-09 
-3.2 -1.2 5.70919e-09 
-3.2 -1.12 1.19277e-08 
-3.2 -1.04 2.49193e-08 
-3.2 -0.96 5.20597e-08 
-3.2 -0.88 1.08756e-07 
-3.2 -0.8 2.27187e-07 
-3.2 -0.72 4.74549e-07 
-3.2 -0.64 9.91139e-07 
-3.2 -0.56 2.06977e-06 
-3.2 -0.48 4.32132e-06 
-3.2 -0.4 9.01931e-06 
-3.2 -0.32 1.88163e-05 
-3.2 -0.24 3.92292e-05 
-3.2 -0.16 8.17098e-05 
-3.2 -0.08 0.00016996 
-3.2 6.93889e-16 0.000352829 
-3.2 0.08 0.000730383 
-3.2 0.16 0.0015058 
-3.2 0.24 0.00308635 
-3.2 0.32 0.00627326 
-3.2 0.4 0.0126002 
-3.2 0.48 0.0248864 
-3.2 0.56 0.0480111 
-3.2 0.64 0.0896697 
-3.2 0.72 0.160299 
-3.2 0.8 0.270527 
-3.2 0.88 0.424444 
-3.2 0.96 0.609833 
-3.2 1.04 0.793022 
-3.2 1.12 0.929576 
-3.2 1.2 0.990988 
-3.2 1.28 0.985735 
-3.2 1.36 0.950259 
-3.2 1.44 0.917959 
-3.2 1.52 0.900551 
-3.2 1.6 0.894311 
-3.2 1.68 0.892864 
-3.2 1.76 0.892671 
-3.2 1.84 0.892659 
-3.2 1.92 0.892658 
-3.12 -2 5.20726e-12 
-3.12 -1.92 1.08795e-11 
-3.12 -1.84 2.27305e-11 
-3.12 -1.76 4.74906e-11 
-3.12 -1.68 9.92217e-11 
-3.12 -1.6 2.07303e-10 
-3.12 -1.52 4.33114e-10 
-3.12 -1.44 9.04896e-10 
-3.12 -1.36 1.89057e-09 
-3.12 -1.28 3.94989e-09 
-3.12 -1.2 8.25229e-09 
-3.12 -1.12 1.72408e-08 
-3.12 -1.04 3.60193e-08 
-3.12 -0.96 7.52491e-08 
-3.12 -0.88 1.572e-07 
-3.12 -0.8 3.28384e-07 
-3.12 -0.72 6.85932e-07 
-3.12 -0.64 1.43263e-06 
-3.12 -0.56 2.99173e-06 
-3.12 -0.48 6.2462e-06 
-3.12 -0.4 1.30369e-05 
-3.12 -0.32 2.71978e-05 
-3.12 -0.24 5.67034e-05 
-3.12 -0.16 0.000118106 
-3.12 -0.08 0.000245666 
-3.12 6.93889e-16 0.000509991 
-3.12 0.08 0.00105572 
-3.12 0.16 0.00217651 
-3.12 0.24 0.004461 
-3.12 0.32 0.00906706 
-3.12 0.4 0.0182105 
-3.12 0.48 0.0359629 
-3.12 0.56 0.0693638 
-3.12 0.64 0.129496 
-3.12 0.72 0.23133 
-3.12 0.8 0.389973 
-3.12 0.88 0.61091 
-3.12 0.96 0.876122 
-3.12 1.04 1.13723 
-3.12 1.12 1.33124 
-3.12 1.2 1.41833 
-3.12 1.28 1.41088 
-3.12 1.36 1.36058 
-3.12 1.44 1.31476 
-3.12 1.52 1.29005 
-3.12 1.6 1.28119 
-3.12 1.68 1.27913 
-3.12 1.76 1.27886 
-3.12 1.84 1.27884 
-3.12 1.92 1.27884 
-3.04 -2 7.52679e-12 
-3.04 -1.92 1.57257e-11 
-3.04 -1.84 3.28555e-11 
-3.04 -1.76 6.86448e-11 
-3.04 -1.68 1.43419e-10 
-3.04 -1.6 2.99643e-10 
-3.04 -1.52 6.2604e-10 
-3.04 -1.44 1.30797e-09 
-3.04 -1.36 2.73271e-09 
-3.04 -1.28 5.70933e-09 
-3.04 -1.2 1.19282e-08 
-3.04 -1.12 2.49206e-08 
-3.04 -1.04 5.20637e-08 
-3.04 -0.96 1.08768e-07 
-3.04 -0.88 2.27223e-07 
-3.04 -0.8 4.7466e-07 
-3.04 -0.72 9.91474e-07 
-3.04 -0.64 2.07078e-06 
-3.04 -0.56 4.32437e-06 
-3.04 -0.48 9.02851e-06 
-3.04 -0.4 1.8844e-05 
-3.04 -0.32 3.93127e-05 
-3.04 -0.24 8.19613e-05 
-3.04 -0.16 0.000170716 
-3.04 -0.08 0.000355095 
-3.04 6.93889e-16 0.000737157 
-3.04 0.08 0.00152596 
-3.04 0.16 0.00314595 
-3.04 0.24 0.00644782 
-3.04 0.32 0.0131047 
-3.04 0.4 0.0263174 
-3.04 0.48 0.0519634 
-3.04 0.56 0.100191 
-3.04 0.64 0.186936 
-3.04 0.72 0.333601 
-3.04 0.8 0.561488 
-3.04 0.88 0.877659 
-3.04 0.96 1.25536 
-3.04 1.04 1.62527 
-3.04 1.12 1.8989 
-3.04 1.2 2.02137 
-3.04 1.28 2.01091 
-3.04 1.36 1.94019 
-3.04 1.44 1.87569 
-3.04 1.52 1.84089 
-3.04 1.6 1.8284 
-3.04 1.68 1.82551 
-3.04 1.76 1.82512 
-3.04 1.84 1.8251 
-3.04 1.92 1.8251 
-2.96 -2 1.08795e-11 
-2.96 -1.92 2.27305e-11 
-2.96 -1.84 4.74907e-11 
-2.96 -1.76 9.9222e-11 
-2.96 -1.68 2.07303e-10 
-2.96 -1.6 4.33117e-10 
-2.96 -1.52 9.04903e-10 
-2.96 -1.44 1.8906e-09 
-2.96 -1.36 3.94996e-09 
-2.96 -1.28 8.2525e-09 
-2.96 -1.2 1.72415e-08 
-2.96 -1.12 3.60212e-08 
-2.96 -1.04 7.52549e-08 
-2.96 -0.96 1.57218e-07 
-2.96 -0.88 3.28438e-07 
-2.96 -0.8 6.86092e-07 
-2.96 -0.72 1.43312e-06 
-2.96 -0.64 2.99319e-06 
-2.96 -0.56 6.25061e-06 
-2.96 -0.48 1.30502e-05 
-2.96 -0.4 2.72379e-05 
-2.96 -0.32 5.68242e-05 
-2.96 -0.24 0.00011847 
-2.96 -0.16 0.000246759 
-2.96 -0.08 0.000513267 
-2.96 6.93889e-16 0.00106551 
-2.96 0.08 0.00220565 
-2.96 0.16 0.00454714 
-2.96 0.24 0.00931933 
-2.96 0.32 0.0189396 
-2.96 0.4 0.0380302 
-2.96 0.48 0.0750709 
-2.96 0.56 0.144675 
-2.96 0.64 0.269699 
-2.96 0.72 0.480593 
-2.96 0.8 0.807055 
-2.96 0.88 1.25754 
-2.96 0.96 1.792 
-2.96 1.04 2.31158 
-2.96 1.12 2.69348 
-2.96 1.2 2.86375 
-2.96 1.28 2.84923 
-2.96 1.36 2.75093 
-2.96 1.44 2.66117 
-2.96 1.52 2.61269 
-2.96 1.6 2.59529 
-2.96 1.68 2.59125 
-2.96 1.76 2.59072 
-2.96 1.84 2.59068 
-2.96 1.92 2.59068 
-2.88 -2 1.57257e-11 
-2.88 -1.92 3.28556e-11 
-2.88 -1.84 6.8645e-11 
-2.88 -1.76 1.43419e-10 
-2.88 -1.68 2.99645e-10 
-2.88 -1.6 6.26044e-10 
-2.88 -1.52 1.30798e-09 
-2.88 -1.44 2.73274e-09 
-2.88 -1.36 5.70944e-09 
-2.88 -1.28 1.19285e-08 
-2.88 -1.2 2.49215e-08 
-2.88 -1.12 5.20665e-08 
-2.88 -1.04 1.08776e-07 
-2.88 -0.96 2.27249e-07 
-2.88 -0.88 4.74737e-07 
-2.88 -0.8 9.91705e-07 
-2.88 -0.72 2.07148e-06 
-2.88 -0.64 4.32648e-06 
-2.88 -0.56 9.03488e-06 
-2.88 -0.48 1.88632e-05 
-2.88 -0.4 3.93707e-05 
-2.88 -0.32 8.21359e-05 
-2.88 -0.24 0.000171241 
-2.88 -0.16 0.000356674 
-2.88 -0.08 0.000741892 
-2.88 6.93889e-16 0.00154011 
-2.88 0.08 0.00318806 
-2.88 0.16 0.00657231 
-2.88 0.24 0.0134693 
-2.88 0.32 0.0273708 
-2.88 0.4 0.0549494 
-2.88 0.48 0.108429 
-2.88 0.56 0.208817 
-2.88 0.64 0.388783 
-2.88 0.72 0.691338 
-2.88 0.8 1.15719 
-2.88 0.88 1.79508 
-2.88 0.96 2.54453 
-2.88 1.04 3.26559 
-2.88 1.12 3.79093 
-2.88 1.2 4.02389 
-2.88 1.28 4.00405 
-2.88 1.36 3.86961 
-2.88 1.44 3.74663 
-2.88 1.52 3.68012 
-2.88 1.6 3.65623 
-2.88 1.68 3.65069 
-2.88 1.76 3.64995 
-2.88 1.84 3.6499 
-2.88 1.92 3.6499 
-2.8 -2 2.27305e-11 
-2.8 -1.92 4.74908e-11 
-2.8 -1.84 9.92221e-11 
-2.8 -1.76 2.07304e-10 
-2.8 -1.68 4.33118e-10 
-2.8 -1.6 9.04909e-10 
-2.8 -1.52 1.89061e-09 
-2.8 -1.44 3.95001e-09 
-2.8 -1.36 8.25265e-09 
-2.8 -1.28 1.72419e-08 
-2.8 -1.2 3.60225e-08 
-2.8 -1.12 7.5259e-08 
-2.8 -1.04 1.5723e-07 
-2.8 -0.96 3.28474e-07 
-2.8 -0.88 6.86203e-07 
-2.8 -0.8 1.43345e-06 
-2.8 -0.72 2.9942e-06 
-2.8 -0.64 6.25366e-06 
-2.8 -0.56 1.30594e-05 
-2.8 -0.48 2.72656e-05 
-2.8 -0.4 5.69079e-05 
-2.8 -0.32 0.000118722 
-2.8 -0.24 0.000247518 
-2.8 -0.16 0.000515549 
-2.8 -0.08 0.00107235 
-2.8 6.93889e-16 0.0022261 
-2.8 0.08 0.004608 
-2.8 0.16 0.00949925 
-2.8 0.24 0.0194664 
-2.8 0.32 0.039552 
-2.8 0.4 0.0793823 
-2.8 0.48 0.156557 
-2.8 0.56 0.301202 
-2.8 0.64 0.559781 
-2.8 0.72 0.992411 
-2.8 0.8 1.65347 
-2.8 0.88 2.54882 
-2.8 0.96 3.58649 
-2.8 1.04 4.57062 
-2.8 1.12 5.27898 
-2.8 1.2 5.59082 
-2.8 1.28 5.56431 
-2.8 1.36 5.38447 
-2.8 1.44 5.21953 
-2.8 1.52 5.13017 
-2.8 1.6 5.09805 
-2.8 1.68 5.0906 
-2.8 1.76 5.0896 
-2.8 1.84 5.08954 
-2.8 1.92 5.08954 
-2.72 -2 3.28556e-11 
-2.72 -1.92 6.8645e-11 
-2.72 -1.84 1.4342e-10 
-2.72 -1.76 2.99645e-10 
-2.72 -1.68 6.26046e-10 
-2.72 -1.6 1.30799e-09 
-2.72 -1.52 2.73276e-09 
-2.72 -1.44 5.70951e-09 
-2.72 -1.36 1.19287e-08 
-2.72 -1.28 2.49222e-08 
-2.72 -1.2 5.20684e-08 
-2.72 -1.12 1.08782e-07 
-2.72 -1.04 2.27266e-07 
-2.72 -0.96 4.7479e-07 
-2.72 -0.88 9.91866e-07 
-2.72 -0.8 2.07197e-06 
-2.72 -0.72 4.32794e-06 
-2.72 -0.64 9.03929e-06 
-2.72 -0.56 1.88765e-05 
-2.72 -0.48 3.94108e-05 
-2.72 -0.4 8.22569e-05 
-2.72 -0.32 0.000171606 
-2.72 -0.24 0.000357772 
-2.72 -0.16 0.000745191 
-2.72 -0.08 0.00155 
-2.72 6.93889e-16 0.00321763 
-2.72 0.08 0.00666028 
-2.72 0.16 0.0137293 
-2.72 0.24 0.028132 
-2.72 0.32 0.0571474 
-2.72 0.4 0.114651 
-2.72 0.48 0.22594 
-2.72 0.56 0.434059 
-2.72 0.64 0.804616 
-2.72 0.72 1.42034 
-2.72 0.8 2.35103 
-2.72 0.88 3.5924 
-2.72 0.96 5.00419 
-2.72 1.04 6.31717 
-2.72 1.12 7.24703 
-2.72 1.2 7.6524 
-2.72 1.28 7.61803 
-2.72 1.36 7.38442 
-2.72 1.44 7.16947 
-2.72 1.52 7.05272 
-2.72 1.6 7.01072 
-2.72 1.68 7.00096 
-2.72 1.76 6.99966 
-2.72 1.84 6.99958 
-2.72 1.92 6.99957 
-2.64 -2 4.74908e-11 
-2.64 -1.92 9.92223e-11 
-2.64 -1.84 2.07304e-10 
-2.64 -1.76 4.3312e-10 
-2.64 -1.68 9.04912e-10 
-2.64 -1.6 1.89062e-09 
-2.64 -1.52 3.95005e-09 
-2.64 -1.44 8.25275e-09 
-2.64 -1.36 1.72422e-08 
-2.64 -1.28 3.60235e-08 
-2.64 -1.2 7.52618e-08 
-2.64 -1.12 1.57238e-07 
-2.64 -1.04 3.285e-07 
-2.64 -0.96 6.8628e-07 
-2.64 -0.88 1.43368e-06 
-2.64 -0.8 2.9949e-06 
-2.64 -0.72 6.25577e-06 
-2.64 -0.64 1.30657e-05 
-2.64 -0.56 2.72849e-05 
-2.64 -0.48 5.6966e-05 
-2.64 -0.4 0.000118897 
-2.64 -0.32 0.000248045 
-2.64 -0.24 0.000517136 
-2.64 -0.16 0.00107712 
-2.64 -0.08 0.0022404 
-2.64 6.93889e-16 0.00465074 
-2.64 0.08 0.0096264 
-2.64 0.16 0.0198421 
-2.64 0.24 0.0406517 
-2.64 0.32 0.0825558 
-2.64 0.4 0.165531 
-2.64 0.48 0.325844 
-2.64 0.56 0.624688 
-2.64 0.64 1.15372 
-2.64 0.72 2.02421 
-2.64 0.8 3.32005 
-2.64 0.88 5.01213 
-2.64 0.96 6.8878 
-2.64 1.04 8.5874 
-2.64 1.12 9.76582 
-2.64 1.2 10.2732 
-2.64 1.28 10.2303 
-2.64 1.36 9.93822 
-2.64 1.44 9.66832 
-2.64 1.52 9.52127 
-2.64 1.6 9.46829 
-2.64 1.68 9.45598 
-2.64 1.76 9.45433 
-2.64 1.84 9.45423 
-2.64 1.92 9.45423 
-2.56 -2 6.86451e-11 
-2.56 -1.92 1.4342e-10 
-2.56 -1.84 2.99646e-10 
-2.56 -1.76 6.26048e-10 
-2.56 -1.68 1.308e-09 
-2.56 -1.6 2.73278e-09 
-2.56 -1.52 5.70955e-09 
-2.56 -1.44 1.19288e-08 
-2.56 -1.36 2.49226e-08 
-2.56 -1.28 5.20698e-08 
-2.56 -1.2 1.08786e-07 
-2.56 -1.12 2.27278e-07 
-2.56 -1.04 4.74827e-07 
-2.56 -0.96 9.91977e-07 
-2.56 -0.88 2.0723e-06 
-2.56 -0.8 4.32895e-06 
-2.56 -0.72 9.04234e-06 
-2.56 -0.64 1.88858e-05 
-2.56 -0.56 3.94387e-05 
-2.56 -0.48 8.23408e-05 
-2.56 -0.4 0.000171859 
-2.56 -0.32 0.000358534 
-2.56 -0.24 0.000747485 
-2.56 -0.16 0.0015569 
-2.56 -0.08 0.00323829 
-2.56 6.93889e-16 0.00672205 
-2.56 0.08 0.013913 
-2.56 0.16 0.0286749 
-2.56 0.24 0.0587356 
-2.56 0.32 0.119231 
-2.56 0.4 0.238869 
-2.56 0.48 0.469455 
-2.56 0.56 0.897331 
-2.56 0.64 1.64857 
-2.56 0.72 2.86769 
-2.56 0.8 4.64439 
-2.56 0.88 6.89822 
-2.56 0.96 9.313 
-2.56 1.04 11.4289 
-2.56 1.12 12.8575 
-2.56 1.2 13.4631 
-2.56 1.28 13.4121 
-2.56 1.36 13.0639 
-2.56 1.44 12.7404 
-2.56 1.52 12.5635 
-2.56 1.6 12.4997 
-2.56 1.68 12.4848 
-2.56 1.76 12.4829 
-2.56 1.84 12.4827 
-2.56 1.92 12.4827 
-2.48 -2 9.92224e-11 
-2.48 -1.92 2.07305e-10 
-2.48 -1.84 4.3312e-10 
-2.48 -1.76 9.04915e-10 
-2.48 -1.68 1.89063e-09 
-2.48 -1.6 3.95007e-09 
-2.48 -1.52 8.25282e-09 
-2.48 -1.44 1.72424e-08 
-2.48 -1.36 3.60241e-08 
-2.48 -1.28 7.52637e-08 
-2.48 -1.2 1.57244e-07 
-2.48 -1.12 3.28517e-07 
-2.48 -1.04 6.86333e-07 
-2.48 -0.96 1.43384e-06 
-2.48 -0.88 2.99539e-06 
-2.48 -0.8 6.25724e-06 
-2.48 -0.72 1.30702e-05 
-2.48 -0.64 2.72982e-05 
-2.48 -0.56 5.70062e-05 
-2.48 -0.48 0.000119019 
-2.48 -0.4 0.000248411 
-2.48 -0.32 0.000518237 
-2.48 -0.24 0.00108044 
-2.48 -0.16 0.00225036 
-2.48 -0.08 0.00468061 
-2.48 6.93889e-16 0.00971566 
-2.48 0.08 0.0201076 
-2.48 0.16 0.0414359 
-2.48 0.24 0.0848488 
-2.48 0.32 0.172135 
-2.48 0.4 0.344446 
-2.48 0.48 0.675392 
-2.48 0.56 1.28548 
-2.48 0.64 2.34418 
-2.48 0.72 4.02927 
-2.48 0.8 6.41459 
-2.48 0.88 9.32618 
-2.48 0.96 12.3122 
-2.48 1.04 14.822 
-2.48 1.12 16.4632 
-2.48 1.2 17.1465 
-2.48 1.28 17.0893 
-2.48 1.36 16.6969 
-2.48 1.44 16.3303 
-2.48 1.52 16.1289 
-2.48 1.6 16.0561 
-2.48 1.68 16.0391 
-2.48 1.76 16.0369 
-2.48 1.84 16.0367 
-2.48 1.92 16.0367 
-2.4 -2 1.4342e-10 
-2.4 -1.92 2.99646e-10 
-2.4 -1.84 6.26049e-10 
-2.4 -1.76 1.308e-09 
-2.4 -1.68 2.73279e-09 
-2.4 -1.6 5.70959e-09 
-2.4 -1.52 1.1929e-08 
-2.4 -1.44 2.49229e-08 
-2.4 -1.36 5.20707e-08 
-2.4 -1.28 1.08789e-07 
-2.4 -1.2 2.27287e-07 
-2.4 -1.12 4.74852e-07 
-2.4 -1.04 9.92053e-07 
-2.4 -0.96 2.07253e-06 
-2.4 -0.88 4.32965e-06 
-2.4 -0.8 9.04446e-06 
-2.4 -0.72 1.88921e-05 
-2.4 -0.64 3.94579e-05 
-2.4 -0.56 8.23989e-05 
-2.4 -0.48 0.000172034 
-2.4 -0.4 0.000359062 
-2.4 -0.32 0.000749077 
-2.4 -0.24 0.00156169 
-2.4 -0.16 0.00325269 
-2.4 -0.08 0.00676522 
-2.4 6.93889e-16 0.014042 
-2.4 0.08 0.0290585 
-2.4 0.16 0.0598683 
-2.4 0.24 0.12254 
-2.4 0.32 0.248382 
-2.4 0.4 0.496163 
-2.4 0.48 0.969674 
-2.4 0.56 1.83445 
-2.4 0.64 3.31059 
-2.4 0.72 5.598 
-2.4 0.8 8.71183 
-2.4 0.88 12.3281 
-2.4 0.96 15.8417 
-2.4 1.04 18.6533 
-2.4 1.12 20.4262 
-2.4 1.2 21.1496 
-2.4 1.28 21.0894 
-2.4 1.36 20.6746 
-2.4 1.44 20.2845 
-2.4 1.52 20.0692 
-2.4 1.6 19.9911 
-2.4 1.68 19.9729 
-2.4 1.76 19.9705 
-2.4 1.84 19.9704 
-2.4 1.92 19.9704 
-2.32 -2 2.07305e-10 
-2.32 -1.92 4.33121e-10 
-2.32 -1.84 9.04917e-10 
-2.32 -1.76 1.89064e-09 
-2.32 -1.68 3.95009e-09 
-2.32 -1.6 8.25287e-09 
-2.32 -1.52 1.72426e-08 
-2.32 -1.44 3.60245e-08 
-2.32 -1.36 7.5265e-08 
-2.32 -1.28 1.57248e-07 
-2.32 -1.2 3.2853e-07 
-2.32 -1.12 6.8637e-07 
-2.32 -1.04 1.43395e-06 
-2.32 -0.96 2.99572e-06 
-2.32 -0.88 6.25825e-06 
-2.32 -0.8 1.30732e-05 
-2.32 -0.72 2.73074e-05 
-2.32 -0.64 5.7034e-05 
-2.32 -0.56 0.000119103 
-2.32 -0.48 0.000248664 
-2.32 -0.4 0.000519001 
-2.32 -0.32 0.00108274 
-2.32 -0.24 0.00225729 
-2.32 -0.16 0.00470142 
-2.32 -0.08 0.00977805 
-2.32 6.93889e-16 0.0202941 
-2.32 0.08 0.0419901 
-2.32 0.16 0.0864841 
-2.32 0.24 0.176906 
-2.32 0.32 0.35813 
-2.32 0.4 0.713625 
-2.32 0.48 1.38812 
-2.32 0.56 2.60371 
-2.32 0.64 4.63158 
-2.32 0.72 7.66171 
-2.32 0.8 11.5812 
-2.32 0.88 15.8599 
-2.32 0.96 19.7608 
-2.32 1.04 22.7156 
-2.32 1.12 24.5077 
-2.32 1.2 25.2238 
-2.32 1.28 25.1645 
-2.32 1.36 24.7545 
-2.32 1.44 24.3664 
-2.32 1.52 24.151 
-2.32 1.6 24.0728 
-2.32 1.68 24.0545 
-2.32 1.76 24.0521 
-2.32 1.84 24.0519 
-2.32 1.92 24.0519 
-2.24 -2 2.99647e-10 
-2.24 -1.92 6.2605e-10 
-2.24 -1.84 1.308e-09 
-2.24 -1.76 2.7328e-09 
-2.24 -1.68 5.70961e-09 
-2.24 -1.6 1.1929e-08 
-2.24 -1.52 2.49231e-08 
-2.24 -1.44 5.20713e-08 
-2.24 -1.36 1.08791e-07 
-2.24 -1.28 2.27293e-07 
-2.24 -1.2 4.7487e-07 
-2.24 -1.12 9.92106e-07 
-2.24 -1.04 2.07269e-06 
-2.24 -0.96 4.33013e-06 
-2.24 -0.88 9.04592e-06 
-2.24 -0.8 1.88965e-05 
-2.24 -0.72 3.94712e-05 
-2.24 -0.64 8.24392e-05 
-2.24 -0.56 0.000172155 
-2.24 -0.48 0.000359429 
-2.24 -0.4 0.000750181 
-2.24 -0.32 0.00156501 
-2.24 -0.24 0.0032627 
-2.24 -0.16 0.0067953 
-2.24 -0.08 0.0141322 
-2.24 6.93889e-16 0.0293279 
-2.24 0.08 0.0606687 
-2.24 0.16 0.124899 
-2.24 0.24 0.255255 
-2.24 0.32 0.515805 
-2.24 0.4 1.02418 
-2.24 0.48 1.97891 
-2.24 0.56 3.66779 
-2.24 0.64 6.39769 
-2.24 0.72 10.2848 
-2.24 0.8 14.999 
-2.24 0.88 19.7804 
-2.24 0.96 23.8412 
-2.24 1.04 26.7451 
-2.24 1.12 28.439 
-2.24 1.2 29.1024 
-2.24 1.28 29.0477 
-2.24 1.36 28.6685 
-2.24 1.44 28.3073 
-2.24 1.52 28.1058 
-2.24 1.6 28.0324 
-2.24 1.68 28.0153 
-2.24 1.76 28.013 
-2.24 1.84 28.0129 
-2.24 1.92 28.0129 
-2.16 -2 4.33121e-10 
-2.16 -1.92 9.04918e-10 
-2.16 -1.84 1.89064e-09 
-2.16 -1.76 3.9501e-09 
-2.16 -1.68 8.2529e-09 
-2.16 -1.6 1.72427e-08 
-2.16 -1.52 3.60249e-08 
-2.16 -1.44 7.52659e-08 
-2.16 -1.36 1.57251e-07 
-2.16 -1.28 3.28538e-07 
-2.16 -1.2 6.86395e-07 
-2.16 -1.12 1.43403e-06 
-2.16 -1.04 2.99595e-06 
-2.16 -0.96 6.25895e-06 
-2.16 -0.88 1.30753e-05 
-2.16 -0.8 2.73138e-05 
-2.16 -0.72 5.70533e-05 
-2.16 -0.64 0.000119161 
-2.16 -0.56 0.00024884 
-2.16 -0.48 0.00051953 
-2.16 -0.4 0.00108433 
-2.16 -0.32 0.0022621 
-2.16 -0.24 0.00471589 
-2.16 -0.16 0.00982153 
-2.16 -0.08 0.0204244 
-2.16 6.93889e-16 0.0423792 
-2.16 0.08 0.0876396 
-2.16 0.16 0.180309 
-2.16 0.24 0.368014 
-2.16 0.32 0.74173 
-2.16 0.4 1.46534 
-2.16 0.48 2.80476 
-2.16 0.56 5.1136 
-2.16 0.64 8.69025 
-2.16 0.72 13.4769 
-2.16 0.8 18.847 
-2.16 0.88 23.861 
-2.16 0.96 27.8148 
-2.16 1.04 30.4865 
-2.16 1.12 31.9891 
-2.16 1.2 32.5668 
-2.16 1.28 32.5194 
-2.16 1.36 32.1897 
-2.16 1.44 31.8737 
-2.16 1.52 31.6967 
-2.16 1.6 31.6321 
-2.16 1.68 31.617 
-2.16 1.76 31.615 
-2.16 1.84 31.6149 
-2.16 1.92 31.6149 
-2.08 -2 6.26051e-10 
-2.08 -1.92 1.308e-09 
-2.08 -1.84 2.7328e-09 
-2.08 -1.76 5.70963e-09 
-2.08 -1.68 1.19291e-08 
-2.08 -1.6 2.49233e-08 
-2.08 -1.52 5.20718e-08 
-2.08 -1.44 1.08792e-07 
-2.08 -1.36 2.27297e-07 
-2.08 -1.28 4.74882e-07 
-2.08 -1.2 9.92143e-07 
-2.08 -1.12 2.0728e-06 
-2.08 -1.04 4.33047e-06 
-2.08 -0.96 9.04693e-06 
-2.08 -0.88 1.88996e-05 
-2.08 -0.8 3.94805e-05 
-2.08 -0.72 8.2467e-05 
-2.08 -0.64 0.00017224 
-2.08 -0.56 0.000359682 
-2.08 -0.48 0.000750946 
-2.08 -0.4 0.00156732 
-2.08 -0.32 0.00326965 
-2.08 -0.24 0.00681621 
-2.08 -0.16 0.014195 
-2.08 -0.08 0.0295161 
-2.08 6.93889e-16 0.0612306 
-2.08 0.08 0.126567 
-2.08 0.16 0.260155 
-2.08 0.24 0.529988 
-2.08 0.32 1.06421 
-2.08 0.4 2.08741 
-2.08 0.48 3.94327 
-2.08 0.56 7.03106 
-2.08 0.64 11.5548 
-2.08 0.72 17.1619 
-2.08 0.8 22.9139 
-2.08 0.88 27.8334 
-2.08 0.96 31.4401 
-2.08 1.04 33.7532 
-2.08 1.12 35.0129 
-2.08 1.2 35.4896 
-2.08 1.28 35.4507 
-2.08 1.36 35.1789 
-2.08 1.44 34.9172 
-2.08 1.52 34.77 
-2.08 1.6 34.7162 
-2.08 1.68 34.7037 
-2.08 1.76 34.702 
-2.08 1.84 34.7019 
-2.08 1.92 34.7019 
-2 -2 9.04919e-10 
-2 -1.92 1.89064e-09 
-2 -1.84 3.9501e-09 
-2 -1.76 8.25292e-09 
-2 -1.68 1.72428e-08 
-2 -1.6 3.60251e-08 
-2 -1.52 7.52666e-08 
-2 -1.44 1.57253e-07 
-2 -1.36 3.28544e-07 
-2 -1.28 6.86413e-07 
-2 -1.2 1.43408e-06 
-2 -1.12 2.99611e-06 
-2 -1.04 6.25943e-06 
-2 -0.96 1.30768e-05 
-2 -0.88 2.73182e-05 
-2 -0.8 5.70666e-05 
-2 -0.72 0.000119201 
-2 -0.64 0.000248961 
-2 -0.56 0.000519897 
-2 -0.48 0.00108544 
-2 -0.4 0.00226543 
-2 -0.32 0.00472593 
-2 -0.24 0.00985175 
-2 -0.16 0.0205151 
-2 -0.08 0.0426512 
-2 6.93889e-16 0.0884509 
-2 0.08 0.182713 
-2 0.16 0.375061 
-2 0.24 0.762018 
-2 0.32 1.52202 
-2 0.4 2.9554 
-2 0.48 5.48306 
-2 0.56 9.49395 
-2 0.64 14.9684 
-2 0.72 21.1659 
-2 0.8 26.935 
-2 0.88 31.4565 
-2 0.96 34.556 
-2 1.04 36.4557 
-2 1.12 37.4629 
-2 1.2 37.8391 
-2 1.28 37.8085 
-2 1.36 37.5941 
-2 1.44 37.387 
-2 1.52 37.2701 
-2 1.6 37.2273 
-2 1.68 37.2173 
-2 1.76 37.216 
-2 1.84 37.2159 
-2 1.92 37.2159 
-1.92 -2 1.30801e-09 
-1.92 -1.92 2.73281e-09 
-1.92 -1.84 5.70964e-09 
-1.92 -1.76 1.19291e-08 
-1.92 -1.68 2.49234e-08 
-1.92 -1.6 5.20721e-08 
-1.92 -1.52 1.08793e-07 
-1.92 -1.44 2.273e-07 
-1.92 -1.36 4.7489e-07 
-1.92 -1.28 9.92169e-07 
-1.92 -1.2 2.07288e-06 
-1.92 -1.12 4.3307e-06 
-1.92 -1.04 9.04763e-06 
-1.92 -0.96 1.89017e-05 
-1.92 -0.88 3.94868e-05 
-1.92 -0.8 8.24863e-05 
-1.92 -0.72 0.000172298 
-1.92 -0.64 0.000359858 
-1.92 -0.56 0.000751476 
-1.92 -0.48 0.00156892 
-1.92 -0.4 0.00327447 
-1.92 -0.32 0.00683073 
-1.92 -0.24 0.0142387 
-1.92 -0.16 0.0296473 
-1.92 -0.08 0.0616234 
-1.92 6.93889e-16 0.127737 
-1.92 0.08 0.263617 
-1.92 0.16 0.540098 
-1.92 0.24 1.0931 
-1.92 0.32 2.16694 
-1.92 0.4 4.14896 
-1.92 0.48 7.51259 
-1.92 0.56 12.5306 
-1.92 0.64 18.8135 
-1.92 0.72 25.2398 
-1.92 0.8 30.657 
-1.92 0.88 34.5697 
-1.92 0.96 37.0997 
-1.92 1.04 38.5935 
-1.92 1.12 39.3687 
-1.92 1.2 39.6553 
-1.92 1.28 39.632 
-1.92 1.36 39.4689 
-1.92 1.44 39.3106 
-1.92 1.52 39.2212 
-1.92 1.6 39.1884 
-1.92 1.68 39.1807 
-1.92 1.76 39.1797 
-1.92 1.84 39.1797 
-1.92 1.92 39.1797 
-1.84 -2 1.89064e-09 
-1.84 -1.92 3.95011e-09 
-1.84 -1.84 8.25294e-09 
-1.84 -1.76 1.72428e-08 
-1.84 -1.68 3.60252e-08 
-1.84 -1.6 7.5267e-08 
-1.84 -1.52 1.57254e-07 
-1.84 -1.44 3.28548e-07 
-1.84 -1.36 6.86425e-07 
-1.84 -1.28 1.43412e-06 
-1.84 -1.2 2.99622e-06 
-1.84 -1.12 6.25977e-06 
-1.84 -1.04 1.30778e-05 
-1.84 -0.96 2.73213e-05 
-1.84 -0.88 5.70758e-05 
-1.84 -0.8 0.000119229 
-1.84 -0.72 0.000249046 
-1.84 -0.64 0.000520151 
-1.84 -0.56 0.00108621 
-1.84 -0.48 0.00226774 
-1.84 -0.4 0.0047329 
-1.84 -0.32 0.00987273 
-1.84 -0.24 0.0205783 
-1.84 -0.16 0.0428407 
-1.84 -0.08 0.0890179 
-1.84 6.93889e-16 0.1844 
-1.84 0.08 0.380039 
-1.84 0.16 0.776476 
-1.84 0.24 1.56289 
-1.84 0.32 3.0656 
-1.84 0.4 5.75765 
-1.84 0.48 10.0986 
-1.84 0.56 16.0914 
-1.84 0.64 22.8797 
-1.84 0.72 29.1171 
-1.84 0.8 33.8976 
-1.84 0.88 37.1107 
-1.84 0.96 39.0905 
-1.84 1.04 40.2254 
-1.84 1.12 40.8048 
-1.84 1.2 41.0174 
-1.84 1.28 41.0001 
-1.84 1.36 40.8792 
-1.84 1.44 40.7616 
-1.84 1.52 40.6951 
-1.84 1.6 40.6706 
-1.84 1.68 40.6649 
-1.84 1.76 40.6641 
-1.84 1.84 40.6641 
-1.84 1.92 40.6641 
-1.76 -2 2.73281e-09 
-1.76 -1.92 5.70965e-09 
-1.76 -1.84 1.19291e-08 
-1.76 -1.76 2.49234e-08 
-1.76 -1.68 5.20723e-08 
-1.76 -1.6 1.08794e-07 
-1.76 -1.52 2.27301e-07 
-1.76 -1.44 4.74896e-07 
-1.76 -1.36 9.92186e-07 
-1.76 -1.28 2.07293e-06 
-1.76 -1.2 4.33086e-06 
-1.76 -1.12 9.04812e-06 
-1.76 -1.04 1.89032e-05 
-1.76 -0.96 3.94913e-05 
-1.76 -0.88 8.24996e-05 
-1.76 -0.8 0.000172338 
-1.76 -0.72 0.000359979 
-1.76 -0.64 0.000751843 
-1.76 -0.56 0.00157003 
-1.76 -0.48 0.00327781 
-1.76 -0.4 0.00684079 
-1.76 -0.32 0.014269 
-1.76 -0.24 0.0297385 
-1.76 -0.16 0.061897 
-1.76 -0.08 0.128555 
-1.76 6.93889e-16 0.266048 
-1.76 0.08 0.547239 
-1.76 0.16 1.11368 
-1.76 0.24 2.22423 
-1.76 0.32 4.29906 
-1.76 0.4 7.86829 
-1.76 0.48 13.2554 
-1.76 0.56 20.029 
-1.76 0.64 26.9023 
-1.76 0.72 32.5796 
-1.76 0.8 36.5721 
-1.76 0.88 39.0989 
-1.76 0.96 40.5976 
-1.76 1.04 41.4376 
-1.76 1.12 41.8612 
-1.76 1.2 42.0158 
-1.76 1.28 42.0033 
-1.76 1.36 41.9154 
-1.76 1.44 41.8298 
-1.76 1.52 41.7813 
-1.76 1.6 41.7634 
-1.76 1.68 41.7593 
-1.76 1.76 41.7587 
-1.76 1.84 41.7587 
-1.76 1.92 41.7587 
-1.68 -2 3.95011e-09 
-1.68 -1.92 8.25295e-09 
-1.68 -1.84 1.72428e-08 
-1.68 -1.76 3.60253e-08 
-1.68 -1.68 7.52673e-08 
-1.68 -1.6 1.57255e-07 
-1.68 -1.52 3.28551e-07 
-1.68 -1.44 6.86434e-07 
-1.68 -1.36 1.43415e-06 
-1.68 -1.28 2.9963e-06 
-1.68 -1.2 6.26e-06 
-1.68 -1.12 1.30785e-05 
-1.68 -1.04 2.73234e-05 
-1.68 -0.96 5.70822e-05 
-1.68 -0.88 0.000119248 
-1.68 -0.8 0.000249104 
-1.68 -0.72 0.000520327 
-1.68 -0.64 0.00108674 
-1.68 -0.56 0.00226934 
-1.68 -0.48 0.00473772 
-1.68 -0.4 0.00988728 
-1.68 -0.32 0.0206221 
-1.68 -0.24 0.0429724 
-1.68 -0.16 0.0894129 
-1.68 -0.08 0.18558 
-1.68 6.93889e-16 0.383534 
-1.68 0.08 0.786687 
-1.68 0.16 1.59199 
-1.68 0.24 3.14488 
-1.68 0.32 5.95734 
-1.68 0.4 10.5418 
-1.68 0.48 16.9129 
-1.68 0.56 24.1107 
-1.68 0.64 30.6276 
-1.68 0.72 35.5001 
-1.68 0.8 38.6836 
-1.68 0.88 40.6039 
-1.68 0.96 41.7101 
-1.68 1.04 42.3199 
-1.68 1.12 42.6247 
-1.68 1.2 42.7354 
-1.68 1.28 42.7265 
-1.68 1.36 42.6635 
-1.68 1.44 42.6021 
-1.68 1.52 42.5673 
-1.68 1.6 42.5545 
-1.68 1.68 42.5515 
-1.68 1.76 42.5511 
-1.68 1.84 42.5511 
-1.68 1.92 42.5511 
-1.6 -2 5.70965e-09 
-1.6 -1.92 1.19291e-08 
-1.6 -1.84 2.49235e-08 
-1.6 -1.76 5.20724e-08 
-1.6 -1.68 1.08794e-07 
-1.6 -1.6 2.27303e-07 
-1.6 -1.52 4.749e-07 
-1.6 -1.44 9.92198e-07 
-1.6 -1.36 2.07297e-06 
-1.6 -1.28 4.33097e-06 
-1.6 -1.2 9.04845e-06 
-1.6 -1.12 1.89042e-05 
-1.6 -1.04 3.94943e-05 
-1.6 -0.96 8.25089e-05 
-1.6 -0.88 0.000172366 
-1.6 -0.8 0.000360064 
-1.6 -0.72 0.000752097 
-1.6 -0.64 0.00157079 
-1.6 -0.56 0.00328013 
-1.6 -0.48 0.00684777 
-1.6 -0.4 0.01429 
-1.6 -0.32 0.0298018 
-1.6 -0.24 0.0620873 
-1.6 -0.16 0.129125 
-1.6 -0.08 0.267746 
-1.6 6.93889e-16 0.552252 
-1.6 0.08 1.12821 
-1.6 0.16 2.26499 
-1.6 0.24 4.40683 
-1.6 0.32 8.12581 
-1.6 0.4 13.7815 
-1.6 0.48 20.9033 
-1.6 0.56 28.068 
-1.6 0.64 33.8727 
-1.6 0.72 37.8473 
-1.6 0.8 40.2931 
-1.6 0.88 41.7147 
-1.6 0.96 42.5162 
-1.6 1.04 42.9527 
-1.6 1.12 43.1694 
-1.6 1.2 43.2479 
-1.6 1.28 43.2416 
-1.6 1.36 43.1969 
-1.6 1.44 43.1534 
-1.6 1.52 43.1287 
-1.6 1.6 43.1196 
-1.6 1.68 43.1174 
-1.6 1.76 43.1172 
-1.6 1.84 43.1171 
-1.6 1.92 43.1171 
-1.52 -2 8.25296e-09 
-1.52 -1.92 1.72429e-08 
-1.52 -1.84 3.60254e-08 
-1.52 -1.76 7.52675e-08 
-1.52 -1.68 1.57256e-07 
-1.52 -1.6 3.28552e-07 
-1.52 -1.52 6.86439e-07 
-1.52 -1.44 1.43416e-06 
-1.52 -1.36 2.99635e-06 
-1.52 -1.28 6.26016e-06 
-1.52 -1.2 1.3079e-05 
-1.52 -1.12 2.73249e-05 
-1.52 -1.04 5.70866e-05 
-1.52 -0.96 0.000119261 
-1.52 -0.88 0.000249144 
-1.52 -0.8 0.000520448 
-1.52 -0.72 0.0010871 
-1.52 -0.64 0.00227045 
-1.52 -0.56 0.00474107 
-1.52 -0.48 0.00989736 
-1.52 -0.4 0.0206524 
-1.52 -0.32 0.0430638 
-1.52 -0.24 0.0896876 
-1.52 -0.16 0.186402 
-1.52 -0.08 0.385976 
-1.52 6.93889e-16 0.793853 
-1.52 0.08 1.61253 
-1.52 0.16 3.20123 
-1.52 0.24 6.10037 
-1.52 0.32 10.8609 
-1.52 0.4 17.5028 
-1.52 0.48 24.981 
-1.52 0.56 31.6634 
-1.52 0.64 36.5521 
-1.52 0.72 39.6616 
-1.52 0.8 41.4873 
-1.52 0.88 42.5195 
-1.52 0.96 43.0924 
-1.52 1.04 43.4016 
-1.52 1.12 43.5545 
-1.52 1.2 43.6097 
-1.52 1.28 43.6053 
-1.52 1.36 43.5739 
-1.52 1.44 43.5432 
-1.52 1.52 43.5258 
-1.52 1.6 43.5194 
-1.52 1.68 43.5179 
-1.52 1.76 43.5177 
-1.52 1.84 43.5176 
-1.52 1.92 43.5176 
-1.44 -2 1.19292e-08 
-1.44 -1.92 2.49235e-08 
-1.44 -1.84 5.20725e-08 
-1.44 -1.76 1.08795e-07 
-1.44 -1.68 2.27304e-07 
-1.44 -1.6 4.74903e-07 
-1.44 -1.52 9.92207e-07 
-1.44 -1.44 2.073e-06 
-1.44 -1.36 4.33105e-06 
-1.44 -1.28 9.04868e-06 
-1.44 -1.2 1.89049e-05 
-1.44 -1.12 3.94964e-05 
-1.44 -1.04 8.25153e-05 
-1.44 -0.96 0.000172385 
-1.44 -0.88 0.000360122 
-1.44 -0.8 0.000752273 
-1.44 -0.72 0.00157132 
-1.44 -0.64 0.00328173 
-1.44 -0.56 0.0068526 
-1.44 -0.48 0.0143046 
-1.44 -0.4 0.0298457 
-1.44 -0.32 0.0622193 
-1.44 -0.24 0.129522 
-1.44 -0.16 0.26893 
-1.44 -0.08 0.555755 
-1.44 6.93889e-16 1.13841 
-1.44 0.08 2.29374 
-1.44 0.16 4.48335 
-1.44 0.24 8.30967 
-1.44 0.32 14.1576 
-1.44 0.4 21.5236 
-1.44 0.48 28.8783 
-1.44 0.56 34.7423 
-1.44 0.64 38.6682 
-1.44 0.72 41.022 
-1.44 0.8 42.3558 
-1.44 0.88 43.0947 
-1.44 0.96 43.5002 
-1.44 1.04 43.7177 
-1.44 1.12 43.8249 
-1.44 1.2 43.8636 
-1.44 1.28 43.8605 
-1.44 1.36 43.8385 
-1.44 1.44 43.817 
-1.44 1.52 43.8048 
-1.44 1.6 43.8003 
-1.44 1.68 43.7993 
-1.44 1.76 43.7991 
-1.44 1.84 43.7991 
-1.44 1.92 43.7991 
-1.36 -2 1.72429e-08 
-1.36 -1.92 3.60254e-08 
-1.36 -1.84 7.52677e-08 
-1.36 -1.76 1.57256e-07 
-1.36 -1.68 3.28554e-07 
-1.36 -1.6 6.86443e-07 
-1.36 -1.52 1.43418e-06 
-1.36 -1.44 2.99639e-06 
-1.36 -1.36 6.26027e-06 
-1.36 -1.28 1.30793e-05 
-1.36 -1.2 2.73259e-05 
-1.36 -1.12 5.70897e-05 
-1.36 -1.04 0.000119271 
-1.36 -0.96 0.000249172 
-1.36 -0.88 0.000520532 
-1.36 -0.8 0.00108736 
-1.36 -0.72 0.00227122 
-1.36 -0.64 0.00474338 
-1.36 -0.56 0.00990434 
-1.36 -0.48 0.0206735 
-1.36 -0.4 0.0431272 
-1.36 -0.32 0.0898782 
-1.36 -0.24 0.186973 
-1.36 -0.16 0.387677 
-1.36 -0.08 0.79886 
-1.36 6.93889e-16 1.62694 
-1.36 0.08 3.24096 
-1.36 0.16 6.20174 
-1.36 0.24 11.0877 
-1.36 0.32 17.9211 
-1.36 0.4 25.5906 
-1.36 0.48 32.3723 
-1.36 0.56 37.2481 
-1.36 0.64 40.2815 
-1.36 0.72 42.0191 
-1.36 0.8 42.9782 
-1.36 0.88 43.5018 
-1.36 0.96 43.7869 
-1.36 1.04 43.9391 
-1.36 1.12 44.014 
-1.36 1.2 44.041 
-1.36 1.28 44.0388 
-1.36 1.36 44.0235 
-1.36 1.44 44.0085 
-1.36 1.52 43.9999 
-1.36 1.6 43.9968 
-1.36 1.68 43.9961 
-1.36 1.76 43.996 
-1.36 1.84 43.996 
-1.36 1.92 43.996 
-1.28 -2 2.49235e-08 
-1.28 -1.92 5.20726e-08 
-1.28 -1.84 1.08795e-07 
-1.28 -1.76 2.27304e-07 
-1.28 -1.68 4.74905e-07 
-1.28 -1.6 9.92213e-07 
-1.28 -1.52 2.07301e-06 
-1.28 -1.44 4.3311e-06 
-1.28 -1.36 9.04884e-06 
-1.28 -1.28 1.89054e-05 
-1.28 -1.2 3.94979e-05 
-1.28 -1.12 8.25197e-05 
-1.28 -1.04 0.000172398 
-1.28 -0.96 0.000360162 
-1.28 -0.88 0.000752394 
-1.28 -0.8 0.00157169 
-1.28 -0.72 0.00328284 
-1.28 -0.64 0.00685595 
-1.28 -0.56 0.0143147 
-1.28 -0.48 0.0298761 
-1.28 -0.4 0.0623109 
-1.28 -0.32 0.129797 
-1.28 -0.24 0.269753 
-1.28 -0.16 0.558195 
-1.28 -0.08 1.14553 
-1.28 6.93889e-16 2.31391 
-1.28 0.08 4.53724 
-1.28 0.16 8.43966 
-1.28 0.24 14.4238 
-1.28 0.32 21.9597 
-1.28 0.4 29.4392 
-1.28 0.48 35.3296 
-1.28 0.56 39.2043 
-1.28 0.64 41.4788 
-1.28 0.72 42.7378 
-1.28 0.8 43.4196 
-1.28 0.88 43.788 
-1.28 0.96 43.9874 
-1.28 1.04 44.0936 
-1.28 1.12 44.1457 
-1.28 1.2 44.1645 
-1.28 1.28 44.163 
-1.28 1.36 44.1523 
-1.28 1.44 44.1419 
-1.28 1.52 44.136 
-1.28 1.6 44.1338 
-1.28 1.68 44.1333 
-1.28 1.76 44.1332 
-1.28 1.84 44.1332 
-1.28 1.92 44.1332 
-1.2 -2 3.60255e-08 
-1.2 -1.92 7.52678e-08 
-1.2 -1.84 1.57256e-07 
-1.2 -1.76 3.28555e-07 
-1.2 -1.68 6.86446e-07 
-1.2 -1.6 1.43418e-06 
-1.2 -1.52 2.99642e-06 
-1.2 -1.44 6.26035e-06 
-1.2 -1.36 1.30796e-05 
-1.2 -1.28 2.73266e-05 
-1.2 -1.2 5.70918e-05 
-1.2 -1.12 0.000119277 
-1.2 -1.04 0.000249191 
-1.2 -0.96 0.000520591 
-1.2 -0.88 0.00108753 
-1.2 -0.8 0.00227175 
-1.2 -0.72 0.00474498 
-1.2 -0.64 0.00990918 
-1.2 -0.56 0.0206881 
-1.2 -0.48 0.0431712 
-1.2 -0.4 0.0900105 
-1.2 -0.32 0.18737 
-1.2 -0.24 0.38886 
-1.2 -0.16 0.802349 
-1.2 -0.08 1.637 
-1.2 6.93889e-16 3.26881 
-1.2 0.08 6.27304 
-1.2 0.16 11.2476 
-1.2 0.24 18.2154 
-1.2 0.32 26.0156 
-1.2 0.4 32.8578 
-1.2 0.48 37.7131 
-1.2 0.56 40.6825 
-1.2 0.64 42.3496 
-1.2 0.72 43.2496 
-1.2 0.8 43.7304 
-1.2 0.88 43.9882 
-1.2 0.96 44.1273 
-1.2 1.04 44.2011 
-1.2 1.12 44.2374 
-1.2 1.2 44.2504 
-1.2 1.28 44.2494 
-1.2 1.36 44.2419 
-1.2 1.44 44.2347 
-1.2 1.52 44.2306 
-1.2 1.6 44.2291 
-1.2 1.68 44.2287 
-1.2 1.76 44.2287 
-1.2 1.84 44.2287 
-1.2 1.92 44.2287 
-1.12 -2 5.20726e-08 
-1.12 -1.92 1.08795e-07 
-1.12 -1.84 2.27305e-07 
-1.12 -1.76 4.74906e-07 
-1.12 -1.68 9.92217e-07 
-1.12 -1.6 2.07303e-06 
-1.12 -1.52 4.33114e-06 
-1.12 -1.44 9.04896e-06 
-1.12 -1.36 1.89057e-05 
-1.12 -1.28 3.94989e-05 
-1.12 -1.2 8.25227e-05 
-1.12 -1.12 0.000172408 
-1.12 -1.04 0.00036019 
-1.12 -0.96 0.000752478 
-1.12 -0.88 0.00157195 
-1.12 -0.8 0.0032836 
-1.12 -0.72 0.00685826 
-1.12 -0.64 0.0143217 
-1.12 -0.56 0.0298972 
-1.12 -0.48 0.0623744 
-1.12 -0.4 0.129987 
-1.12 -0.32 0.270324 
-1.12 -0.24 0.559891 
-1.12 -0.16 1.15049 
-1.12 -0.08 2.328 
-1.12 6.93889e-16 4.57499 
-1.12 0.08 8.53096 
-1.12 0.16 14.6107 
-1.12 0.24 22.2646 
-1.12 0.32 29.827 
-1.12 0.4 35.7282 
-1.12 0.48 39.5595 
-1.12 0.56 41.7721 
-1.12 0.64 42.9738 
-1.12 0.72 43.6109 
-1.12 0.8 43.948 
-1.12 0.88 44.1278 
-1.12 0.96 44.2245 
-1.12 1.04 44.2758 
-1.12 1.12 44.301 
-1.12 1.2 44.31 
-1.12 1.28 44.3093 
-1.12 1.36 44.3042 
-1.12 1.44 44.2991 
-1.12 1.52 44.2963 
-1.12 1.6 44.2952 
-1.12 1.68 44.295 
-1.12 1.76 44.2949 
-1.12 1.84 44.2949 
-1.12 1.92 44.2949 
-1.04 -2 7.52679e-08 
-1.04 -1.92 1.57257e-07 
-1.04 -1.84 3.28555e-07 
-1.04 -1.76 6.86448e-07 
-1.04 -1.68 1.43419e-06 
-1.04 -1.6 2.99643e-06 
-1.04 -1.52 6.2604e-06 
-1.04 -1.44 1.30797e-05 
-1.04 -1.36 2.73271e-05 
-1.04 -1.28 5.70933e-05 
-1.04 -1.2 0.000119282 
-1.04 -1.12 0.000249204 
-1.04 -1.04 0.000520631 
-1.04 -0.96 0.00108765 
-1.04 -0.88 0.00227212 
-1.04 -0.8 0.00474609 
-1.04 -0.72 0.00991252 
-1.04 -0.64 0.0206982 
-1.04 -0.56 0.0432016 
-1.04 -0.48 0.0901021 
-1.04 -0.4 0.187645 
-1.04 -0.32 0.389681 
-1.04 -0.24 0.804773 
-1.04 -0.16 1.64401 
-1.04 -0.08 3.28826 
-1.04 6.93889e-16 6.32295 
-1.04 0.08 11.3597 
-1.04 0.16 18.4214 
-1.04 0.24 26.311 
-1.04 0.32 33.191 
-1.04 0.4 38.0264 
-1.04 0.48 40.9464 
-1.04 0.56 42.5607 
-1.04 0.64 43.4165 
-1.04 0.72 43.8644 
-1.04 0.8 44.0998 
-1.04 0.88 44.2249 
-1.04 0.96 44.2921 
-1.04 1.04 44.3277 
-1.04 1.12 44.3451 
-1.04 1.2 44.3514 
-1.04 1.28 44.3509 
-1.04 1.36 44.3473 
-1.04 1.44 44.3438 
-1.04 1.52 44.3418 
-1.04 1.6 44.3411 
-1.04 1.68 44.3409 
-1.04 1.76 44.3409 
-1.04 1.84 44.3409 
-1.04 1.92 44.3409 
-0.96 -2 1.08795e-07 
-0.96 -1.92 2.27305e-07 
-0.96 -1.84 4.74907e-07 
-0.96 -1.76 9.92219e-07 
-0.96 -1.68 2.07303e-06 
-0.96 -1.6 4.33117e-06 
-0.96 -1.52 9.04903e-06 
-0.96 -1.44 1.89059e-05 
-0.96 -1.36 3.94996e-05 
-0.96 -1.28 8.25248e-05 
-0.96 -1.2 0.000172414 
-0.96 -1.12 0.000360209 
-0.96 -1.04 0.000752537 
-0.96 -0.96 0.00157212 
-0.96 -0.88 0.00328413 
-0.96 -0.8 0.00685987 
-0.96 -0.72 0.0143265 
-0.96 -0.64 0.0299118 
-0.96 -0.56 0.0624183 
-0.96 -0.48 0.13012 
-0.96 -0.4 0.27072 
-0.96 -0.32 0.561069 
-0.96 -0.24 1.15394 
-0.96 -0.16 2.3378 
-0.96 -0.08 4.60133 
-0.96 6.93889e-16 8.59478 
-0.96 0.08 14.7415 
-0.96 0.16 22.4772 
-0.96 0.24 30.095 
-0.96 0.32 36.0001 
-0.96 0.4 39.7974 
-0.96 0.48 41.9642 
-0.96 0.56 43.124 
-0.96 0.64 43.7282 
-0.96 0.72 44.0416 
-0.96 0.8 44.2054 
-0.96 0.88 44.2923 
-0.96 0.96 44.3389 
-0.96 1.04 44.3636 
-0.96 1.12 44.3757 
-0.96 1.2 44.38 
-0.96 1.28 44.3797 
-0.96 1.36 44.3772 
-0.96 1.44 44.3748 
-0.96 1.52 44.3734 
-0.96 1.6 44.3729 
-0.96 1.68 44.3728 
-0.96 1.76 44.3728 
-0.96 1.84 44.3728 
-0.96 1.92 44.3728 
-0.88 -2 1.57257e-07 
-0.88 -1.92 3.28556e-07 
-0.88 -1.84 6.8645e-07 
-0.88 -1.76 1.43419e-06 
-0.88 -1.68 2.99645e-06 
-0.88 -1.6 6.26044e-06 
-0.88 -1.52 1.30798e-05 
-0.88 -1.44 2.73274e-05 
-0.88 -1.36 5.70943e-05 
-0.88 -1.28 0.000119285 
-0.88 -1.2 0.000249214 
-0.88 -1.12 0.000520659 
-0.88 -1.04 0.00108774 
-0.88 -0.96 0.00227237 
-0.88 -0.88 0.00474686 
-0.88 -0.8 0.00991484 
-0.88 -0.72 0.0207052 
-0.88 -0.64 0.0432227 
-0.88 -0.56 0.0901655 
-0.88 -0.48 0.187835 
-0.88 -0.4 0.39025 
-0.88 -0.32 0.806456 
-0.88 -0.24 1.64889 
-0.88 -0.16 3.30179 
-0.88 -0.08 6.35775 
-0.88 6.93889e-16 11.438 
-0.88 0.08 18.565 
-0.88 0.16 26.516 
-0.88 0.24 33.4202 
-0.88 0.32 38.239 
-0.88 0.4 41.1225 
-0.88 0.48 42.6985 
-0.88 0.56 43.5225 
-0.88 0.64 43.9465 
-0.88 0.72 44.1649 
-0.88 0.8 44.2788 
-0.88 0.88 44.3391 
-0.88 0.96 44.3714 
-0.88 1.04 44.3885 
-0.88 1.12 44.3968 
-0.88 1.2 44.3998 
-0.88 1.28 44.3996 
-0.88 1.36 44.3979 
-0.88 1.44 44.3962 
-0.88 1.52 44.3953 
-0.88 1.6 44.3949 
-0.88 1.68 44.3948 
-0.88 1.76 44.3948 
-0.88 1.84 44.3948 
-0.88 1.92 44.3948 
-0.8 -2 2.27305e-07 
-0.8 -1.92 4.74908e-07 
-0.8 -1.84 9.92221e-07 
-0.8 -1.76 2.07304e-06 
-0.8 -1.68 4.33118e-06 
-0.8 -1.6 9.04909e-06 
-0.8 -1.52 1.89061e-05 
-0.8 -1.44 3.95001e-05 
-0.8 -1.36 8.25263e-05 
-0.8 -1.28 0.000172418 
-0.8 -1.2 0.000360223 
-0.8 -1.12 0.000752577 
-0.8 -1.04 0.00157224 
-0.8 -0.96 0.0032845 
-0.8 -0.88 0.00686097 
-0.8 -0.8 0.0143299 
-0.8 -0.72 0.0299219 
-0.8 -0.64 0.0624488 
-0.8 -0.56 0.130211 
-0.8 -0.48 0.270994 
-0.8 -0.4 0.561886 
-0.8 -0.32 1.15634 
-0.8 -0.24 2.34462 
-0.8 -0.16 4.61967 
-0.8 -0.08 8.63926 
-0.8 6.93889e-16 14.8326 
-0.8 0.08 22.6249 
-0.8 0.16 30.2802 
-0.8 0.24 36.1862 
-0.8 0.32 39.9583 
-0.8 0.4 42.092 
-0.8 0.48 43.2218 
-0.8 0.56 43.8025 
-0.8 0.64 44.0987 
-0.8 0.72 44.2507 
-0.8 0.8 44.3297 
-0.8 0.88 44.3715 
-0.8 0.96 44.3939 
-0.8 1.04 44.4057 
-0.8 1.12 44.4115 
-0.8 1.2 44.4136 
-0.8 1.28 44.4134 
-0.8 1.36 44.4122 
-0.8 1.44 44.4111 
-0.8 1.52 44.4104 
-0.8 1.6 44.4102 
-0.8 1.68 44.4101 
-0.8 1.76 44.4101 
-0.8 1.84 44.4101 
-0.8 1.92 44.4101 
-0.72 -2 3.28556e-07 
-0.72 -1.92 6.8645e-07 
-0.72 -1.84 1.4342e-06 
-0.72 -1.76 2.99645e-06 
-0.72 -1.68 6.26046e-06 
-0.72 -1.6 1.30799e-05 
-0.72 -1.52 2.73276e-05 
-0.72 -1.44 5.7095e-05 
-0.72 -1.36 0.000119287 
-0.72 -1.28 0.00024922 
-0.72 -1.2 0.000520678 
-0.72 -1.12 0.0010878 
-0.72 -1.04 0.00227255 
-0.72 -0.96 0.00474739 
-0.72 -0.88 0.00991644 
-0.72 -0.8 0.02071 
-0.72 -0.72 0.0432373 
-0.72 -0.64 0.0902095 
-0.72 -0.56 0.187967 
-0.72 -0.48 0.390645 
-0.72 -0.4 0.807624 
-0.72 -0.32 1.65227 
-0.72 -0.24 3.3112 
-0.72 -0.16 6.38197 
-0.72 -0.08 11.4924 
-0.72 6.93889e-16 18.6649 
-0.72 0.08 26.658 
-0.72 0.16 33.578 
-0.72 0.24 38.3842 
-0.72 0.32 41.2412 
-0.72 0.4 42.79 
-0.72 0.48 43.5913 
-0.72 0.56 43.9983 
-0.72 0.64 44.2047 
-0.72 0.72 44.3102 
-0.72 0.8 44.365 
-0.72 0.88 44.394 
-0.72 0.96 44.4094 
-0.72 1.04 44.4176 
-0.72 1.12 44.4216 
-0.72 1.2 44.4231 
-0.72 1.28 44.423 
-0.72 1.36 44.4222 
-0.72 1.44 44.4213 
-0.72 1.52 44.4209 
-0.72 1.6 44.4207 
-0.72 1.68 44.4207 
-0.72 1.76 44.4207 
-0.72 1.84 44.4207 
-0.72 1.92 44.4207 
-0.64 -2 4.74908e-07 
-0.64 -1.92 9.92223e-07 
-0.64 -1.84 2.07304e-06 
-0.64 -1.76 4.33119e-06 
-0.64 -1.68 9.04912e-06 
-0.64 -1.6 1.89062e-05 
-0.64 -1.52 3.95004e-05 
-0.64 -1.44 8.25273e-05 
-0.64 -1.36 0.000172422 
-0.64 -1.28 0.000360232 
-0.64 -1.2 0.000752605 
-0.64 -1.12 0.00157233 
-0.64 -1.04 0.00328475 
-0.64 -0.96 0.00686174 
-0.64 -0.88 0.0143322 
-0.64 -0.8 0.0299289 
-0.64 -0.72 0.0624698 
-0.64 -0.64 0.130275 
-0.64 -0.56 0.271184 
-0.64 -0.48 0.562451 
-0.64 -0.4 1.158 
-0.64 -0.32 2.34935 
-0.64 -0.24 4.63241 
-0.64 -0.16 8.67018 
-0.64 -0.08 14.8959 
-0.64 6.93889e-16 22.7274 
-0.64 0.08 30.4082 
-0.64 0.16 36.3141 
-0.64 0.24 40.0678 
-0.64 0.32 42.178 
-0.64 0.4 43.2865 
-0.64 0.48 43.8507 
-0.64 0.56 44.1349 
-0.64 0.64 44.2783 
-0.64 0.72 44.3515 
-0.64 0.8 44.3895 
-0.64 0.88 44.4095 
-0.64 0.96 44.4202 
-0.64 1.04 44.4259 
-0.64 1.12 44.4287 
-0.64 1.2 44.4297 
-0.64 1.28 44.4296 
-0.64 1.36 44.429 
-0.64 1.44 44.4285 
-0.64 1.52 44.4281 
-0.64 1.6 44.428 
-0.64 1.68 44.428 
-0.64 1.76 44.428 
-0.64 1.84 44.428 
-0.64 1.92 44.428 
-0.56 -2 6.86451e-07 
-0.56 -1.92 1.4342e-06 
-0.56 -1.84 2.99646e-06 
-0.56 -1.76 6.26048e-06 
-0.56 -1.68 1.308e-05 
-0.56 -1.6 2.73278e-05 
-0.56 -1.52 5.70955e-05 
-0.56 -1.44 0.000119288 
-0.56 -1.36 0.000249225 
-0.56 -1.28 0.000520691 
-0.56 -1.2 0.00108784 
-0.56 -1.12 0.00227267 
-0.56 -1.04 0.00474776 
-0.56 -0.96 0.00991755 
-0.56 -0.88 0.0207134 
-0.56 -0.8 0.0432474 
-0.56 -0.72 0.0902399 
-0.56 -0.64 0.188058 
-0.56 -0.56 0.390918 
-0.56 -0.48 0.808432 
-0.56 -0.4 1.65461 
-0.56 -0.32 3.31772 
-0.56 -0.24 6.39878 
-0.56 -0.16 11.5303 
-0.56 -0.08 18.7342 
-0.56 6.93889e-16 26.7564 
-0.56 0.08 33.6868 
-0.56 0.16 38.4836 
-0.56 0.24 41.3218 
-0.56 0.32 42.8514 
-0.56 0.4 43.6369 
-0.56 0.48 44.032 
-0.56 0.56 44.2298 
-0.56 0.64 44.3294 
-0.56 0.72 44.3801 
-0.56 0.8 44.4064 
-0.56 0.88 44.4203 
-0.56 0.96 44.4277 
-0.56 1.04 44.4316 
-0.56 1.12 44.4335 
-0.56 1.2 44.4342 
-0.56 1.28 44.4342 
-0.56 1.36 44.4338 
-0.56 1.44 44.4334 
-0.56 1.52 44.4332 
-0.56 1.6 44.4331 
-0.56 1.68 44.4331 
-0.56 1.76 44.4331 
-0.56 1.84 44.4331 
-0.56 1.92 44.4331 
-0.48 -2 9.92224e-07 
-0.48 -1.92 2.07305e-06 
-0.48 -1.84 4.3312e-06 
-0.48 -1.76 9.04915e-06 
-0.48 -1.68 1.89063e-05 
-0.48 -1.6 3.95007e-05 
-0.48 -1.52 8.2528e-05 
-0.48 -1.44 0.000172424 
-0.48 -1.36 0.000360238 
-0.48 -1.28 0.000752624 
-0.48 -1.2 0.00157239 
-0.48 -1.12 0.00328493 
-0.48 -1.04 0.00686227 
-0.48 -0.96 0.0143338 
-0.48 -0.88 0.0299337 
-0.48 -0.8 0.0624844 
-0.48 -0.72 0.130318 
-0.48 -0.64 0.271316 
-0.48 -0.56 0.562843 
-0.48 -0.48 1.15915 
-0.48 -0.4 2.35263 
-0.48 -0.32 4.64124 
-0.48 -0.24 8.69165 
-0.48 -0.16 14.9399 
-0.48 -0.08 22.7985 
-0.48 6.93889e-16 30.4967 
-0.48 0.08 36.402 
-0.48 0.16 40.1427 
-0.48 0.24 42.2363 
-0.48 0.32 43.33 
-0.48 0.4 43.8826 
-0.48 0.48 44.1583 
-0.48 0.56 44.2957 
-0.48 0.64 44.3648 
-0.48 0.72 44.3999 
-0.48 0.8 44.4181 
-0.48 0.88 44.4277 
-0.48 0.96 44.4328 
-0.48 1.04 44.4356 
-0.48 1.12 44.4369 
-0.48 1.2 44.4374 
-0.48 1.28 44.4373 
-0.48 1.36 44.4371 
-0.48 1.44 44.4368 
-0.48 1.52 44.4366 
-0.48 1.6 44.4366 
-0.48 1.68 44.4366 
-0.48 1.76 44.4366 
-0.48 1.84 44.4366 
-0.48 1.92 44.4366 
-0.4 -2 1.4342e-06 
-0.4 -1.92 2.99646e-06 
-0.4 -1.84 6.26049e-06 
-0.4 -1.76 1.308e-05 
-0.4 -1.68 2.73279e-05 
-0.4 -1.6 5.70958e-05 
-0.4 -1.52 0.000119289 
-0.4 -1.44 0.000249228 
-0.4 -1.36 0.000520701 
-0.4 -1.28 0.00108786 
-0.4 -1.2 0.00227275 
-0.4 -1.12 0.00474801 
-0.4 -1.04 0.00991832 
-0.4 -0.96 0.0207157 
-0.4 -0.88 0.0432544 
-0.4 -0.8 0.0902609 
-0.4 -0.72 0.188122 
-0.4 -0.64 0.391107 
-0.4 -0.56 0.808992 
-0.4 -0.48 1.65624 
-0.4 -0.4 3.32225 
-0.4 -0.32 6.41045 
-0.4 -0.24 11.5565 
-0.4 -0.16 18.7823 
-0.4 -0.08 26.8246 
-0.4 6.93889e-16 33.7619 
-0.4 0.08 38.5519 
-0.4 0.16 41.3769 
-0.4 0.24 42.893 
-0.4 0.32 43.6674 
-0.4 0.4 44.0542 
-0.4 0.48 44.2461 
-0.4 0.56 44.3414 
-0.4 0.64 44.3893 
-0.4 0.72 44.4136 
-0.4 0.8 44.4262 
-0.4 0.88 44.4329 
-0.4 0.96 44.4364 
-0.4 1.04 44.4383 
-0.4 1.12 44.4392 
-0.4 1.2 44.4395 
-0.4 1.28 44.4395 
-0.4 1.36 44.4393 
-0.4 1.44 44.4392 
-0.4 1.52 44.439 
-0.4 1.6 44.439 
-0.4 1.68 44.439 
-0.4 1.76 44.439 
-0.4 1.84 44.439 
-0.4 1.92 44.439 
-0.32 -2 2.07305e-06 
-0.32 -1.92 4.33121e-06 
-0.32 -1.84 9.04917e-06 
-0.32 -1.76 1.89063e-05 
-0.32 -1.68 3.95008e-05 
-0.32 -1.6 8.25285e-05 
-0.32 -1.52 0.000172425 
-0.32 -1.44 0.000360243 
-0.32 -1.36 0.000752638 
-0.32 -1.28 0.00157243 
-0.32 -1.2 0.00328505 
-0.32 -1.12 0.00686264 
-0.32 -1.04 0.0143349 
-0.32 -0.96 0.029937 
-0.32 -0.88 0.0624945 
-0.32 -0.8 0.130349 
-0.32 -0.72 0.271407 
-0.32 -0.64 0.563115 
-0.32 -0.56 1.15994 
-0.32 -0.48 2.3549 
-0.32 -0.4 4.64737 
-0.32 -0.32 8.70654 
-0.32 -0.24 14.9704 
-0.32 -0.16 22.8478 
-0.32 -0.08 30.5579 
-0.32 6.93889e-16 36.4627 
-0.32 0.08 40.1941 
-0.32 0.16 42.2761 
-0.32 0.24 43.3595 
-0.32 0.32 43.904 
-0.32 0.4 44.1737 
-0.32 0.48 44.307 
-0.32 0.56 44.3731 
-0.32 0.64 44.4063 
-0.32 0.72 44.4231 
-0.32 0.8 44.4318 
-0.32 0.88 44.4364 
-0.32 0.96 44.4389 
-0.32 1.04 44.4402 
-0.32 1.12 44.4408 
-0.32 1.2 44.4411 
-0.32 1.28 44.441 
-0.32 1.36 44.4409 
-0.32 1.44 44.4408 
-0.32 1.52 44.4407 
-0.32 1.6 44.4407 
-0.32 1.68 44.4407 
-0.32 1.76 44.4407 
-0.32 1.84 44.4407 
-0.32 1.92 44.4407 
-0.24 -2 2.99647e-06 
-0.24 -1.92 6.2605e-06 
-0.24 -1.84 1.308e-05 
-0.24 -1.76 2.7328e-05 
-0.24 -1.68 5.7096e-05 
-0.24 -1.6 0.00011929 
-0.24 -1.52 0.00024923 
-0.24 -1.44 0.000520707 
-0.24 -1.36 0.00108788 
-0.24 -1.28 0.00227281 
-0.24 -1.2 0.00474819 
-0.24 -1.12 0.00991885 
-0.24 -1.04 0.0207173 
-0.24 -0.96 0.0432592 
-0.24 -0.88 0.0902755 
-0.24 -0.8 0.188166 
-0.24 -0.72 0.391238 
-0.24 -0.64 0.80938 
-0.24 -0.56 1.65736 
-0.24 -0.48 3.32538 
-0.24 -0.4 6.41853 
-0.24 -0.32 11.5748 
-0.24 -0.24 18.8157 
-0.24 -0.16 26.8717 
-0.24 -0.08 33.8137 
-0.24 6.93889e-16 38.5989 
-0.24 0.08 41.4146 
-0.24 0.16 42.9214 
-0.24 0.24 43.6881 
-0.24 0.32 44.0691 
-0.24 0.4 44.2568 
-0.24 0.48 44.3493 
-0.24 0.56 44.3951 
-0.24 0.64 44.418 
-0.24 0.72 44.4297 
-0.24 0.8 44.4357 
-0.24 0.88 44.4389 
-0.24 0.96 44.4406 
-0.24 1.04 44.4415 
-0.24 1.12 44.4419 
-0.24 1.2 44.4421 
-0.24 1.28 44.4421 
-0.24 1.36 44.442 
-0.24 1.44 44.4419 
-0.24 1.52 44.4419 
-0.24 1.6 44.4418 
-0.24 1.68 44.4418 
-0.24 1.76 44.4418 
-0.24 1.84 44.4418 
-0.24 1.92 44.4418 
-0.16 -2 4.33121e-06 
-0.16 -1.92 9.04918e-06 
-0.16 -1.84 1.89064e-05 
-0.16 -1.76 3.95009e-05 
-0.16 -1.68 8.25288e-05 
-0.16 -1.6 0.000172426 
-0.16 -1.52 0.000360246 
-0.16 -1.44 0.000752647 
-0.16 -1.36 0.00157245 
-0.16 -1.28 0.00328514 
-0.16 -1.2 0.00686289 
-0.16 -1.12 0.0143357 
-0.16 -1.04 0.0299394 
-0.16 -0.96 0.0625015 
-0.16 -0.88 0.13037 
-0.16 -0.8 0.27147 
-0.16 -0.72 0.563302 
-0.16 -0.64 1.1605 
-0.16 -0.56 2.35648 
-0.16 -0.48 4.65161 
-0.16 -0.4 8.71685 
-0.16 -0.32 14.9915 
-0.16 -0.24 22.8819 
-0.16 -0.16 30.6003 
-0.16 -0.08 36.5045 
-0.16 6.93889e-16 40.2295 
-0.16 0.08 42.3034 
-0.16 0.16 43.3795 
-0.16 0.24 43.9184 
-0.16 0.32 44.1841 
-0.16 0.4 44.3145 
-0.16 0.48 44.3786 
-0.16 0.56 44.4103 
-0.16 0.64 44.4262 
-0.16 0.72 44.4342 
-0.16 0.8 44.4384 
-0.16 0.88 44.4406 
-0.16 0.96 44.4418 
-0.16 1.04 44.4424 
-0.16 1.12 44.4433 
-0.16 1.2 44.4435 
-0.16 1.28 44.4435 
-0.16 1.36 44.4436 
-0.16 1.44 44.4436 
-0.16 1.52 44.4436 
-0.16 1.6 44.4436 
-0.16 1.68 44.4436 
-0.16 1.76 44.4436 
-0.16 1.84 44.4436 
-0.16 1.92 44.4436 
-0.08 -2 6.26051e-06 
-0.08 -1.92 1.308e-05 
-0.08 -1.84 2.7328e-05 
-0.08 -1.76 5.70962e-05 
-0.08 -1.68 0.00011929 
-0.08 -1.6 0.000249231 
-0.08 -1.52 0.000520711 
-0.08 -1.44 0.0010879 
-0.08 -1.36 0.00227285 
-0.08 -1.28 0.00474831 
-0.08 -1.2 0.00991922 
-0.08 -1.12 0.0207184 
-0.08 -1.04 0.0432625 
-0.08 -0.96 0.0902856 
-0.08 -0.88 0.188196 
-0.08 -0.8 0.391329 
-0.08 -0.72 0.809649 
-0.08 -0.64 1.65814 
-0.08 -0.56 3.32755 
-0.08 -0.48 6.42413 
-0.08 -0.4 11.5874 
-0.08 -0.32 18.8388 
-0.08 -0.24 26.9044 
-0.08 -0.16 33.8496 
-0.08 -0.08 38.6313 
-0.08 6.93889e-16 41.4406 
-0.08 0.08 42.9409 
-0.08 0.16 43.7022 
-0.08 0.24 44.0792 
-0.08 0.32 44.264 
-0.08 0.4 44.3544 
-0.08 0.48 44.3988 
-0.08 0.56 44.4208 
-0.08 0.64 44.4318 
-0.08 0.72 44.4374 
-0.08 0.8 44.4403 
-0.08 0.88 44.4418 
-0.08 0.96 44.4426 
-0.08 1.04 44.4435 
-0.08 1.12 44.4437 
-0.08 1.2 44.4438 
-0.08 1.28 44.4438 
-0.08 1.36 44.4438 
-0.08 1.44 44.4438 
-0.08 1.52 44.4438 
-0.08 1.6 44.4438 
-0.08 1.68 44.4438 
-0.08 1.76 44.4438 
-0.08 1.84 44.4438 
-0.08 1.92 44.4438 
