-4 -2 2.48096e-12 
-4 -1.92 5.18343e-12 
-4 -1.84 1.08297e-11 
-4 -1.76 2.26262e-11 
-4 -1.68 4.72723e-11 
-4 -1.6 9.87641e-11 
-4 -1.52 2.06343e-10 
-4 -1.44 4.31096e-10 
-4 -1.36 9.00641e-10 
-4 -1.28 1.88157e-09 
-4 -1.2 3.93074e-09 
-4 -1.12 8.21124e-09 
-4 -1.04 1.7152e-08 
-4 -0.96 3.58241e-08 
-4 -0.88 7.4813e-08 
-4 -0.8 1.56203e-07 
-4 -0.72 3.26042e-07 
-4 -0.64 6.80257e-07 
-4 -0.56 1.41842e-06 
-4 -0.48 2.95497e-06 
-4 -0.4 6.14816e-06 
-4 -0.32 1.27684e-05 
-4 -0.24 2.6447e-05 
-4 -0.16 5.45709e-05 
-4 -0.08 0.00011199 
-4 6.93889e-16 0.000228043 
-4 0.08 0.00045927 
-4 0.16 0.000910719 
-4 0.24 0.0017674 
-4 0.32 0.00333008 
-4 0.4 0.00603056 
-4 0.48 0.0103698 
-4 0.56 0.0167038 
-4 0.64 0.0248716 
-4 0.72 0.0338828 
-4 0.8 0.0421087 
-4 0.88 0.0481602 
-4 0.96 0.0517414 
-4 1.04 0.0534492 
-4 1.12 0.0538159 
-4 1.2 0.0530134 
-4 1.28 0.0514017 
-4 1.36 0.0497124 
-4 1.44 0.0485339 
-4 1.52 0.0479548 
-4 1.6 0.0477543 
-4 1.68 0.0477084 
-4 1.76 0.0477023 
-4 1.84 0.0477019 
-4 1.92 0.0477019 
-4 2 0.0477019 
-4 2.08 0.0477019 
-3.92 -2 3.58607e-12 
-3.92 -1.92 7.49234e-12 
-3.92 -1.84 1.56536e-11 
-3.92 -1.76 3.27048e-11 
-3.92 -1.68 6.83292e-11 
-3.92 -1.6 1.42758e-10 
-3.92 -1.52 2.98256e-10 
-3.92 -1.44 6.23123e-10 
-3.92 -1.36 1.30182e-09 
-3.92 -1.28 2.7197e-09 
-3.92 -1.2 5.68165e-09 
-3.92 -1.12 1.18689e-08 
-3.92 -1.04 2.47921e-08 
-3.92 -0.96 5.17816e-08 
-3.92 -0.88 1.08138e-07 
-3.92 -0.8 2.25782e-07 
-3.92 -0.72 4.71274e-07 
-3.92 -0.64 9.83271e-07 
-3.92 -0.56 2.05025e-06 
-3.92 -0.48 4.27123e-06 
-3.92 -0.4 8.88679e-06 
-3.92 -0.32 1.84559e-05 
-3.92 -0.24 3.82275e-05 
-3.92 -0.16 7.88789e-05 
-3.92 -0.08 0.000161874 
-3.92 6.93889e-16 0.000329623 
-3.92 0.08 0.000663846 
-3.92 0.16 0.00131638 
-3.92 0.24 0.00255465 
-3.92 0.32 0.00481335 
-3.92 0.4 0.00871658 
-3.92 0.48 0.0149882 
-3.92 0.56 0.0241425 
-3.92 0.64 0.0359464 
-3.92 0.72 0.0489681 
-3.92 0.8 0.0608542 
-3.92 0.88 0.0695977 
-3.92 0.96 0.0747718 
-3.92 1.04 0.0772392 
-3.92 1.12 0.077769 
-3.92 1.2 0.0766096 
-3.92 1.28 0.074281 
-3.92 1.36 0.0718404 
-3.92 1.44 0.0701376 
-3.92 1.52 0.0693009 
-3.92 1.6 0.0690113 
-3.92 1.68 0.068945 
-3.92 1.76 0.0689362 
-3.92 1.84 0.0689356 
-3.92 1.92 0.0689356 
-3.92 2 0.0689356 
-3.92 2.08 0.0689356 
-3.84 -2 5.18345e-12 
-3.84 -1.92 1.08297e-11 
-3.84 -1.84 2.26264e-11 
-3.84 -1.76 4.72728e-11 
-3.84 -1.68 9.87658e-11 
-3.84 -1.6 2.06348e-10 
-3.84 -1.52 4.31111e-10 
-3.84 -1.44 9.00687e-10 
-3.84 -1.36 1.88171e-09 
-3.84 -1.28 3.93116e-09 
-3.84 -1.2 8.21249e-09 
-3.84 -1.12 1.71557e-08 
-3.84 -1.04 3.58355e-08 
-3.84 -0.96 7.48473e-08 
-3.84 -0.88 1.56306e-07 
-3.84 -0.8 3.26354e-07 
-3.84 -0.72 6.81198e-07 
-3.84 -0.64 1.42126e-06 
-3.84 -0.56 2.96351e-06 
-3.84 -0.48 6.17381e-06 
-3.84 -0.4 1.28453e-05 
-3.84 -0.32 2.6677e-05 
-3.84 -0.24 5.52555e-05 
-3.84 -0.16 0.000114015 
-3.84 -0.08 0.000233979 
-3.84 6.93889e-16 0.000476449 
-3.84 0.08 0.000959547 
-3.84 0.16 0.00190274 
-3.84 0.24 0.00369254 
-3.84 0.32 0.00695727 
-3.84 0.4 0.0125988 
-3.84 0.48 0.0216631 
-3.84 0.56 0.0348928 
-3.84 0.64 0.0519501 
-3.84 0.72 0.070765 
-3.84 0.8 0.0879372 
-3.84 0.88 0.100568 
-3.84 0.96 0.108042 
-3.84 1.04 0.111606 
-3.84 1.12 0.112371 
-3.84 1.2 0.110697 
-3.84 1.28 0.107333 
-3.84 1.36 0.103808 
-3.84 1.44 0.101348 
-3.84 1.52 0.100139 
-3.84 1.6 0.0997211 
-3.84 1.68 0.0996252 
-3.84 1.76 0.0996125 
-3.84 1.84 0.0996117 
-3.84 1.92 0.0996117 
-3.84 2 0.0996117 
-3.84 2.08 0.0996117 
-3.76 -2 7.49237e-12 
-3.76 -1.92 1.56537e-11 
-3.76 -1.84 3.27051e-11 
-3.76 -1.76 6.833e-11 
-3.76 -1.68 1.4276e-10 
-3.76 -1.6 2.98263e-10 
-3.76 -1.52 6.23145e-10 
-3.76 -1.44 1.30189e-09 
-3.76 -1.36 2.71989e-09 
-3.76 -1.28 5.68225e-09 
-3.76 -1.2 1.18707e-08 
-3.76 -1.12 2.47976e-08 
-3.76 -1.04 5.17981e-08 
-3.76 -0.96 1.08187e-07 
-3.76 -0.88 2.25932e-07 
-3.76 -0.8 4.71725e-07 
-3.76 -0.72 9.84631e-07 
-3.76 -0.64 2.05434e-06 
-3.76 -0.56 4.28357e-06 
-3.76 -0.48 8.92387e-06 
-3.76 -0.4 1.85671e-05 
-3.76 -0.32 3.85599e-05 
-3.76 -0.24 7.98685e-05 
-3.76 -0.16 0.000164801 
-3.76 -0.08 0.000338203 
-3.76 6.93889e-16 0.000688677 
-3.76 0.08 0.00138696 
-3.76 0.16 0.00275028 
-3.76 0.24 0.00533726 
-3.76 0.32 0.010056 
-3.76 0.4 0.0182098 
-3.76 0.48 0.0313097 
-3.76 0.56 0.0504277 
-3.76 0.64 0.0750733 
-3.76 0.72 0.102254 
-3.76 0.8 0.127058 
-3.76 0.88 0.1453 
-3.76 0.96 0.156093 
-3.76 1.04 0.16124 
-3.76 1.12 0.162345 
-3.76 1.2 0.159927 
-3.76 1.28 0.15507 
-3.76 1.36 0.149979 
-3.76 1.44 0.146426 
-3.76 1.52 0.144681 
-3.76 1.6 0.144077 
-3.76 1.68 0.143938 
-3.76 1.76 0.14392 
-3.76 1.84 0.143919 
-3.76 1.92 0.143919 
-3.76 2 0.143919 
-3.76 2.08 0.143919 
-3.68 -2 1.08298e-11 
-3.68 -1.92 2.26265e-11 
-3.68 -1.84 4.72732e-11 
-3.68 -1.76 9.87669e-11 
-3.68 -1.68 2.06351e-10 
-3.68 -1.6 4.31121e-10 
-3.68 -1.52 9.00718e-10 
-3.68 -1.44 1.8818e-09 
-3.68 -1.36 3.93144e-09 
-3.68 -1.28 8.21335e-09 
-3.68 -1.2 1.71583e-08 
-3.68 -1.12 3.58434e-08 
-3.68 -1.04 7.4871e-08 
-3.68 -0.96 1.56378e-07 
-3.68 -0.88 3.2657e-07 
-3.68 -0.8 6.81851e-07 
-3.68 -0.72 1.42323e-06 
-3.68 -0.64 2.96943e-06 
-3.68 -0.56 6.19164e-06 
-3.68 -0.48 1.28989e-05 
-3.68 -0.4 2.68377e-05 
-3.68 -0.32 5.5736e-05 
-3.68 -0.24 0.000115445 
-3.68 -0.16 0.00023821 
-3.68 -0.08 0.000488851 
-3.68 6.93889e-16 0.000995437 
-3.68 0.08 0.00200476 
-3.68 0.16 0.00397531 
-3.68 0.24 0.00771451 
-3.68 0.32 0.0145347 
-3.68 0.4 0.026319 
-3.68 0.48 0.0452499 
-3.68 0.56 0.0728738 
-3.68 0.64 0.108478 
-3.68 0.72 0.147735 
-3.68 0.8 0.183551 
-3.68 0.88 0.209887 
-3.68 0.96 0.225467 
-3.68 1.04 0.232895 
-3.68 1.12 0.23449 
-3.68 1.2 0.231 
-3.68 1.28 0.223989 
-3.68 1.36 0.21664 
-3.68 1.44 0.211513 
-3.68 1.52 0.208993 
-3.68 1.6 0.208121 
-3.68 1.68 0.207921 
-3.68 1.76 0.207894 
-3.68 1.84 0.207893 
-3.68 1.92 0.207893 
-3.68 2 0.207893 
-3.68 2.08 0.207893 
-3.6 -2 1.56538e-11 
-3.6 -1.92 3.27052e-11 
-3.6 -1.84 6.83306e-11 
-3.6 -1.76 1.42762e-10 
-3.6 -1.68 2.98268e-10 
-3.6 -1.6 6.2316e-10 
-3.6 -1.52 1.30193e-09 
-3.6 -1.44 2.72003e-09 
-3.6 -1.36 5.68266e-09 
-3.6 -1.28 1.18719e-08 
-3.6 -1.2 2.48013e-08 
-3.6 -1.12 5.18094e-08 
-3.6 -1.04 1.08222e-07 
-3.6 -0.96 2.26035e-07 
-3.6 -0.88 4.72038e-07 
-3.6 -0.8 9.85574e-07 
-3.6 -0.72 2.05719e-06 
-3.6 -0.64 4.29213e-06 
-3.6 -0.56 8.94964e-06 
-3.6 -0.48 1.86446e-05 
-3.6 -0.4 3.87922e-05 
-3.6 -0.32 8.05631e-05 
-3.6 -0.24 0.000166869 
-3.6 -0.16 0.000344318 
-3.6 -0.08 0.000706603 
-3.6 6.93889e-16 0.00143884 
-3.6 0.08 0.00289773 
-3.6 0.16 0.00574597 
-3.6 0.24 0.0111505 
-3.6 0.32 0.0210077 
-3.6 0.4 0.0380381 
-3.6 0.48 0.0653929 
-3.6 0.56 0.1053 
-3.6 0.64 0.156722 
-3.6 0.72 0.213402 
-3.6 0.8 0.265095 
-3.6 0.88 0.303095 
-3.6 0.96 0.325572 
-3.6 1.04 0.336287 
-3.6 1.12 0.338588 
-3.6 1.2 0.333553 
-3.6 1.28 0.32344 
-3.6 1.36 0.312839 
-3.6 1.44 0.305441 
-3.6 1.52 0.301806 
-3.6 1.6 0.300547 
-3.6 1.68 0.300259 
-3.6 1.76 0.300221 
-3.6 1.84 0.300218 
-3.6 1.92 0.300218 
-3.6 2 0.300218 
-3.6 2.08 0.300218 
-3.52 -2 2.26266e-11 
-3.52 -1.92 4.72735e-11 
-3.52 -1.84 9.87677e-11 
-3.52 -1.76 2.06353e-10 
-3.52 -1.68 4.31128e-10 
-3.52 -1.6 9.0074e-10 
-3.52 -1.52 1.88187e-09 
-3.52 -1.44 3.93164e-09 
-3.52 -1.36 8.21395e-09 
-3.52 -1.28 1.71601e-08 
-3.52 -1.2 3.58488e-08 
-3.52 -1.12 7.48874e-08 
-3.52 -1.04 1.56428e-07 
-3.52 -0.96 3.2672e-07 
-3.52 -0.88 6.82302e-07 
-3.52 -0.8 1.42459e-06 
-3.52 -0.72 2.97354e-06 
-3.52 -0.64 6.20402e-06 
-3.52 -0.56 1.29362e-05 
-3.52 -0.48 2.69497e-05 
-3.52 -0.4 5.60718e-05 
-3.52 -0.32 0.000116449 
-3.52 -0.24 0.000241199 
-3.52 -0.16 0.00049769 
-3.52 -0.08 0.00102135 
-3.52 6.93889e-16 0.00207974 
-3.52 0.08 0.00418844 
-3.52 0.16 0.00830524 
-3.52 0.24 0.0161165 
-3.52 0.32 0.0303625 
-3.52 0.4 0.0549724 
-3.52 0.48 0.094494 
-3.52 0.56 0.152134 
-3.52 0.64 0.226375 
-3.52 0.72 0.308167 
-3.52 0.8 0.382727 
-3.52 0.88 0.437515 
-3.52 0.96 0.469913 
-3.52 1.04 0.485356 
-3.52 1.12 0.488671 
-3.52 1.2 0.481416 
-3.52 1.28 0.46684 
-3.52 1.36 0.45156 
-3.52 1.44 0.440897 
-3.52 1.52 0.435656 
-3.52 1.6 0.433842 
-3.52 1.68 0.433427 
-3.52 1.76 0.433372 
-3.52 1.84 0.433368 
-3.52 1.92 0.433368 
-3.52 2 0.433368 
-3.52 2.08 0.433368 
-3.44 -2 3.27054e-11 
-3.44 -1.92 6.83309e-11 
-3.44 -1.84 1.42763e-10 
-3.44 -1.76 2.98271e-10 
-3.44 -1.68 6.2317e-10 
-3.44 -1.6 1.30196e-09 
-3.44 -1.52 2.72012e-09 
-3.44 -1.44 5.68295e-09 
-3.44 -1.36 1.18728e-08 
-3.44 -1.28 2.48039e-08 
-3.44 -1.2 5.18173e-08 
-3.44 -1.12 1.08245e-07 
-3.44 -1.04 2.26107e-07 
-3.44 -0.96 4.72254e-07 
-3.44 -0.88 9.86227e-07 
-3.44 -0.8 2.05916e-06 
-3.44 -0.72 4.29807e-06 
-3.44 -0.64 8.96754e-06 
-3.44 -0.56 1.86985e-05 
-3.44 -0.48 3.89541e-05 
-3.44 -0.4 8.10484e-05 
-3.44 -0.32 0.00016832 
-3.44 -0.24 0.000348638 
-3.44 -0.16 0.000719379 
-3.44 -0.08 0.00147629 
-3.44 6.93889e-16 0.00300611 
-3.44 0.08 0.00605402 
-3.44 0.16 0.0120043 
-3.44 0.24 0.0232938 
-3.44 0.32 0.0438812 
-3.44 0.4 0.0794399 
-3.44 0.48 0.136528 
-3.44 0.56 0.219752 
-3.44 0.64 0.326881 
-3.44 0.72 0.444826 
-3.44 0.8 0.552268 
-3.44 0.88 0.631172 
-3.44 0.96 0.677811 
-3.44 1.04 0.700039 
-3.44 1.12 0.704811 
-3.44 1.2 0.694369 
-3.44 1.28 0.673389 
-3.44 1.36 0.651393 
-3.44 1.44 0.63604 
-3.44 1.52 0.628495 
-3.44 1.6 0.625884 
-3.44 1.68 0.625285 
-3.44 1.76 0.625206 
-3.44 1.84 0.625201 
-3.44 1.92 0.6252 
-3.44 2 0.6252 
-3.44 2.08 0.6252 
-3.36 -2 4.72736e-11 
-3.36 -1.92 9.87683e-11 
-3.36 -1.84 2.06355e-10 
-3.36 -1.76 4.31133e-10 
-3.36 -1.68 9.00755e-10 
-3.36 -1.6 1.88191e-09 
-3.36 -1.52 3.93178e-09 
-3.36 -1.44 8.21436e-09 
-3.36 -1.36 1.71614e-08 
-3.36 -1.28 3.58526e-08 
-3.36 -1.2 7.48988e-08 
-3.36 -1.12 1.56462e-07 
-3.36 -1.04 3.26824e-07 
-3.36 -0.96 6.82615e-07 
-3.36 -0.88 1.42553e-06 
-3.36 -0.8 2.97639e-06 
-3.36 -0.72 6.2126e-06 
-3.36 -0.64 1.2962e-05 
-3.36 -0.56 2.70275e-05 
-3.36 -0.48 5.63058e-05 
-3.36 -0.4 0.000117151 
-3.36 -0.32 0.000243296 
-3.36 -0.24 0.000503934 
-3.36 -0.16 0.00103982 
-3.36 -0.08 0.00213388 
-3.36 6.93889e-16 0.0043451 
-3.36 0.08 0.00875049 
-3.36 0.16 0.0173505 
-3.36 0.24 0.0336663 
-3.36 0.32 0.0634152 
-3.36 0.4 0.114785 
-3.36 0.48 0.197223 
-3.36 0.56 0.317327 
-3.36 0.64 0.4718 
-3.36 0.72 0.641697 
-3.36 0.8 0.796311 
-3.36 0.88 0.909763 
-3.36 0.96 0.976787 
-3.36 1.04 1.00872 
-3.36 1.12 1.01557 
-3.36 1.2 1.00057 
-3.36 1.28 0.970433 
-3.36 1.36 0.938825 
-3.36 1.44 0.916761 
-3.36 1.52 0.905916 
-3.36 1.6 0.902162 
-3.36 1.68 0.901302 
-3.36 1.76 0.901187 
-3.36 1.84 0.90118 
-3.36 1.92 0.90118 
-3.36 2 0.90118 
-3.36 2.08 0.90118 
-3.28 -2 6.83312e-11 
-3.28 -1.92 1.42764e-10 
-3.28 -1.84 2.98274e-10 
-3.28 -1.76 6.23177e-10 
-3.28 -1.68 1.30199e-09 
-3.28 -1.6 2.72019e-09 
-3.28 -1.52 5.68315e-09 
-3.28 -1.44 1.18734e-08 
-3.28 -1.36 2.48057e-08 
-3.28 -1.28 5.18227e-08 
-3.28 -1.2 1.08262e-07 
-3.28 -1.12 2.26156e-07 
-3.28 -1.04 4.72404e-07 
-3.28 -0.96 9.86679e-07 
-3.28 -0.88 2.06052e-06 
-3.28 -0.8 4.30219e-06 
-3.28 -0.72 8.97994e-06 
-3.28 -0.64 1.87358e-05 
-3.28 -0.56 3.90666e-05 
-3.28 -0.48 8.13866e-05 
-3.28 -0.4 0.000169334 
-3.28 -0.32 0.00035167 
-3.28 -0.24 0.000728404 
-3.28 -0.16 0.00150298 
-3.28 -0.08 0.00308436 
-3.28 6.93889e-16 0.00628045 
-3.28 0.08 0.0126478 
-3.28 0.16 0.0250772 
-3.28 0.24 0.0486553 
-3.28 0.32 0.0916369 
-3.28 0.4 0.16583 
-3.28 0.48 0.284824 
-3.28 0.56 0.45803 
-3.28 0.64 0.680528 
-3.28 0.72 0.924891 
-3.28 0.8 1.14695 
-3.28 0.88 1.3097 
-3.28 0.96 1.40577 
-3.28 1.04 1.45152 
-3.28 1.12 1.46134 
-3.28 1.2 1.43985 
-3.28 1.28 1.39667 
-3.28 1.36 1.35136 
-3.28 1.44 1.31973 
-3.28 1.52 1.30418 
-3.28 1.6 1.2988 
-3.28 1.68 1.29757 
-3.28 1.76 1.2974 
-3.28 1.84 1.29739 
-3.28 1.92 1.29739 
-3.28 2 1.29739 
-3.28 2.08 1.29739 
-3.2 -2 9.87686e-11 
-3.2 -1.92 2.06356e-10 
-3.2 -1.84 4.31137e-10 
-3.2 -1.76 9.00765e-10 
-3.2 -1.68 1.88194e-09 
-3.2 -1.6 3.93187e-09 
-3.2 -1.52 8.21465e-09 
-3.2 -1.44 1.71622e-08 
-3.2 -1.36 3.58552e-08 
-3.2 -1.28 7.49066e-08 
-3.2 -1.2 1.56486e-07 
-3.2 -1.12 3.26895e-07 
-3.2 -1.04 6.82832e-07 
-3.2 -0.96 1.42618e-06 
-3.2 -0.88 2.97836e-06 
-3.2 -0.8 6.21855e-06 
-3.2 -0.72 1.298e-05 
-3.2 -0.64 2.70815e-05 
-3.2 -0.56 5.64684e-05 
-3.2 -0.48 0.000117639 
-3.2 -0.4 0.000244762 
-3.2 -0.32 0.000508316 
-3.2 -0.24 0.00105286 
-3.2 -0.16 0.00217246 
-3.2 -0.08 0.00445819 
-3.2 6.93889e-16 0.00907776 
-3.2 0.08 0.0182806 
-3.2 0.16 0.0362436 
-3.2 0.24 0.0703131 
-3.2 0.32 0.132402 
-3.2 0.4 0.23952 
-3.2 0.48 0.411174 
-3.2 0.56 0.660707 
-3.2 0.64 0.98069 
-3.2 0.72 1.33139 
-3.2 0.8 1.64942 
-3.2 0.88 1.88211 
-3.2 0.96 2.01931 
-3.2 1.04 2.08461 
-3.2 1.12 2.09862 
-3.2 1.2 2.06796 
-3.2 1.28 2.00631 
-3.2 1.36 1.94163 
-3.2 1.44 1.89645 
-3.2 1.52 1.87423 
-3.2 1.6 1.86654 
-3.2 1.68 1.86478 
-3.2 1.76 1.86454 
-3.2 1.84 1.86453 
-3.2 1.92 1.86453 
-3.2 2 1.86453 
-3.2 2.08 1.86453 
-3.12 -2 1.42764e-10 
-3.12 -1.92 2.98275e-10 
-3.12 -1.84 6.23182e-10 
-3.12 -1.76 1.302e-09 
-3.12 -1.68 2.72024e-09 
-3.12 -1.6 5.68328e-09 
-3.12 -1.52 1.18738e-08 
-3.12 -1.44 2.4807e-08 
-3.12 -1.36 5.18265e-08 
-3.12 -1.28 1.08273e-07 
-3.12 -1.2 2.26191e-07 
-3.12 -1.12 4.72508e-07 
-3.12 -1.04 9.86992e-07 
-3.12 -0.96 2.06146e-06 
-3.12 -0.88 4.30504e-06 
-3.12 -0.8 8.98854e-06 
-3.12 -0.72 1.87618e-05 
-3.12 -0.64 3.91447e-05 
-3.12 -0.56 8.16217e-05 
-3.12 -0.48 0.000170041 
-3.12 -0.4 0.000353788 
-3.12 -0.32 0.000734739 
-3.12 -0.24 0.00152184 
-3.12 -0.16 0.00314013 
-3.12 -0.08 0.00644392 
-3.12 6.93889e-16 0.0131208 
-3.12 0.08 0.0264214 
-3.12 0.16 0.0523794 
-3.12 0.24 0.101602 
-3.12 0.32 0.191266 
-3.12 0.4 0.345843 
-3.12 0.48 0.59324 
-3.12 0.56 0.95221 
-3.12 0.64 1.41136 
-3.12 0.72 1.9131 
-3.12 0.8 2.36675 
-3.12 0.88 2.69786 
-3.12 0.96 2.89277 
-3.12 1.04 2.98545 
-3.12 1.12 3.00533 
-3.12 1.2 2.96182 
-3.12 1.28 2.87432 
-3.12 1.36 2.78244 
-3.12 1.44 2.71824 
-3.12 1.52 2.68666 
-3.12 1.6 2.67572 
-3.12 1.68 2.67322 
-3.12 1.76 2.67289 
-3.12 1.84 2.67287 
-3.12 1.92 2.67286 
-3.12 2 2.67286 
-3.12 2.08 2.67286 
-3.04 -2 2.06357e-10 
-3.04 -1.92 4.31139e-10 
-3.04 -1.84 9.00772e-10 
-3.04 -1.76 1.88196e-09 
-3.04 -1.68 3.93194e-09 
-3.04 -1.6 8.21484e-09 
-3.04 -1.52 1.71628e-08 
-3.04 -1.44 3.5857e-08 
-3.04 -1.36 7.49121e-08 
-3.04 -1.28 1.56502e-07 
-3.04 -1.2 3.26945e-07 
-3.04 -1.12 6.82981e-07 
-3.04 -1.04 1.42664e-06 
-3.04 -0.96 2.97972e-06 
-3.04 -0.88 6.22267e-06 
-3.04 -0.8 1.29924e-05 
-3.04 -0.72 2.7119e-05 
-3.04 -0.64 5.65813e-05 
-3.04 -0.56 0.000117979 
-3.04 -0.48 0.000245783 
-3.04 -0.4 0.000511379 
-3.04 -0.32 0.00106202 
-3.04 -0.24 0.00219971 
-3.04 -0.16 0.0045388 
-3.04 -0.08 0.00931403 
-3.04 6.93889e-16 0.0189643 
-3.04 0.08 0.038186 
-3.04 0.16 0.0756937 
-3.04 0.24 0.146792 
-3.04 0.32 0.276228 
-3.04 0.4 0.499127 
-3.04 0.48 0.855233 
-3.04 0.56 1.37055 
-3.04 0.64 2.02729 
-3.04 0.72 2.7419 
-3.04 0.8 3.38531 
-3.04 0.88 3.85329 
-3.04 0.96 4.12813 
-3.04 1.04 4.25866 
-3.04 1.12 4.28664 
-3.04 1.2 4.22539 
-3.04 1.28 4.10213 
-3.04 1.36 3.97261 
-3.04 1.44 3.88204 
-3.04 1.52 3.83748 
-3.04 1.6 3.82205 
-3.04 1.68 3.81851 
-3.04 1.76 3.81804 
-3.04 1.84 3.81801 
-3.04 1.92 3.81801 
-3.04 2 3.81801 
-3.04 2.08 3.81801 
-2.96 -2 2.98276e-10 
-2.96 -1.92 6.23186e-10 
-2.96 -1.84 1.30201e-09 
-2.96 -1.76 2.72027e-09 
-2.96 -1.68 5.68338e-09 
-2.96 -1.6 1.18741e-08 
-2.96 -1.52 2.48078e-08 
-2.96 -1.44 5.18291e-08 
-2.96 -1.36 1.08281e-07 
-2.96 -1.28 2.26214e-07 
-2.96 -1.2 4.72579e-07 
-2.96 -1.12 9.87208e-07 
-2.96 -1.04 2.06212e-06 
-2.96 -0.96 4.30701e-06 
-2.96 -0.88 8.9945e-06 
-2.96 -0.8 1.87797e-05 
-2.96 -0.72 3.91989e-05 
-2.96 -0.64 8.17848e-05 
-2.96 -0.56 0.000170532 
-2.96 -0.48 0.000355264 
-2.96 -0.4 0.000739166 
-2.96 -0.32 0.00153508 
-2.96 -0.24 0.00317952 
-2.96 -0.16 0.00656044 
-2.96 -0.08 0.0134623 
-2.96 6.93889e-16 0.0274094 
-2.96 0.08 0.0551862 
-2.96 0.16 0.109374 
-2.96 0.24 0.212041 
-2.96 0.32 0.39878 
-2.96 0.4 0.719857 
-2.96 0.48 1.2315 
-2.96 0.56 1.96902 
-2.96 0.64 2.90411 
-2.96 0.72 3.91543 
-2.96 0.8 4.82057 
-2.96 0.88 5.47571 
-2.96 0.96 5.85923 
-2.96 1.04 6.04103 
-2.96 1.12 6.07999 
-2.96 1.2 5.99472 
-2.96 1.28 5.82298 
-2.96 1.36 5.64233 
-2.96 1.44 5.51588 
-2.96 1.52 5.45362 
-2.96 1.6 5.43206 
-2.96 1.68 5.42711 
-2.96 1.76 5.42646 
-2.96 1.84 5.42641 
-2.96 1.92 5.42641 
-2.96 2 5.42641 
-2.96 2.08 5.42641 
-2.88 -2 4.31141e-10 
-2.88 -1.92 9.00777e-10 
-2.88 -1.84 1.88198e-09 
-2.88 -1.76 3.93198e-09 
-2.88 -1.68 8.21498e-09 
-2.88 -1.6 1.71632e-08 
-2.88 -1.52 3.58582e-08 
-2.88 -1.44 7.49159e-08 
-2.88 -1.36 1.56514e-07 
-2.88 -1.28 3.26979e-07 
-2.88 -1.2 6.83085e-07 
-2.88 -1.12 1.42695e-06 
-2.88 -1.04 2.98067e-06 
-2.88 -0.96 6.22552e-06 
-2.88 -0.88 1.3001e-05 
-2.88 -0.8 2.7145e-05 
-2.88 -0.72 5.66596e-05 
-2.88 -0.64 0.000118215 
-2.88 -0.56 0.000246493 
-2.88 -0.48 0.000513512 
-2.88 -0.4 0.00106842 
-2.88 -0.32 0.00221884 
-2.88 -0.24 0.00459574 
-2.88 -0.16 0.00948244 
-2.88 -0.08 0.0194578 
-2.88 6.93889e-16 0.0396138 
-2.88 0.08 0.0797487 
-2.88 0.16 0.158016 
-2.88 0.24 0.306203 
-2.88 0.32 0.57539 
-2.88 0.4 1.03718 
-2.88 0.48 1.77034 
-2.88 0.56 2.82136 
-2.88 0.64 4.1441 
-2.88 0.72 5.5625 
-2.88 0.8 6.82136 
-2.88 0.88 7.72636 
-2.88 0.96 8.25374 
-2.88 1.04 8.50314 
-2.88 1.12 8.55652 
-2.88 1.2 8.43964 
-2.88 1.28 8.20398 
-2.88 1.36 7.95569 
-2.88 1.44 7.78167 
-2.88 1.52 7.69593 
-2.88 1.6 7.66621 
-2.88 1.68 7.6594 
-2.88 1.76 7.6585 
-2.88 1.84 7.65844 
-2.88 1.92 7.65844 
-2.88 2 7.65844 
-2.88 2.08 7.65844 
-2.8 -2 6.23188e-10 
-2.8 -1.92 1.30202e-09 
-2.8 -1.84 2.72029e-09 
-2.8 -1.76 5.68344e-09 
-2.8 -1.68 1.18743e-08 
-2.8 -1.6 2.48084e-08 
-2.8 -1.52 5.18309e-08 
-2.8 -1.44 1.08286e-07 
-2.8 -1.36 2.26231e-07 
-2.8 -1.28 4.72629e-07 
-2.8 -1.2 9.87358e-07 
-2.8 -1.12 2.06257e-06 
-2.8 -1.04 4.30838e-06 
-2.8 -0.96 8.99862e-06 
-2.8 -0.88 1.87922e-05 
-2.8 -0.8 3.92364e-05 
-2.8 -0.72 8.1898e-05 
-2.8 -0.64 0.000170873 
-2.8 -0.56 0.000356291 
-2.8 -0.48 0.00074225 
-2.8 -0.4 0.00154432 
-2.8 -0.32 0.00320717 
-2.8 -0.24 0.00664273 
-2.8 -0.16 0.0137057 
-2.8 -0.08 0.0281226 
-2.8 6.93889e-16 0.0572492 
-2.8 0.08 0.115231 
-2.8 0.16 0.228242 
-2.8 0.24 0.441996 
-2.8 0.32 0.829566 
-2.8 0.4 1.49229 
-2.8 0.48 2.5389 
-2.8 0.56 4.02749 
-2.8 0.64 5.88148 
-2.8 0.72 7.84586 
-2.8 0.8 9.56911 
-2.8 0.88 10.7964 
-2.8 0.96 11.5072 
-2.8 1.04 11.8422 
-2.8 1.12 11.9138 
-2.8 1.2 11.757 
-2.8 1.28 11.4403 
-2.8 1.36 11.1059 
-2.8 1.44 10.8711 
-2.8 1.52 10.7553 
-2.8 1.6 10.7151 
-2.8 1.68 10.7059 
-2.8 1.76 10.7047 
-2.8 1.84 10.7046 
-2.8 1.92 10.7046 
-2.8 2 10.7046 
-2.8 2.08 10.7046 
-2.72 -2 9.00781e-10 
-2.72 -1.92 1.88199e-09 
-2.72 -1.84 3.93201e-09 
-2.72 -1.76 8.21507e-09 
-2.72 -1.68 1.71635e-08 
-2.72 -1.6 3.58591e-08 
-2.72 -1.52 7.49185e-08 
-2.72 -1.44 1.56521e-07 
-2.72 -1.36 3.27003e-07 
-2.72 -1.28 6.83157e-07 
-2.72 -1.2 1.42717e-06 
-2.72 -1.12 2.98132e-06 
-2.72 -1.04 6.2275e-06 
-2.72 -0.96 1.3007e-05 
-2.72 -0.88 2.71629e-05 
-2.72 -0.8 5.67138e-05 
-2.72 -0.72 0.000118379 
-2.72 -0.64 0.000246986 
-2.72 -0.56 0.000514996 
-2.72 -0.48 0.00107287 
-2.72 -0.4 0.00223221 
-2.72 -0.32 0.00463571 
-2.72 -0.24 0.00960139 
-2.72 -0.16 0.0198096 
-2.72 -0.08 0.0406445 
-2.72 6.93889e-16 0.0827292 
-2.72 0.08 0.166474 
-2.72 0.16 0.329575 
-2.72 0.24 0.637623 
-2.72 0.32 1.19467 
-2.72 0.4 2.14278 
-2.72 0.48 3.62879 
-2.72 0.56 5.7189 
-2.72 0.64 8.2843 
-2.72 0.72 10.9578 
-2.72 0.8 13.2661 
-2.72 0.88 14.8895 
-2.72 0.96 15.822 
-2.72 1.04 16.2595 
-2.72 1.12 16.3529 
-2.72 1.2 16.1483 
-2.72 1.28 15.7344 
-2.72 1.36 15.2962 
-2.72 1.44 14.9878 
-2.72 1.52 14.8354 
-2.72 1.6 14.7825 
-2.72 1.68 14.7704 
-2.72 1.76 14.7688 
-2.72 1.84 14.7687 
-2.72 1.92 14.7687 
-2.72 2 14.7687 
-2.72 2.08 14.7687 
-2.64 -2 1.30202e-09 
-2.64 -1.92 2.7203e-09 
-2.64 -1.84 5.68349e-09 
-2.64 -1.76 1.18744e-08 
-2.64 -1.68 2.48088e-08 
-2.64 -1.6 5.18322e-08 
-2.64 -1.52 1.0829e-07 
-2.64 -1.44 2.26242e-07 
-2.64 -1.36 4.72663e-07 
-2.64 -1.28 9.87462e-07 
-2.64 -1.2 2.06288e-06 
-2.64 -1.12 4.30932e-06 
-2.64 -1.04 9.00147e-06 
-2.64 -0.96 1.88008e-05 
-2.64 -0.88 3.92624e-05 
-2.64 -0.8 8.19764e-05 
-2.64 -0.72 0.000171109 
-2.64 -0.64 0.000357003 
-2.64 -0.56 0.000744394 
-2.64 -0.48 0.00155077 
-2.64 -0.4 0.0032265 
-2.64 -0.32 0.0067005 
-2.64 -0.24 0.0138776 
-2.64 -0.16 0.028631 
-2.64 -0.08 0.0587385 
-2.64 6.93889e-16 0.119536 
-2.64 0.08 0.24045 
-2.64 0.16 0.475683 
-2.64 0.24 0.919035 
-2.64 0.32 1.71769 
-2.64 0.4 3.06797 
-2.64 0.48 5.16176 
-2.64 0.56 8.06098 
-2.64 0.64 11.5483 
-2.64 0.72 15.1017 
-2.64 0.8 18.1055 
-2.64 0.88 20.1833 
-2.64 0.96 21.3641 
-2.64 1.04 21.915 
-2.64 1.12 22.0323 
-2.64 1.2 21.7751 
-2.64 1.28 21.2536 
-2.64 1.36 20.6994 
-2.64 1.44 20.3081 
-2.64 1.52 20.1145 
-2.64 1.6 20.0472 
-2.64 1.68 20.0318 
-2.64 1.76 20.0297 
-2.64 1.84 20.0296 
-2.64 1.92 20.0296 
-2.64 2 20.0296 
-2.64 2.08 20.0296 
-2.56 -2 1.882e-09 
-2.56 -1.92 3.93204e-09 
-2.56 -1.84 8.21514e-09 
-2.56 -1.76 1.71637e-08 
-2.56 -1.68 3.58597e-08 
-2.56 -1.6 7.49203e-08 
-2.56 -1.52 1.56527e-07 
-2.56 -1.44 3.2702e-07 
-2.56 -1.36 6.83206e-07 
-2.56 -1.28 1.42732e-06 
-2.56 -1.2 2.98177e-06 
-2.56 -1.12 6.22886e-06 
-2.56 -1.04 1.30111e-05 
-2.56 -0.96 2.71754e-05 
-2.56 -0.88 5.67514e-05 
-2.56 -0.8 0.000118492 
-2.56 -0.72 0.000247328 
-2.56 -0.64 0.000516025 
-2.56 -0.56 0.00107597 
-2.56 -0.48 0.00224152 
-2.56 -0.4 0.00466364 
-2.56 -0.32 0.00968488 
-2.56 -0.24 0.020058 
-2.56 -0.16 0.0413791 
-2.56 -0.08 0.0848808 
-2.56 6.93889e-16 0.17269 
-2.56 0.08 0.347184 
-2.56 0.16 0.686117 
-2.56 0.24 1.32299 
-2.56 0.32 2.46396 
-2.56 0.4 4.37478 
-2.56 0.48 7.29333 
-2.56 0.56 11.2478 
-2.56 0.64 15.8757 
-2.56 0.72 20.4527 
-2.56 0.8 24.2173 
-2.56 0.88 26.7672 
-2.56 0.96 28.1971 
-2.56 1.04 28.8596 
-2.56 1.12 29.0002 
-2.56 1.2 28.6917 
-2.56 1.28 28.0639 
-2.56 1.36 27.3939 
-2.56 1.44 26.9191 
-2.56 1.52 26.6835 
-2.56 1.6 26.6016 
-2.56 1.68 26.5828 
-2.56 1.76 26.5803 
-2.56 1.84 26.5801 
-2.56 1.92 26.5801 
-2.56 2 26.5801 
-2.56 2.08 26.5801 
-2.48 -2 2.72031e-09 
-2.48 -1.92 5.68352e-09 
-2.48 -1.84 1.18745e-08 
-2.48 -1.76 2.48091e-08 
-2.48 -1.68 5.1833e-08 
-2.48 -1.6 1.08293e-07 
-2.48 -1.52 2.2625e-07 
-2.48 -1.44 4.72687e-07 
-2.48 -1.36 9.87534e-07 
-2.48 -1.28 2.0631e-06 
-2.48 -1.2 4.30997e-06 
-2.48 -1.12 9.00345e-06 
-2.48 -1.04 1.88067e-05 
-2.48 -0.96 3.92804e-05 
-2.48 -0.88 8.20307e-05 
-2.48 -0.8 0.000171273 
-2.48 -0.72 0.000357497 
-2.48 -0.64 0.000745882 
-2.48 -0.56 0.00155525 
-2.48 -0.48 0.00323996 
-2.48 -0.4 0.00674087 
-2.48 -0.32 0.0139983 
-2.48 -0.24 0.0289901 
-2.48 -0.16 0.0598 
-2.48 -0.08 0.122644 
-2.48 6.93889e-16 0.249421 
-2.48 0.08 0.501059 
-2.48 0.16 0.988719 
-2.48 0.24 1.9011 
-2.48 0.32 3.52284 
-2.48 0.4 6.20261 
-2.48 0.48 10.2104 
-2.48 0.56 15.4823 
-2.48 0.64 21.4318 
-2.48 0.72 27.0947 
-2.48 0.8 31.5962 
-2.48 0.88 34.5687 
-2.48 0.96 36.2093 
-2.48 1.04 36.9631 
-2.48 1.12 37.1226 
-2.48 1.2 36.7725 
-2.48 1.28 36.0572 
-2.48 1.36 35.29 
-2.48 1.44 34.7438 
-2.48 1.52 34.472 
-2.48 1.6 34.3774 
-2.48 1.68 34.3557 
-2.48 1.76 34.3528 
-2.48 1.84 34.3527 
-2.48 1.92 34.3526 
-2.48 2 34.3526 
-2.48 2.08 34.3526 
-2.4 -2 3.93205e-09 
-2.4 -1.92 8.21519e-09 
-2.4 -1.84 1.71639e-08 
-2.4 -1.76 3.58601e-08 
-2.4 -1.68 7.49215e-08 
-2.4 -1.6 1.56531e-07 
-2.4 -1.52 3.27031e-07 
-2.4 -1.44 6.83241e-07 
-2.4 -1.36 1.42742e-06 
-2.4 -1.28 2.98209e-06 
-2.4 -1.2 6.22981e-06 
-2.4 -1.12 1.30139e-05 
-2.4 -1.04 2.7184e-05 
-2.4 -0.96 5.67774e-05 
-2.4 -0.88 0.00011857 
-2.4 -0.8 0.000247564 
-2.4 -0.72 0.000516739 
-2.4 -0.64 0.00107812 
-2.4 -0.56 0.002248 
-2.4 -0.48 0.00468309 
-2.4 -0.4 0.00974323 
-2.4 -0.32 0.0202324 
-2.4 -0.24 0.041898 
-2.4 -0.16 0.0864143 
-2.4 -0.08 0.177177 
-2.4 6.93889e-16 0.360124 
-2.4 0.08 0.722637 
-2.4 0.16 1.42287 
-2.4 0.24 2.72486 
-2.4 0.32 5.01339 
-2.4 0.4 8.72445 
-2.4 0.48 14.1164 
-2.4 0.56 20.935 
-2.4 0.64 28.2787 
-2.4 0.72 34.9461 
-2.4 0.8 40.0357 
-2.4 0.88 43.2996 
-2.4 0.96 45.0691 
-2.4 1.04 45.8747 
-2.4 1.12 46.0446 
-2.4 1.2 45.6714 
-2.4 1.28 44.906 
-2.4 1.36 44.0804 
-2.4 1.44 43.4895 
-2.4 1.52 43.1946 
-2.4 1.6 43.0918 
-2.4 1.68 43.0682 
-2.4 1.76 43.0651 
-2.4 1.84 43.0649 
-2.4 1.92 43.0649 
-2.4 2 43.0649 
-2.4 2.08 43.0649 
-2.32 -2 5.68354e-09 
-2.32 -1.92 1.18746e-08 
-2.32 -1.84 2.48093e-08 
-2.32 -1.76 5.18336e-08 
-2.32 -1.68 1.08295e-07 
-2.32 -1.6 2.26256e-07 
-2.32 -1.52 4.72704e-07 
-2.32 -1.44 9.87583e-07 
-2.32 -1.36 2.06325e-06 
-2.32 -1.28 4.31043e-06 
-2.32 -1.2 9.00481e-06 
-2.32 -1.12 1.88109e-05 
-2.32 -1.04 3.92928e-05 
-2.32 -0.96 8.20683e-05 
-2.32 -0.88 0.000171386 
-2.32 -0.8 0.000357839 
-2.32 -0.72 0.000746914 
-2.32 -0.64 0.00155836 
-2.32 -0.56 0.00324931 
-2.32 -0.48 0.00676899 
-2.32 -0.4 0.0140826 
-2.32 -0.32 0.0292422 
-2.32 -0.24 0.0605498 
-2.32 -0.16 0.124859 
-2.32 -0.08 0.255897 
-2.32 6.93889e-16 0.519703 
-2.32 0.08 1.04118 
-2.32 0.16 2.04372 
-2.32 0.24 3.89138 
-2.32 0.32 7.08826 
-2.32 0.4 12.1389 
-2.32 0.48 19.1973 
-2.32 0.56 27.6791 
-2.32 0.64 36.3024 
-2.32 0.72 43.7087 
-2.32 0.8 49.111 
-2.32 0.88 52.4674 
-2.32 0.96 54.2531 
-2.32 1.04 55.0583 
-2.32 1.12 55.2275 
-2.32 1.2 54.8556 
-2.32 1.28 54.0895 
-2.32 1.36 53.2582 
-2.32 1.44 52.6602 
-2.32 1.52 52.3607 
-2.32 1.6 52.2562 
-2.32 1.68 52.2322 
-2.32 1.76 52.229 
-2.32 1.84 52.2288 
-2.32 1.92 52.2288 
-2.32 2 52.2288 
-2.32 2.08 52.2288 
-2.24 -2 8.21522e-09 
-2.24 -1.92 1.7164e-08 
-2.24 -1.84 3.58604e-08 
-2.24 -1.76 7.49224e-08 
-2.24 -1.68 1.56533e-07 
-2.24 -1.6 3.27039e-07 
-2.24 -1.52 6.83264e-07 
-2.24 -1.44 1.42749e-06 
-2.24 -1.36 2.9823e-06 
-2.24 -1.28 6.23046e-06 
-2.24 -1.2 1.30159e-05 
-2.24 -1.12 2.719e-05 
-2.24 -1.04 5.67954e-05 
-2.24 -0.96 0.000118625 
-2.24 -0.88 0.000247728 
-2.24 -0.8 0.000517234 
-2.24 -0.72 0.00107962 
-2.24 -0.64 0.00225249 
-2.24 -0.56 0.00469662 
-2.24 -0.48 0.00978387 
-2.24 -0.4 0.0203543 
-2.24 -0.32 0.0422623 
-2.24 -0.24 0.0874975 
-2.24 -0.16 0.180375 
-2.24 -0.08 0.369463 
-2.24 6.93889e-16 0.749465 
-2.24 0.08 1.49801 
-2.24 0.16 2.92742 
-2.24 0.24 5.52892 
-2.24 0.32 9.93205 
-2.24 0.4 16.646 
-2.24 0.48 25.5626 
-2.24 0.56 35.6171 
-2.24 0.64 45.1689 
-2.24 0.72 52.8823 
-2.24 0.8 58.2453 
-2.24 0.88 61.4718 
-2.24 0.96 63.1568 
-2.24 1.04 63.9095 
-2.24 1.12 64.0672 
-2.24 1.2 63.7204 
-2.24 1.28 63.0033 
-2.24 1.36 62.2207 
-2.24 1.44 61.6548 
-2.24 1.52 61.3705 
-2.24 1.6 61.2711 
-2.24 1.68 61.2482 
-2.24 1.76 61.2452 
-2.24 1.84 61.245 
-2.24 1.92 61.245 
-2.24 2 61.245 
-2.24 2.08 61.245 
-2.16 -2 1.18746e-08 
-2.16 -1.92 2.48095e-08 
-2.16 -1.84 5.1834e-08 
-2.16 -1.76 1.08296e-07 
-2.16 -1.68 2.26259e-07 
-2.16 -1.6 4.72715e-07 
-2.16 -1.52 9.87618e-07 
-2.16 -1.44 2.06335e-06 
-2.16 -1.36 4.31074e-06 
-2.16 -1.28 9.00576e-06 
-2.16 -1.2 1.88137e-05 
-2.16 -1.12 3.93015e-05 
-2.16 -1.04 8.20943e-05 
-2.16 -0.96 0.000171465 
-2.16 -0.88 0.000358076 
-2.16 -0.8 0.000747629 
-2.16 -0.72 0.00156051 
-2.16 -0.64 0.00325581 
-2.16 -0.56 0.00678854 
-2.16 -0.48 0.0141414 
-2.16 -0.4 0.0294183 
-2.16 -0.32 0.0610761 
-2.16 -0.24 0.126423 
-2.16 -0.16 0.260512 
-2.16 -0.08 0.533159 
-2.16 6.93889e-16 1.0797 
-2.16 0.08 2.15093 
-2.16 0.16 4.17694 
-2.16 0.24 7.79964 
-2.16 0.32 13.748 
-2.16 0.4 22.3999 
-2.16 0.48 33.1721 
-2.16 0.56 44.433 
-2.16 0.64 54.353 
-2.16 0.72 61.8653 
-2.16 0.8 66.8468 
-2.16 0.88 69.7538 
-2.16 0.96 71.246 
-2.16 1.04 71.907 
-2.16 1.12 72.045 
-2.16 1.2 71.7413 
-2.16 1.28 71.1108 
-2.16 1.36 70.4192 
-2.16 1.44 69.9167 
-2.16 1.52 69.6635 
-2.16 1.6 69.5749 
-2.16 1.68 69.5545 
-2.16 1.76 69.5518 
-2.16 1.84 69.5516 
-2.16 1.92 69.5516 
-2.16 2 69.5516 
-2.16 2.08 69.5516 
-2.08 -2 1.7164e-08 
-2.08 -1.92 3.58606e-08 
-2.08 -1.84 7.4923e-08 
-2.08 -1.76 1.56535e-07 
-2.08 -1.68 3.27044e-07 
-2.08 -1.6 6.83281e-07 
-2.08 -1.52 1.42754e-06 
-2.08 -1.44 2.98245e-06 
-2.08 -1.36 6.23092e-06 
-2.08 -1.28 1.30173e-05 
-2.08 -1.2 2.71941e-05 
-2.08 -1.12 5.68079e-05 
-2.08 -1.04 0.000118662 
-2.08 -0.96 0.000247842 
-2.08 -0.88 0.000517577 
-2.08 -0.8 0.00108065 
-2.08 -0.72 0.00225561 
-2.08 -0.64 0.00470601 
-2.08 -0.56 0.00981213 
-2.08 -0.48 0.0204392 
-2.08 -0.4 0.0425168 
-2.08 -0.32 0.0882578 
-2.08 -0.24 0.182634 
-2.08 -0.16 0.376118 
-2.08 -0.08 0.768823 
-2.08 6.93889e-16 1.55317 
-2.08 0.08 3.07954 
-2.08 0.16 5.92724 
-2.08 0.24 10.8954 
-2.08 0.32 18.7251 
-2.08 0.4 29.4402 
-2.08 0.48 41.7754 
-2.08 0.56 53.6138 
-2.08 0.64 63.2505 
-2.08 0.72 70.1038 
-2.08 0.8 74.4536 
-2.08 0.88 76.9238 
-2.08 0.96 78.173 
-2.08 1.04 78.7223 
-2.08 1.12 78.8367 
-2.08 1.2 78.5848 
-2.08 1.28 78.0603 
-2.08 1.36 77.4824 
-2.08 1.44 77.0608 
-2.08 1.52 76.8478 
-2.08 1.6 76.7732 
-2.08 1.68 76.756 
-2.08 1.76 76.7537 
-2.08 1.84 76.7536 
-2.08 1.92 76.7536 
-2.08 2 76.7536 
-2.08 2.08 76.7536 
-2 -2 2.48096e-08 
-2 -1.92 5.18343e-08 
-2 -1.84 1.08297e-07 
-2 -1.76 2.26262e-07 
-2 -1.68 4.72723e-07 
-2 -1.6 9.87641e-07 
-2 -1.52 2.06343e-06 
-2 -1.44 4.31096e-06 
-2 -1.36 9.00641e-06 
-2 -1.28 1.88157e-05 
-2 -1.2 3.93074e-05 
-2 -1.12 8.21123e-05 
-2 -1.04 0.000171519 
-2 -0.96 0.00035824 
-2 -0.88 0.000748124 
-2 -0.8 0.00156201 
-2 -0.72 0.00326031 
-2 -0.64 0.00680211 
-2 -0.56 0.0141822 
-2 -0.48 0.029541 
-2 -0.4 0.0614438 
-2 -0.32 0.127521 
-2 -0.24 0.263772 
-2 -0.16 0.542747 
-2 -0.08 1.10749 
-2 6.93889e-16 2.22959 
-2 0.08 4.39105 
-2 0.16 8.34708 
-2 0.24 15.0197 
-2 0.32 24.9823 
-2 0.4 37.6206 
-2 0.48 50.9103 
-2 0.56 62.5561 
-2 0.64 71.3285 
-2 0.72 77.218 
-2 0.8 80.8159 
-2 0.88 82.813 
-2 0.96 83.8104 
-2 1.04 84.2464 
-2 1.12 84.337 
-2 1.2 84.1374 
-2 1.28 83.7208 
-2 1.36 83.26 
-2 1.44 82.9227 
-2 1.52 82.752 
-2 1.6 82.6921 
-2 1.68 82.6783 
-2 1.76 82.6765 
-2 1.84 82.6764 
-2 1.92 82.6764 
-2 2 82.6764 
-2 2.08 82.6764 
-1.92 -2 3.58607e-08 
-1.92 -1.92 7.49234e-08 
-1.92 -1.84 1.56536e-07 
-1.92 -1.76 3.27048e-07 
-1.92 -1.68 6.83292e-07 
-1.92 -1.6 1.42758e-06 
-1.92 -1.52 2.98256e-06 
-1.92 -1.44 6.23123e-06 
-1.92 -1.36 1.30182e-05 
-1.92 -1.28 2.7197e-05 
-1.92 -1.2 5.68165e-05 
-1.92 -1.12 0.000118688 
-1.92 -1.04 0.000247921 
-1.92 -0.96 0.000517814 
-1.92 -0.88 0.00108136 
-1.92 -0.8 0.00225777 
-1.92 -0.72 0.00471252 
-1.92 -0.64 0.00983174 
-1.92 -0.56 0.0204983 
-1.92 -0.48 0.0426941 
-1.92 -0.4 0.088789 
-1.92 -0.32 0.184219 
-1.92 -0.24 0.380819 
-1.92 -0.16 0.782616 
-1.92 -0.08 1.59296 
-1.92 6.93889e-16 3.19105 
-1.92 0.08 6.22524 
-1.92 0.16 11.6327 
-1.92 0.24 20.3486 
-1.92 0.32 32.4944 
-1.92 0.4 46.5736 
-1.92 0.48 59.9847 
-1.92 0.56 70.716 
-1.92 0.64 78.2416 
-1.92 0.72 83.0486 
-1.92 0.8 85.8939 
-1.92 0.88 87.4445 
-1.92 0.96 88.2114 
-1.92 1.04 88.5451 
-1.92 1.12 88.6143 
-1.92 1.2 88.4618 
-1.92 1.28 88.1427 
-1.92 1.36 87.7888 
-1.92 1.44 87.5291 
-1.92 1.52 87.3974 
-1.92 1.6 87.3512 
-1.92 1.68 87.3406 
-1.92 1.76 87.3392 
-1.92 1.84 87.3391 
-1.92 1.92 87.3391 
-1.92 2 87.3391 
-1.92 2.08 87.3391 
-1.84 -2 5.18345e-08 
-1.84 -1.92 1.08297e-07 
-1.84 -1.84 2.26264e-07 
-1.84 -1.76 4.72728e-07 
-1.84 -1.68 9.87658e-07 
-1.84 -1.6 2.06348e-06 
-1.84 -1.52 4.31111e-06 
-1.84 -1.44 9.00687e-06 
-1.84 -1.36 1.88171e-05 
-1.84 -1.28 3.93116e-05 
-1.84 -1.2 8.21248e-05 
-1.84 -1.12 0.000171557 
-1.84 -1.04 0.000358354 
-1.84 -0.96 0.000748467 
-1.84 -0.88 0.00156304 
-1.84 -0.8 0.00326344 
-1.84 -0.72 0.00681152 
-1.84 -0.64 0.0142106 
-1.84 -0.56 0.0296263 
-1.84 -0.48 0.0617 
-1.84 -0.4 0.128288 
-1.84 -0.32 0.26606 
-1.84 -0.24 0.549519 
-1.84 -0.16 1.12729 
-1.84 -0.08 2.2863 
-1.84 6.93889e-16 4.54783 
-1.84 0.08 8.75543 
-1.84 0.16 15.986 
-1.84 0.24 26.9683 
-1.84 0.32 41.0299 
-1.84 0.4 55.753 
-1.84 0.48 68.4222 
-1.84 0.56 77.7308 
-1.84 0.64 83.865 
-1.84 0.72 87.6261 
-1.84 0.8 89.7974 
-1.84 0.88 90.9641 
-1.84 0.96 91.5368 
-1.84 1.04 91.7852 
-1.84 1.12 91.8366 
-1.84 1.2 91.7232 
-1.84 1.28 91.4856 
-1.84 1.36 91.2216 
-1.84 1.44 91.0274 
-1.84 1.52 90.9289 
-1.84 1.6 90.8942 
-1.84 1.68 90.8863 
-1.84 1.76 90.8852 
-1.84 1.84 90.8851 
-1.84 1.92 90.8851 
-1.84 2 90.8851 
-1.84 2.08 90.8851 
-1.76 -2 7.49237e-08 
-1.76 -1.92 1.56537e-07 
-1.76 -1.84 3.27051e-07 
-1.76 -1.76 6.833e-07 
-1.76 -1.68 1.4276e-06 
-1.76 -1.6 2.98263e-06 
-1.76 -1.52 6.23145e-06 
-1.76 -1.44 1.30189e-05 
-1.76 -1.36 2.71989e-05 
-1.76 -1.28 5.68225e-05 
-1.76 -1.2 0.000118706 
-1.76 -1.12 0.000247975 
-1.76 -1.04 0.000517978 
-1.76 -0.96 0.00108186 
-1.76 -0.88 0.00225926 
-1.76 -0.8 0.00471703 
-1.76 -0.72 0.00984534 
-1.76 -0.64 0.0205392 
-1.76 -0.56 0.0428174 
-1.76 -0.48 0.0891591 
-1.76 -0.4 0.185327 
-1.76 -0.32 0.384118 
-1.76 -0.24 0.792357 
-1.76 -0.16 1.6213 
-1.76 -0.08 3.2714 
-1.76 6.93889e-16 6.44309 
-1.76 0.08 12.1804 
-1.76 0.16 21.5708 
-1.76 0.24 34.8005 
-1.76 0.32 50.1421 
-1.76 0.4 64.5555 
-1.76 0.48 75.7983 
-1.76 0.56 83.4582 
-1.76 0.64 88.2532 
-1.76 0.72 91.1 
-1.76 0.8 92.7124 
-1.76 0.88 93.5696 
-1.76 0.96 93.9881 
-1.76 1.04 94.1691 
-1.76 1.12 94.2066 
-1.76 1.2 94.124 
-1.76 1.28 93.9508 
-1.76 1.36 93.758 
-1.76 1.44 93.616 
-1.76 1.52 93.5438 
-1.76 1.6 93.5185 
-1.76 1.68 93.5126 
-1.76 1.76 93.5119 
-1.76 1.84 93.5118 
-1.76 1.92 93.5118 
-1.76 2 93.5118 
-1.76 2.08 93.5118 
-1.68 -2 1.08298e-07 
-1.68 -1.92 2.26265e-07 
-1.68 -1.84 4.72732e-07 
-1.68 -1.76 9.87669e-07 
-1.68 -1.68 2.06351e-06 
-1.68 -1.6 4.31121e-06 
-1.68 -1.52 9.00718e-06 
-1.68 -1.44 1.8818e-05 
-1.68 -1.36 3.93144e-05 
-1.68 -1.28 8.21334e-05 
-1.68 -1.2 0.000171583 
-1.68 -1.12 0.000358432 
-1.68 -1.04 0.000748704 
-1.68 -0.96 0.00156376 
-1.68 -0.88 0.0032656 
-1.68 -0.8 0.00681804 
-1.68 -0.72 0.0142302 
-1.68 -0.64 0.0296855 
-1.68 -0.56 0.0618781 
-1.68 -0.48 0.128823 
-1.68 -0.4 0.267659 
-1.68 -0.32 0.554271 
-1.68 -0.24 1.14128 
-1.68 -0.16 2.32668 
-1.68 -0.08 4.66069 
-1.68 6.93889e-16 9.05327 
-1.68 0.08 16.7 
-1.68 0.16 28.446 
-1.68 0.24 43.551 
-1.68 0.32 59.2449 
-1.68 0.4 72.4715 
-1.68 0.48 81.9071 
-1.68 0.56 87.9412 
-1.68 0.64 91.568 
-1.68 0.72 93.669 
-1.68 0.8 94.8424 
-1.68 0.88 95.4613 
-1.68 0.96 95.7623 
-1.68 1.04 95.8922 
-1.68 1.12 95.9191 
-1.68 1.2 95.8598 
-1.68 1.28 95.7355 
-1.68 1.36 95.5969 
-1.68 1.44 95.4947 
-1.68 1.52 95.4427 
-1.68 1.6 95.4245 
-1.68 1.68 95.4203 
-1.68 1.76 95.4197 
-1.68 1.84 95.4197 
-1.68 1.92 95.4197 
-1.68 2 95.4197 
-1.68 2.08 95.4197 
-1.6 -2 1.56538e-07 
-1.6 -1.92 3.27052e-07 
-1.6 -1.84 6.83306e-07 
-1.6 -1.76 1.42762e-06 
-1.6 -1.68 2.98268e-06 
-1.6 -1.6 6.2316e-06 
-1.6 -1.52 1.30193e-05 
-1.6 -1.44 2.72003e-05 
-1.6 -1.36 5.68266e-05 
-1.6 -1.28 0.000118719 
-1.6 -1.2 0.000248013 
-1.6 -1.12 0.000518092 
-1.6 -1.04 0.0010822 
-1.6 -0.96 0.0022603 
-1.6 -0.88 0.00472016 
-1.6 -0.8 0.00985477 
-1.6 -0.72 0.0205676 
-1.6 -0.64 0.0429029 
-1.6 -0.56 0.0894164 
-1.6 -0.48 0.186099 
-1.6 -0.4 0.386424 
-1.6 -0.32 0.799193 
-1.6 -0.24 1.6413 
-1.6 -0.16 3.32858 
-1.6 -0.08 6.59973 
-1.6 6.93889e-16 12.5787 
-1.6 0.08 22.4675 
-1.6 0.16 36.493 
-1.6 0.24 52.7225 
-1.6 0.32 67.7545 
-1.6 0.4 79.1895 
-1.6 0.48 86.7437 
-1.6 0.56 91.3353 
-1.6 0.64 94.0108 
-1.6 0.72 95.5329 
-1.6 0.8 96.3742 
-1.6 0.88 96.8155 
-1.6 0.96 97.0294 
-1.6 1.04 97.1217 
-1.6 1.12 97.1407 
-1.6 1.2 97.0987 
-1.6 1.28 97.0104 
-1.6 1.36 96.9119 
-1.6 1.44 96.8392 
-1.6 1.52 96.8022 
-1.6 1.6 96.7892 
-1.6 1.68 96.7863 
-1.6 1.76 96.7859 
-1.6 1.84 96.7858 
-1.6 1.92 96.7858 
-1.6 2 96.7858 
-1.6 2.08 96.7858 
-1.52 -2 2.26266e-07 
-1.52 -1.92 4.72735e-07 
-1.52 -1.84 9.87677e-07 
-1.52 -1.76 2.06353e-06 
-1.52 -1.68 4.31128e-06 
-1.52 -1.6 9.0074e-06 
-1.52 -1.52 1.88187e-05 
-1.52 -1.44 3.93164e-05 
-1.52 -1.36 8.21394e-05 
-1.52 -1.28 0.000171601 
-1.52 -1.2 0.000358487 
-1.52 -1.12 0.000748869 
-1.52 -1.04 0.00156425 
-1.52 -0.96 0.00326709 
-1.52 -0.88 0.00682256 
-1.52 -0.8 0.0142438 
-1.52 -0.72 0.0297266 
-1.52 -0.64 0.0620017 
-1.52 -0.56 0.129195 
-1.52 -0.48 0.268772 
-1.52 -0.4 0.557592 
-1.52 -0.32 1.15109 
-1.52 -0.24 2.35518 
-1.52 -0.16 4.74097 
-1.52 -0.08 9.26709 
-1.52 6.93889e-16 17.2171 
-1.52 0.08 29.5209 
-1.52 0.16 45.3729 
-1.52 0.24 61.7139 
-1.52 0.32 75.2302 
-1.52 0.4 84.616 
-1.52 0.48 90.4382 
-1.52 0.56 93.8411 
-1.52 0.64 95.7786 
-1.52 0.72 96.8664 
-1.52 0.8 97.4632 
-1.52 0.88 97.775 
-1.52 0.96 97.9259 
-1.52 1.04 97.9908 
-1.52 1.12 98.0043 
-1.52 1.2 97.9747 
-1.52 1.28 97.9124 
-1.52 1.36 97.843 
-1.52 1.44 97.7918 
-1.52 1.52 97.7657 
-1.52 1.6 97.7565 
-1.52 1.68 97.7544 
-1.52 1.76 97.7541 
-1.52 1.84 97.7541 
-1.52 1.92 97.7541 
-1.52 2 97.7541 
-1.52 2.08 97.7541 
-1.44 -2 3.27054e-07 
-1.44 -1.92 6.83309e-07 
-1.44 -1.84 1.42763e-06 
-1.44 -1.76 2.98271e-06 
-1.44 -1.68 6.2317e-06 
-1.44 -1.6 1.30196e-05 
-1.44 -1.52 2.72012e-05 
-1.44 -1.44 5.68295e-05 
-1.44 -1.36 0.000118728 
-1.44 -1.28 0.000248039 
-1.44 -1.2 0.00051817 
-1.44 -1.12 0.00108244 
-1.44 -1.04 0.00226102 
-1.44 -0.96 0.00472232 
-1.44 -0.88 0.0098613 
-1.44 -0.8 0.0205873 
-1.44 -0.72 0.0429623 
-1.44 -0.64 0.089595 
-1.44 -0.56 0.186636 
-1.44 -0.48 0.38803 
-1.44 -0.4 0.803969 
-1.44 -0.32 1.65534 
-1.44 -0.24 3.36893 
-1.44 -0.16 6.71106 
-1.44 -0.08 12.864 
-1.44 6.93889e-16 23.1136 
-1.44 0.08 37.7117 
-1.44 0.16 54.5573 
-1.44 0.24 69.9693 
-1.44 0.32 81.4473 
-1.44 0.4 88.8272 
-1.44 0.48 93.184 
-1.44 0.56 95.6566 
-1.44 0.64 97.041 
-1.44 0.72 97.8109 
-1.44 0.8 98.2311 
-1.44 0.88 98.45 
-1.44 0.96 98.5558 
-1.44 1.04 98.6013 
-1.44 1.12 98.6108 
-1.44 1.2 98.59 
-1.44 1.28 98.5464 
-1.44 1.36 98.4977 
-1.44 1.44 98.4618 
-1.44 1.52 98.4435 
-1.44 1.6 98.4371 
-1.44 1.68 98.4356 
-1.44 1.76 98.4354 
-1.44 1.84 98.4354 
-1.44 1.92 98.4354 
-1.44 2 98.4354 
-1.44 2.08 98.4354 
-1.36 -2 4.72736e-07 
-1.36 -1.92 9.87683e-07 
-1.36 -1.84 2.06355e-06 
-1.36 -1.76 4.31133e-06 
-1.36 -1.68 9.00755e-06 
-1.36 -1.6 1.88191e-05 
-1.36 -1.52 3.93178e-05 
-1.36 -1.44 8.21435e-05 
-1.36 -1.36 0.000171613 
-1.36 -1.28 0.000358524 
-1.36 -1.2 0.000748982 
-1.36 -1.12 0.0015646 
-1.36 -1.04 0.00326813 
-1.36 -0.96 0.00682568 
-1.36 -0.88 0.0142533 
-1.36 -0.8 0.029755 
-1.36 -0.72 0.0620875 
-1.36 -0.64 0.129453 
-1.36 -0.56 0.269546 
-1.36 -0.48 0.559906 
-1.36 -0.4 1.15794 
-1.36 -0.32 2.37518 
-1.36 -0.24 4.7976 
-1.36 -0.16 9.41887 
-1.36 -0.08 17.5864 
-1.36 6.93889e-16 30.2907 
-1.36 0.08 46.6702 
-1.36 0.16 63.4417 
-1.36 0.24 77.105 
-1.36 0.32 86.3863 
-1.36 0.4 91.9947 
-1.36 0.48 95.1833 
-1.36 0.56 96.9544 
-1.36 0.64 97.934 
-1.36 0.72 98.4752 
-1.36 0.8 98.7695 
-1.36 0.88 98.9225 
-1.36 0.96 98.9964 
-1.36 1.04 99.0282 
-1.36 1.12 99.0347 
-1.36 1.2 99.0203 
-1.36 1.28 98.9898 
-1.36 1.36 98.9559 
-1.36 1.44 98.9308 
-1.36 1.52 98.918 
-1.36 1.6 98.9135 
-1.36 1.68 98.9125 
-1.36 1.76 98.9123 
-1.36 1.84 98.9123 
-1.36 1.92 98.9123 
-1.36 2 98.9123 
-1.36 2.08 98.9123 
-1.28 -2 6.83312e-07 
-1.28 -1.92 1.42764e-06 
-1.28 -1.84 2.98274e-06 
-1.28 -1.76 6.23177e-06 
-1.28 -1.68 1.30199e-05 
-1.28 -1.6 2.72019e-05 
-1.28 -1.52 5.68314e-05 
-1.28 -1.44 0.000118733 
-1.28 -1.36 0.000248057 
-1.28 -1.28 0.000518225 
-1.28 -1.2 0.00108261 
-1.28 -1.12 0.00226151 
-1.28 -1.04 0.00472382 
-1.28 -0.96 0.00986582 
-1.28 -0.88 0.020601 
-1.28 -0.8 0.0430034 
-1.28 -0.72 0.0897189 
-1.28 -0.64 0.187008 
-1.28 -0.56 0.389146 
-1.28 -0.48 0.807296 
-1.28 -0.4 1.66515 
-1.28 -0.32 3.39724 
-1.28 -0.24 6.78954 
-1.28 -0.16 13.0662 
-1.28 -0.08 23.5734 
-1.28 6.93889e-16 38.5781 
-1.28 0.08 55.8487 
-1.28 0.16 71.4966 
-1.28 0.24 82.9581 
-1.28 0.32 90.1692 
-1.28 0.4 94.3216 
-1.28 0.48 96.6175 
-1.28 0.56 97.873 
-1.28 0.64 98.5615 
-1.28 0.72 98.9401 
-1.28 0.8 99.1455 
-1.28 0.88 99.2521 
-1.28 0.96 99.3035 
-1.28 1.04 99.3256 
-1.28 1.12 99.3302 
-1.28 1.2 99.3201 
-1.28 1.28 99.299 
-1.28 1.36 99.2753 
-1.28 1.44 99.2578 
-1.28 1.52 99.2489 
-1.28 1.6 99.2458 
-1.28 1.68 99.2451 
-1.28 1.76 99.245 
-1.28 1.84 99.245 
-1.28 1.92 99.245 
-1.28 2 99.245 
-1.28 2.08 99.245 
-1.2 -2 9.87686e-07 
-1.2 -1.92 2.06356e-06 
-1.2 -1.84 4.31137e-06 
-1.2 -1.76 9.00765e-06 
-1.2 -1.68 1.88194e-05 
-1.2 -1.6 3.93187e-05 
-1.2 -1.52 8.21464e-05 
-1.2 -1.44 0.000171622 
-1.2 -1.36 0.000358551 
-1.2 -1.28 0.000749061 
-1.2 -1.2 0.00156483 
-1.2 -1.12 0.00326885 
-1.2 -1.04 0.00682785 
-1.2 -0.96 0.0142598 
-1.2 -0.88 0.0297747 
-1.2 -0.8 0.0621469 
-1.2 -0.72 0.129631 
-1.2 -0.64 0.270084 
-1.2 -0.56 0.561514 
-1.2 -0.48 1.16272 
-1.2 -0.4 2.38915 
-1.2 -0.32 4.8373 
-1.2 -0.24 9.52578 
-1.2 -0.16 17.8477 
-1.2 -0.08 30.836 
-1.2 6.93889e-16 47.5852 
-1.2 0.08 64.6443 
-1.2 0.16 78.3815 
-1.2 0.24 87.5564 
-1.2 0.32 92.9863 
-1.2 0.4 96.0015 
-1.2 0.48 97.6352 
-1.2 0.56 98.5187 
-1.2 0.64 99.0004 
-1.2 0.72 99.2644 
-1.2 0.8 99.4073 
-1.2 0.88 99.4814 
-1.2 0.96 99.5171 
-1.2 1.04 99.5325 
-1.2 1.12 99.5357 
-1.2 1.2 99.5287 
-1.2 1.28 99.5139 
-1.2 1.36 99.4975 
-1.2 1.44 99.4854 
-1.2 1.52 99.4792 
-1.2 1.6 99.477 
-1.2 1.68 99.4765 
-1.2 1.76 99.4764 
-1.2 1.84 99.4764 
-1.2 1.92 99.4764 
-1.2 2 99.4764 
-1.2 2.08 99.4764 
-1.12 -2 1.42764e-06 
-1.12 -1.92 2.98275e-06 
-1.12 -1.84 6.23182e-06 
-1.12 -1.76 1.302e-05 
-1.12 -1.68 2.72023e-05 
-1.12 -1.6 5.68328e-05 
-1.12 -1.52 0.000118738 
-1.12 -1.44 0.000248069 
-1.12 -1.36 0.000518262 
-1.12 -1.28 0.00108272 
-1.12 -1.2 0.00226186 
-1.12 -1.12 0.00472485 
-1.12 -1.04 0.00986894 
-1.12 -0.96 0.0206104 
-1.12 -0.88 0.0430318 
-1.12 -0.8 0.0898047 
-1.12 -0.72 0.187266 
-1.12 -0.64 0.389921 
-1.12 -0.56 0.809609 
-1.12 -0.48 1.67198 
-1.12 -0.4 3.41701 
-1.12 -0.32 6.84455 
-1.12 -0.24 13.2085 
-1.12 -0.16 23.8978 
-1.12 -0.08 39.1888 
-1.12 6.93889e-16 56.7522 
-1.12 0.08 72.5489 
-1.12 0.16 83.9761 
-1.12 0.24 91.0478 
-1.12 0.32 95.0405 
-1.12 0.4 97.1992 
-1.12 0.48 98.352 
-1.12 0.56 98.9705 
-1.12 0.64 99.3063 
-1.12 0.72 99.4899 
-1.12 0.8 99.5892 
-1.12 0.88 99.6406 
-1.12 0.96 99.6654 
-1.12 1.04 99.6761 
-1.12 1.12 99.6783 
-1.12 1.2 99.6734 
-1.12 1.28 99.6632 
-1.12 1.36 99.6518 
-1.12 1.44 99.6434 
-1.12 1.52 99.6391 
-1.12 1.6 99.6376 
-1.12 1.68 99.6372 
-1.12 1.76 99.6372 
-1.12 1.84 99.6372 
-1.12 1.92 99.6372 
-1.12 2 99.6372 
-1.12 2.08 99.6372 
-1.04 -2 2.06357e-06 
-1.04 -1.92 4.31139e-06 
-1.04 -1.84 9.00772e-06 
-1.04 -1.76 1.88196e-05 
-1.04 -1.68 3.93194e-05 
-1.04 -1.6 8.21484e-05 
-1.04 -1.52 0.000171628 
-1.04 -1.44 0.000358569 
-1.04 -1.36 0.000749115 
-1.04 -1.28 0.001565 
-1.04 -1.2 0.00326934 
-1.04 -1.12 0.00682935 
-1.04 -1.04 0.0142643 
-1.04 -0.96 0.0297884 
-1.04 -0.88 0.062188 
-1.04 -0.8 0.129755 
-1.04 -0.72 0.270457 
-1.04 -0.64 0.56263 
-1.04 -0.56 1.16604 
-1.04 -0.48 2.39888 
-1.04 -0.4 4.86503 
-1.04 -0.32 9.60067 
-1.04 -0.24 18.0312 
-1.04 -0.16 31.2195 
-1.04 -0.08 48.2265 
-1.04 6.93889e-16 65.479 
-1.04 0.08 79.2534 
-1.04 0.16 88.3383 
-1.04 0.24 93.6309 
-1.04 0.32 96.5156 
-1.04 0.4 98.0455 
-1.04 0.48 98.854 
-1.04 0.56 99.2855 
-1.04 0.64 99.5191 
-1.04 0.72 99.6465 
-1.04 0.8 99.7154 
-1.04 0.88 99.7511 
-1.04 0.96 99.7683 
-1.04 1.04 99.7757 
-1.04 1.12 99.7772 
-1.04 1.2 99.7738 
-1.04 1.28 99.7668 
-1.04 1.36 99.7589 
-1.04 1.44 99.753 
-1.04 1.52 99.75 
-1.04 1.6 99.749 
-1.04 1.68 99.7488 
-1.04 1.76 99.7487 
-1.04 1.84 99.7487 
-1.04 1.92 99.7487 
-1.04 2 99.7487 
-1.04 2.08 99.7487 
-0.96 -2 2.98276e-06 
-0.96 -1.92 6.23186e-06 
-0.96 -1.84 1.30201e-05 
-0.96 -1.76 2.72027e-05 
-0.96 -1.68 5.68337e-05 
-0.96 -1.6 0.00011874 
-0.96 -1.52 0.000248078 
-0.96 -1.44 0.000518288 
-0.96 -1.36 0.0010828 
-0.96 -1.28 0.00226209 
-0.96 -1.2 0.00472557 
-0.96 -1.12 0.00987111 
-0.96 -1.04 0.0206169 
-0.96 -0.96 0.0430516 
-0.96 -0.88 0.0898641 
-0.96 -0.8 0.187445 
-0.96 -0.72 0.390458 
-0.96 -0.64 0.811215 
-0.96 -0.56 1.67673 
-0.96 -0.48 3.43077 
-0.96 -0.4 6.88294 
-0.96 -0.32 13.3081 
-0.96 -0.24 24.1253 
-0.96 -0.16 39.6167 
-0.96 -0.08 57.3818 
-0.96 6.93889e-16 73.2741 
-0.96 0.08 84.6665 
-0.96 0.16 91.6313 
-0.96 0.24 95.5054 
-0.96 0.32 97.5632 
-0.96 0.4 98.6396 
-0.96 0.48 99.2044 
-0.96 0.56 99.5046 
-0.96 0.64 99.6668 
-0.96 0.72 99.7552 
-0.96 0.8 99.8029 
-0.96 0.88 99.8277 
-0.96 0.96 99.8396 
-0.96 1.04 99.8447 
-0.96 1.12 99.8458 
-0.96 1.2 99.8434 
-0.96 1.28 99.8385 
-0.96 1.36 99.833 
-0.96 1.44 99.829 
-0.96 1.52 99.8269 
-0.96 1.6 99.8262 
-0.96 1.68 99.826 
-0.96 1.76 99.826 
-0.96 1.84 99.826 
-0.96 1.92 99.826 
-0.96 2 99.826 
-0.96 2.08 99.826 
-0.88 -2 4.31141e-06 
-0.88 -1.92 9.00777e-06 
-0.88 -1.84 1.88198e-05 
-0.88 -1.76 3.93198e-05 
-0.88 -1.68 8.21497e-05 
-0.88 -1.6 0.000171632 
-0.88 -1.52 0.000358581 
-0.88 -1.44 0.000749153 
-0.88 -1.36 0.00156511 
-0.88 -1.28 0.00326969 
-0.88 -1.2 0.00683038 
-0.88 -1.12 0.0142675 
-0.88 -1.04 0.0297978 
-0.88 -0.96 0.0622165 
-0.88 -0.88 0.129841 
-0.88 -0.8 0.270715 
-0.88 -0.72 0.563404 
-0.88 -0.64 1.16834 
-0.88 -0.56 2.40564 
-0.88 -0.48 4.88433 
-0.88 -0.4 9.65293 
-0.88 -0.32 18.1595 
-0.88 -0.24 31.4879 
-0.88 -0.16 48.6741 
-0.88 -0.08 66.0575 
-0.88 6.93889e-16 79.8507 
-0.88 0.08 88.8657 
-0.88 0.16 94.057 
-0.88 0.24 96.8469 
-0.88 0.32 98.3014 
-0.88 0.4 99.0549 
-0.88 0.48 99.4482 
-0.88 0.56 99.6567 
-0.88 0.64 99.7692 
-0.88 0.72 99.8305 
-0.88 0.8 99.8636 
-0.88 0.88 99.8807 
-0.88 0.96 99.889 
-0.88 1.04 99.8925 
-0.88 1.12 99.8932 
-0.88 1.2 99.8916 
-0.88 1.28 99.8882 
-0.88 1.36 99.8844 
-0.88 1.44 99.8816 
-0.88 1.52 99.8802 
-0.88 1.6 99.8797 
-0.88 1.68 99.8796 
-0.88 1.76 99.8796 
-0.88 1.84 99.8796 
-0.88 1.92 99.8796 
-0.88 2 99.8796 
-0.88 2.08 99.8796 
-0.8 -2 6.23188e-06 
-0.8 -1.92 1.30202e-05 
-0.8 -1.84 2.72029e-05 
-0.8 -1.76 5.68344e-05 
-0.8 -1.68 0.000118742 
-0.8 -1.6 0.000248084 
-0.8 -1.52 0.000518306 
-0.8 -1.44 0.00108285 
-0.8 -1.36 0.00226226 
-0.8 -1.28 0.00472607 
-0.8 -1.2 0.00987261 
-0.8 -1.12 0.0206215 
-0.8 -1.04 0.0430652 
-0.8 -0.96 0.0899053 
-0.8 -0.88 0.187569 
-0.8 -0.8 0.390831 
-0.8 -0.72 0.812328 
-0.8 -0.64 1.68002 
-0.8 -0.56 3.44034 
-0.8 -0.48 6.90968 
-0.8 -0.4 13.3775 
-0.8 -0.32 24.2842 
-0.8 -0.24 39.9153 
-0.8 -0.16 57.8194 
-0.8 -0.08 73.7743 
-0.8 6.93889e-16 85.1372 
-0.8 0.08 92.0232 
-0.8 0.16 95.8118 
-0.8 0.24 97.7972 
-0.8 0.32 98.8187 
-0.8 0.4 99.3442 
-0.8 0.48 99.6176 
-0.8 0.56 99.7623 
-0.8 0.64 99.8402 
-0.8 0.72 99.8827 
-0.8 0.8 99.9056 
-0.8 0.88 99.9174 
-0.8 0.96 99.9232 
-0.8 1.04 99.9256 
-0.8 1.12 99.9261 
-0.8 1.2 99.925 
-0.8 1.28 99.9226 
-0.8 1.36 99.92 
-0.8 1.44 99.9181 
-0.8 1.52 99.9171 
-0.8 1.6 99.9167 
-0.8 1.68 99.9167 
-0.8 1.76 99.9167 
-0.8 1.84 99.9167 
-0.8 1.92 99.9167 
-0.8 2 99.9167 
-0.8 2.08 99.9167 
-0.72 -2 9.00781e-06 
-0.72 -1.92 1.88199e-05 
-0.72 -1.84 3.93201e-05 
-0.72 -1.76 8.21507e-05 
-0.72 -1.68 0.000171635 
-0.72 -1.6 0.00035859 
-0.72 -1.52 0.000749179 
-0.72 -1.44 0.00156519 
-0.72 -1.36 0.00326992 
-0.72 -1.28 0.0068311 
-0.72 -1.2 0.0142696 
-0.72 -1.12 0.0298043 
-0.72 -1.04 0.0622362 
-0.72 -0.96 0.129901 
-0.72 -0.88 0.270894 
-0.72 -0.8 0.56394 
-0.72 -0.72 1.16994 
-0.72 -0.64 2.41033 
-0.72 -0.56 4.89775 
-0.72 -0.48 9.6893 
-0.72 -0.4 18.249 
-0.72 -0.32 31.675 
-0.72 -0.24 48.9856 
-0.72 -0.16 66.4581 
-0.72 -0.08 80.261 
-0.72 6.93889e-16 89.2239 
-0.72 0.08 94.3423 
-0.72 0.16 97.0646 
-0.72 0.24 98.4656 
-0.72 0.32 99.1797 
-0.72 0.4 99.5454 
-0.72 0.48 99.7351 
-0.72 0.56 99.8354 
-0.72 0.64 99.8894 
-0.72 0.72 99.9188 
-0.72 0.8 99.9347 
-0.72 0.88 99.9429 
-0.72 0.96 99.9468 
-0.72 1.04 99.9485 
-0.72 1.12 99.9489 
-0.72 1.2 99.9481 
-0.72 1.28 99.9465 
-0.72 1.36 99.9447 
-0.72 1.44 99.9433 
-0.72 1.52 99.9426 
-0.72 1.6 99.9424 
-0.72 1.68 99.9423 
-0.72 1.76 99.9423 
-0.72 1.84 99.9423 
-0.72 1.92 99.9423 
-0.72 2 99.9423 
-0.72 2.08 99.9423 
-0.64 -2 1.30202e-05 
-0.64 -1.92 2.7203e-05 
-0.64 -1.84 5.68349e-05 
-0.64 -1.76 0.000118744 
-0.64 -1.68 0.000248088 
-0.64 -1.6 0.000518319 
-0.64 -1.52 0.00108289 
-0.64 -1.44 0.00226237 
-0.64 -1.36 0.00472641 
-0.64 -1.28 0.00987364 
-0.64 -1.2 0.0206246 
-0.64 -1.12 0.0430746 
-0.64 -1.04 0.0899338 
-0.64 -0.96 0.187655 
-0.64 -0.88 0.391088 
-0.64 -0.8 0.813099 
-0.64 -0.72 1.68231 
-0.64 -0.64 3.44698 
-0.64 -0.56 6.92825 
-0.64 -0.48 13.4258 
-0.64 -0.4 24.3948 
-0.64 -0.32 40.1232 
-0.64 -0.24 58.1232 
-0.64 -0.16 74.1196 
-0.64 -0.08 85.4594 
-0.64 6.93889e-16 92.2887 
-0.64 0.08 96.0164 
-0.64 0.16 97.9506 
-0.64 0.24 98.9334 
-0.64 0.32 99.4311 
-0.64 0.4 99.685 
-0.64 0.48 99.8166 
-0.64 0.56 99.8861 
-0.64 0.64 99.9235 
-0.64 0.72 99.9438 
-0.64 0.8 99.9548 
-0.64 0.88 99.9605 
-0.64 0.96 99.9632 
-0.64 1.04 99.9644 
-0.64 1.12 99.9646 
-0.64 1.2 99.9641 
-0.64 1.28 99.963 
-0.64 1.36 99.9617 
-0.64 1.44 99.9608 
-0.64 1.52 99.9603 
-0.64 1.6 99.9601 
-0.64 1.68 99.9601 
-0.64 1.76 99.9601 
-0.64 1.84 99.9601 
-0.64 1.92 99.9601 
-0.64 2 99.9601 
-0.64 2.08 99.9601 
-0.56 -2 1.882e-05 
-0.56 -1.92 3.93203e-05 
-0.56 -1.84 8.21513e-05 
-0.56 -1.76 0.000171637 
-0.56 -1.68 0.000358596 
-0.56 -1.6 0.000749197 
-0.56 -1.52 0.00156524 
-0.56 -1.44 0.00327009 
-0.56 -1.36 0.0068316 
-0.56 -1.28 0.0142711 
-0.56 -1.2 0.0298089 
-0.56 -1.12 0.0622499 
-0.56 -1.04 0.129942 
-0.56 -0.96 0.271017 
-0.56 -0.88 0.564312 
-0.56 -0.8 1.17104 
-0.56 -0.72 2.41359 
-0.56 -0.64 4.90706 
-0.56 -0.56 9.71457 
-0.56 -0.48 18.3112 
-0.56 -0.4 31.8051 
-0.56 -0.32 49.202 
-0.56 -0.24 66.7355 
-0.56 -0.16 80.5433 
-0.56 -0.08 89.4685 
-0.56 6.93889e-16 94.5352 
-0.56 0.08 97.2098 
-0.56 0.16 98.5732 
-0.56 0.24 99.2597 
-0.56 0.32 99.6057 
-0.56 0.4 99.7819 
-0.56 0.48 99.873 
-0.56 0.56 99.9212 
-0.56 0.64 99.947 
-0.56 0.72 99.9611 
-0.56 0.8 99.9687 
-0.56 0.88 99.9726 
-0.56 0.96 99.9745 
-0.56 1.04 99.9754 
-0.56 1.12 99.9755 
-0.56 1.2 99.9752 
-0.56 1.28 99.9744 
-0.56 1.36 99.9735 
-0.56 1.44 99.9729 
-0.56 1.52 99.9725 
-0.56 1.6 99.9724 
-0.56 1.68 99.9724 
-0.56 1.76 99.9724 
-0.56 1.84 99.9724 
-0.56 1.92 99.9724 
-0.56 2 99.9724 
-0.56 2.08 99.9724 
-0.48 -2 2.72031e-05 
-0.48 -1.92 5.68352e-05 
-0.48 -1.84 0.000118745 
-0.48 -1.76 0.000248091 
-0.48 -1.68 0.000518328 
-0.48 -1.6 0.00108292 
-0.48 -1.52 0.00226245 
-0.48 -1.44 0.00472665 
-0.48 -1.36 0.00987436 
-0.48 -1.28 0.0206267 
-0.48 -1.2 0.0430812 
-0.48 -1.12 0.0899535 
-0.48 -1.04 0.187714 
-0.48 -0.96 0.391267 
-0.48 -0.88 0.813634 
-0.48 -0.8 1.68389 
-0.48 -0.72 3.45159 
-0.48 -0.64 6.94114 
-0.48 -0.56 13.4594 
-0.48 -0.48 24.4716 
-0.48 -0.4 40.2676 
-0.48 -0.32 58.3338 
-0.48 -0.24 74.358 
-0.48 -0.16 85.6807 
-0.48 -0.08 92.4696 
-0.48 6.93889e-16 96.1545 
-0.48 0.08 98.0529 
-0.48 0.16 99.0085 
-0.48 0.24 99.4866 
-0.48 0.32 99.7269 
-0.48 0.4 99.849 
-0.48 0.48 99.9121 
-0.48 0.56 99.9454 
-0.48 0.64 99.9634 
-0.48 0.72 99.9731 
-0.48 0.8 99.9784 
-0.48 0.88 99.9811 
-0.48 0.96 99.9824 
-0.48 1.04 99.9829 
-0.48 1.12 99.9831 
-0.48 1.2 99.9828 
-0.48 1.28 99.9823 
-0.48 1.36 99.9817 
-0.48 1.44 99.9812 
-0.48 1.52 99.981 
-0.48 1.6 99.9809 
-0.48 1.68 99.9809 
-0.48 1.76 99.9809 
-0.48 1.84 99.9809 
-0.48 1.92 99.9809 
-0.48 2 99.9809 
-0.48 2.08 99.9809 
-0.4 -2 3.93205e-05 
-0.4 -1.92 8.21518e-05 
-0.4 -1.84 0.000171638 
-0.4 -1.76 0.0003586 
-0.4 -1.68 0.000749209 
-0.4 -1.6 0.00156528 
-0.4 -1.52 0.0032702 
-0.4 -1.44 0.00683194 
-0.4 -1.36 0.0142722 
-0.4 -1.28 0.029812 
-0.4 -1.2 0.0622593 
-0.4 -1.12 0.12997 
-0.4 -1.04 0.271103 
-0.4 -0.96 0.564569 
-0.4 -0.88 1.17181 
-0.4 -0.8 2.41584 
-0.4 -0.72 4.91352 
-0.4 -0.64 9.7321 
-0.4 -0.56 18.3543 
-0.4 -0.48 31.8955 
-0.4 -0.4 49.3521 
-0.4 -0.32 66.9274 
-0.4 -0.24 80.738 
-0.4 -0.16 89.6361 
-0.4 -0.08 94.6664 
-0.4 6.93889e-16 97.3077 
-0.4 0.08 98.6448 
-0.4 0.16 99.312 
-0.4 0.24 99.6443 
-0.4 0.32 99.8109 
-0.4 0.4 99.8955 
-0.4 0.48 99.9392 
-0.4 0.56 99.9622 
-0.4 0.64 99.9746 
-0.4 0.72 99.9814 
-0.4 0.8 99.985 
-0.4 0.88 99.9869 
-0.4 0.96 99.9878 
-0.4 1.04 99.9882 
-0.4 1.12 99.9883 
-0.4 1.2 99.9881 
-0.4 1.28 99.9877 
-0.4 1.36 99.9873 
-0.4 1.44 99.987 
-0.4 1.52 99.9869 
-0.4 1.6 99.9868 
-0.4 1.68 99.9868 
-0.4 1.76 99.9868 
-0.4 1.84 99.9868 
-0.4 1.92 99.9868 
-0.4 2 99.9868 
-0.4 2.08 99.9868 
-0.32 -2 5.68354e-05 
-0.32 -1.92 0.000118745 
-0.32 -1.84 0.000248093 
-0.32 -1.76 0.000518333 
-0.32 -1.68 0.00108293 
-0.32 -1.6 0.0022625 
-0.32 -1.52 0.00472681 
-0.32 -1.44 0.00987486 
-0.32 -1.36 0.0206282 
-0.32 -1.28 0.0430857 
-0.32 -1.2 0.0899671 
-0.32 -1.12 0.187755 
-0.32 -1.04 0.391391 
-0.32 -0.96 0.814003 
-0.32 -0.88 1.68499 
-0.32 -0.8 3.45478 
-0.32 -0.72 6.95008 
-0.32 -0.64 13.4827 
-0.32 -0.56 24.525 
-0.32 -0.48 40.3677 
-0.32 -0.4 58.4797 
-0.32 -0.32 74.5227 
-0.32 -0.24 85.833 
-0.32 -0.16 92.5934 
-0.32 -0.08 96.2484 
-0.32 6.93889e-16 98.1218 
-0.32 0.08 99.0585 
-0.32 0.16 99.523 
-0.32 0.24 99.7536 
-0.32 0.32 99.8691 
-0.32 0.4 99.9277 
-0.32 0.48 99.9579 
-0.32 0.56 99.9739 
-0.32 0.64 99.9825 
-0.32 0.72 99.9871 
-0.32 0.8 99.9896 
-0.32 0.88 99.9909 
-0.32 0.96 99.9916 
-0.32 1.04 99.9918 
-0.32 1.12 99.9919 
-0.32 1.2 99.9918 
-0.32 1.28 99.9915 
-0.32 1.36 99.9912 
-0.32 1.44 99.991 
-0.32 1.52 99.9909 
-0.32 1.6 99.9909 
-0.32 1.68 99.9909 
-0.32 1.76 99.9909 
-0.32 1.84 99.9909 
-0.32 1.92 99.9909 
-0.32 2 99.9909 
-0.32 2.08 99.9909 
-0.24 -2 8.21521e-05 
-0.24 -1.92 0.000171639 
-0.24 -1.84 0.000358603 
-0.24 -1.76 0.000749218 
-0.24 -1.68 0.00156531 
-0.24 -1.6 0.00327028 
-0.24 -1.52 0.00683218 
-0.24 -1.44 0.0142729 
-0.24 -1.36 0.0298141 
-0.24 -1.28 0.0622658 
-0.24 -1.2 0.12999 
-0.24 -1.12 0.271162 
-0.24 -1.04 0.564747 
-0.24 -0.96 1.17234 
-0.24 -0.88 2.4174 
-0.24 -0.8 4.91799 
-0.24 -0.72 9.74425 
-0.24 -0.64 18.3843 
-0.24 -0.56 31.9582 
-0.24 -0.48 49.4562 
-0.24 -0.4 67.0603 
-0.24 -0.32 80.8723 
-0.24 -0.24 89.7514 
-0.24 -0.16 94.7562 
-0.24 -0.08 97.3742 
-0.24 6.93889e-16 98.693 
-0.24 0.08 99.3467 
-0.24 0.16 99.6695 
-0.24 0.24 99.8294 
-0.24 0.32 99.9094 
-0.24 0.4 99.95 
-0.24 0.48 99.9709 
-0.24 0.56 99.9819 
-0.24 0.64 99.9879 
-0.24 0.72 99.9911 
-0.24 0.8 99.9928 
-0.24 0.88 99.9937 
-0.24 0.96 99.9942 
-0.24 1.04 99.9944 
-0.24 1.12 99.9944 
-0.24 1.2 99.9943 
-0.24 1.28 99.9941 
-0.24 1.36 99.9939 
-0.24 1.44 99.9938 
-0.24 1.52 99.9937 
-0.24 1.6 99.9937 
-0.24 1.68 99.9937 
-0.24 1.76 99.9937 
-0.24 1.84 99.9937 
-0.24 1.92 99.9937 
-0.24 2 99.9937 
-0.24 2.08 99.9937 
-0.16 -2 0.000118746 
-0.16 -1.92 0.000248094 
-0.16 -1.84 0.000518338 
-0.16 -1.76 0.00108295 
-0.16 -1.68 0.00226254 
-0.16 -1.6 0.00472693 
-0.16 -1.52 0.0098752 
-0.16 -1.44 0.0206293 
-0.16 -1.36 0.0430888 
-0.16 -1.28 0.0899766 
-0.16 -1.2 0.187784 
-0.16 -1.12 0.391476 
-0.16 -1.04 0.814259 
-0.16 -0.96 1.68575 
-0.16 -0.88 3.45699 
-0.16 -0.8 6.95627 
-0.16 -0.72 13.4988 
-0.16 -0.64 24.562 
-0.16 -0.56 40.4372 
-0.16 -0.48 58.5808 
-0.16 -0.4 74.6366 
-0.16 -0.32 85.9379 
-0.16 -0.24 92.6785 
-0.16 -0.16 96.3126 
-0.16 -0.08 98.1686 
-0.16 6.93889e-16 99.0921 
-0.16 0.08 99.5471 
-0.16 0.16 99.7711 
-0.16 0.24 99.8819 
-0.16 0.32 99.9373 
-0.16 0.4 99.9654 
-0.16 0.48 99.9799 
-0.16 0.56 99.9875 
-0.16 0.64 99.9916 
-0.16 0.72 99.994 
-0.16 0.8 99.9953 
-0.16 0.88 99.996 
-0.16 0.96 99.9965 
-0.16 1.04 99.9968 
-0.16 1.12 99.9971 
-0.16 1.2 99.9972 
-0.16 1.28 99.9973 
-0.16 1.36 99.9958 
-0.16 1.44 99.9957 
-0.16 1.52 99.9956 
-0.16 1.6 99.9956 
-0.16 1.68 99.9956 
-0.16 1.76 99.9956 
-0.16 1.84 99.9956 
-0.16 1.92 99.9956 
-0.16 2 99.9956 
-0.16 2.08 99.9956 
-0.08 -2 0.00017164 
-0.08 -1.92 0.000358605 
-0.08 -1.84 0.000749224 
-0.08 -1.76 0.00156533 
-0.08 -1.68 0.00327034 
-0.08 -1.6 0.00683234 
-0.08 -1.52 0.0142734 
-0.08 -1.44 0.0298156 
-0.08 -1.36 0.0622704 
-0.08 -1.28 0.130004 
-0.08 -1.2 0.271204 
-0.08 -1.12 0.56487 
-0.08 -1.04 1.17271 
-0.08 -0.96 2.41849 
-0.08 -0.88 4.92109 
-0.08 -0.8 9.75267 
-0.08 -0.72 18.405 
-0.08 -0.64 32.0016 
-0.08 -0.56 49.5283 
-0.08 -0.48 67.1522 
-0.08 -0.4 80.965 
-0.08 -0.32 89.8308 
-0.08 -0.24 94.8178 
-0.08 -0.16 97.4196 
-0.08 -0.08 98.7258 
-0.08 6.93889e-16 99.3701 
-0.08 0.08 99.6863 
-0.08 0.16 99.8415 
-0.08 0.24 99.9183 
-0.08 0.32 99.9566 
-0.08 0.4 99.976 
-0.08 0.48 99.9861 
-0.08 0.56 99.9915 
-0.08 0.64 99.9943 
-0.08 0.72 99.9959 
-0.08 0.8 99.9967 
-0.08 0.88 99.9973 
-0.08 0.96 99.9976 
-0.08 1.04 99.9978 
-0.08 1.12 99.998 
-0.08 1.2 99.9981 
-0.08 1.28 99.9981 
-0.08 1.36 99.9981 
-0.08 1.44 99.9981 
-0.08 1.52 99.9981 
-0.08 1.6 99.9981 
-0.08 1.68 99.9981 
-0.08 1.76 99.9981 
-0.08 1.84 99.9981 
-0.08 1.92 99.9981 
-0.08 2 99.9981 
-0.08 2.08 99.9981 
2.47025e-15 -2 0.000248095 
2.47025e-15 -1.92 0.00051834 
2.47025e-15 -1.84 0.00108295 
2.47025e-15 -1.76 0.00226257 
2.47025e-15 -1.68 0.004727 
2.47025e-15 -1.6 0.00987544 
2.47025e-15 -1.52 0.02063 
2.47025e-15 -1.44 0.043091 
2.47025e-15 -1.36 0.0899831 
2.47025e-15 -1.28 0.187804 
2.47025e-15 -1.2 0.391535 
2.47025e-15 -1.12 0.814437 
2.47025e-15 -1.04 1.68627 
2.47025e-15 -0.96 3.45852 
2.47025e-15 -0.88 6.96056 
2.47025e-15 -0.8 13.51 
2.47025e-15 -0.72 24.5876 
2.47025e-15 -0.64 40.4853 
2.47025e-15 -0.56 58.6507 
2.47025e-15 -0.48 74.7154 
2.47025e-15 -0.4 86.0104 
2.47025e-15 -0.32 92.737 
2.47025e-15 -0.24 96.3566 
2.47025e-15 -0.16 98.2005 
2.47025e-15 -0.08 99.115 
2.47025e-15 6.93889e-16 99.5634 
2.47025e-15 0.08 99.7827 
2.47025e-15 0.16 99.8903 
2.47025e-15 0.24 99.9435 
2.47025e-15 0.32 99.97 
2.47025e-15 0.4 99.9834 
2.47025e-15 0.48 99.9905 
2.47025e-15 0.56 99.9941 
2.47025e-15 0.64 99.9961 
2.47025e-15 0.72 99.9971 
2.47025e-15 0.8 99.9977 
2.47025e-15 0.88 99.9981 
2.47025e-15 0.96 99.9983 
2.47025e-15 1.04 99.9985 
2.47025e-15 1.12 99.9986 
2.47025e-15 1.2 99.9987 
2.47025e-15 1.28 99.9987 
2.47025e-15 1.36 99.9987 
2.47025e-15 1.44 99.9987 
2.47025e-15 1.52 99.9987 
2.47025e-15 1.6 99.9987 
2.47025e-15 1.68 99.9987 
2.47025e-15 1.76 99.9987 
2.47025e-15 1.84 99.9987 
2.47025e-15 1.92 99.9987 
2.47025e-15 2 99.9987 
2.47025e-15 2.08 99.9987 
0.08 -2 0.000358606 
0.08 -1.92 0.000749228 
0.08 -1.84 0.00156534 
0.08 -1.76 0.00327037 
0.08 -1.68 0.00683246 
0.08 -1.6 0.0142737 
0.08 -1.52 0.0298167 
0.08 -1.44 0.0622735 
0.08 -1.36 0.130013 
0.08 -1.28 0.271232 
0.08 -1.2 0.564955 
0.08 -1.12 1.17296 
0.08 -1.04 2.41923 
0.08 -0.96 4.92323 
0.08 -0.88 9.7585 
0.08 -0.8 18.4194 
0.08 -0.72 32.0317 
0.08 -0.64 49.5782 
0.08 -0.56 67.2158 
0.08 -0.48 81.0291 
0.08 -0.4 89.8855 
0.08 -0.32 94.8602 
0.08 -0.24 97.4508 
0.08 -0.16 98.7481 
0.08 -0.08 99.386 
0.08 6.93889e-16 99.6975 
0.08 0.08 99.8496 
0.08 0.16 99.9241 
0.08 0.24 99.9609 
0.08 0.32 99.9792 
0.08 0.4 99.9886 
0.08 0.48 99.9934 
0.08 0.56 99.9959 
0.08 0.64 99.9973 
0.08 0.72 99.998 
0.08 0.8 99.9984 
0.08 0.88 99.9987 
0.08 0.96 99.9988 
0.08 1.04 99.9989 
0.08 1.12 99.999 
0.08 1.2 99.9991 
0.08 1.28 99.9991 
0.08 1.36 99.9991 
0.08 1.44 99.9991 
0.08 1.52 99.9991 
0.08 1.6 99.9991 
0.08 1.68 99.9991 
0.08 1.76 99.9991 
0.08 1.84 99.9991 
0.08 1.92 99.9991 
0.08 2 99.9991 
0.08 2.08 99.9991 
