-4 -2 57.6591 
-4 -1.92 57.6591 
-4 -1.84 57.6591 
-4 -1.76 57.659 
-4 -1.68 57.659 
-4 -1.6 57.659 
-4 -1.52 57.6589 
-4 -1.44 57.6588 
-4 -1.36 57.6587 
-4 -1.28 57.6585 
-4 -1.2 57.6583 
-4 -1.12 57.6579 
-4 -1.04 57.6573 
-4 -0.96 57.6565 
-4 -0.88 57.6554 
-4 -0.8 57.6537 
-4 -0.72 57.6513 
-4 -0.64 57.6478 
-4 -0.56 57.6428 
-4 -0.48 57.6356 
-4 -0.4 57.6252 
-4 -0.32 57.6103 
-4 -0.24 57.5889 
-4 -0.16 57.5582 
-4 -0.08 57.5144 
-4 6.93889e-16 57.4525 
-4 0.08 57.3656 
-4 0.16 57.2454 
-4 0.24 57.0818 
-4 0.32 56.8653 
-4 0.4 56.5886 
-4 0.48 56.2528 
-4 0.56 55.8726 
-4 0.64 55.4814 
-4 0.72 55.1292 
-4 0.8 54.8682 
-4 0.88 54.7305 
-4 0.96 54.7113 
-4 1.04 54.7749 
-4 1.12 54.8763 
-4 1.2 54.9796 
-4 1.28 55.0629 
-4 1.36 55.1176 
-4 1.44 55.1468 
-4 1.52 55.1592 
-4 1.6 55.1632 
-4 1.68 55.1641 
-4 1.76 55.1642 
-4 1.84 55.1642 
-4 1.92 55.1642 
-3.92 -2 57.6591 
-3.92 -1.92 57.6591 
-3.92 -1.84 57.6591 
-3.92 -1.76 57.659 
-3.92 -1.68 57.659 
-3.92 -1.6 57.6589 
-3.92 -1.52 57.6589 
-3.92 -1.44 57.6588 
-3.92 -1.36 57.6586 
-3.92 -1.28 57.6584 
-3.92 -1.2 57.6581 
-3.92 -1.12 57.6576 
-3.92 -1.04 57.657 
-3.92 -0.96 57.656 
-3.92 -0.88 57.6546 
-3.92 -0.8 57.6526 
-3.92 -0.72 57.6497 
-3.92 -0.64 57.6456 
-3.92 -0.56 57.6396 
-3.92 -0.48 57.6309 
-3.92 -0.4 57.6184 
-3.92 -0.32 57.6004 
-3.92 -0.24 57.5746 
-3.92 -0.16 57.5377 
-3.92 -0.08 57.4851 
-3.92 6.93889e-16 57.4107 
-3.92 0.08 57.3063 
-3.92 0.16 57.1616 
-3.92 0.24 56.965 
-3.92 0.32 56.7045 
-3.92 0.4 56.3718 
-3.92 0.48 55.9679 
-3.92 0.56 55.5105 
-3.92 0.64 55.0401 
-3.92 0.72 54.6166 
-3.92 0.8 54.303 
-3.92 0.88 54.1379 
-3.92 0.96 54.1157 
-3.92 1.04 54.1932 
-3.92 1.12 54.316 
-3.92 1.2 54.4408 
-3.92 1.28 54.5411 
-3.92 1.36 54.6069 
-3.92 1.44 54.6418 
-3.92 1.52 54.6566 
-3.92 1.6 54.6614 
-3.92 1.68 54.6625 
-3.92 1.76 54.6626 
-3.92 1.84 54.6626 
-3.92 1.92 54.6626 
-3.84 -2 57.6591 
-3.84 -1.92 57.6591 
-3.84 -1.84 57.659 
-3.84 -1.76 57.659 
-3.84 -1.68 57.659 
-3.84 -1.6 57.6589 
-3.84 -1.52 57.6588 
-3.84 -1.44 57.6587 
-3.84 -1.36 57.6585 
-3.84 -1.28 57.6583 
-3.84 -1.2 57.6579 
-3.84 -1.12 57.6573 
-3.84 -1.04 57.6565 
-3.84 -0.96 57.6554 
-3.84 -0.88 57.6537 
-3.84 -0.8 57.6513 
-3.84 -0.72 57.6478 
-3.84 -0.64 57.6428 
-3.84 -0.56 57.6356 
-3.84 -0.48 57.6252 
-3.84 -0.4 57.6102 
-3.84 -0.32 57.5886 
-3.84 -0.24 57.5576 
-3.84 -0.16 57.5132 
-3.84 -0.08 57.45 
-3.84 6.93889e-16 57.3604 
-3.84 0.08 57.2349 
-3.84 0.16 57.0609 
-3.84 0.24 56.8245 
-3.84 0.32 56.5112 
-3.84 0.4 56.1111 
-3.84 0.48 55.6252 
-3.84 0.56 55.0751 
-3.84 0.64 54.5092 
-3.84 0.72 54 
-3.84 0.8 53.6234 
-3.84 0.88 53.4258 
-3.84 0.96 53.4004 
-3.84 1.04 53.4951 
-3.84 1.12 53.644 
-3.84 1.2 53.7949 
-3.84 1.28 53.9157 
-3.84 1.36 53.9946 
-3.84 1.44 54.0365 
-3.84 1.52 54.0542 
-3.84 1.6 54.0599 
-3.84 1.68 54.0611 
-3.84 1.76 54.0613 
-3.84 1.84 54.0613 
-3.84 1.92 54.0613 
-3.76 -2 57.6591 
-3.76 -1.92 57.6591 
-3.76 -1.84 57.659 
-3.76 -1.76 57.659 
-3.76 -1.68 57.6589 
-3.76 -1.6 57.6589 
-3.76 -1.52 57.6588 
-3.76 -1.44 57.6586 
-3.76 -1.36 57.6584 
-3.76 -1.28 57.6581 
-3.76 -1.2 57.6576 
-3.76 -1.12 57.657 
-3.76 -1.04 57.656 
-3.76 -0.96 57.6546 
-3.76 -0.88 57.6526 
-3.76 -0.8 57.6497 
-3.76 -0.72 57.6456 
-3.76 -0.64 57.6395 
-3.76 -0.56 57.6308 
-3.76 -0.48 57.6183 
-3.76 -0.4 57.6003 
-3.76 -0.32 57.5743 
-3.76 -0.24 57.537 
-3.76 -0.16 57.4837 
-3.76 -0.08 57.4076 
-3.76 6.93889e-16 57.3 
-3.76 0.08 57.149 
-3.76 0.16 56.9398 
-3.76 0.24 56.6555 
-3.76 0.32 56.2787 
-3.76 0.4 55.7974 
-3.76 0.48 55.213 
-3.76 0.56 54.5512 
-3.76 0.64 53.8707 
-3.76 0.72 53.2588 
-3.76 0.8 52.8067 
-3.76 0.88 52.5704 
-3.76 0.96 52.5419 
-3.76 1.04 52.6578 
-3.76 1.12 52.8388 
-3.76 1.2 53.0213 
-3.76 1.28 53.1669 
-3.76 1.36 53.2615 
-3.76 1.44 53.3115 
-3.76 1.52 53.3326 
-3.76 1.6 53.3394 
-3.76 1.68 53.341 
-3.76 1.76 53.3412 
-3.76 1.84 53.3412 
-3.76 1.92 53.3412 
-3.68 -2 57.6591 
-3.68 -1.92 57.659 
-3.68 -1.84 57.659 
-3.68 -1.76 57.659 
-3.68 -1.68 57.6589 
-3.68 -1.6 57.6588 
-3.68 -1.52 57.6587 
-3.68 -1.44 57.6585 
-3.68 -1.36 57.6583 
-3.68 -1.28 57.6579 
-3.68 -1.2 57.6573 
-3.68 -1.12 57.6565 
-3.68 -1.04 57.6554 
-3.68 -0.96 57.6537 
-3.68 -0.88 57.6513 
-3.68 -0.8 57.6478 
-3.68 -0.72 57.6428 
-3.68 -0.64 57.6356 
-3.68 -0.56 57.6251 
-3.68 -0.48 57.6101 
-3.68 -0.4 57.5884 
-3.68 -0.32 57.5571 
-3.68 -0.24 57.5123 
-3.68 -0.16 57.4482 
-3.68 -0.08 57.3567 
-3.68 6.93889e-16 57.2273 
-3.68 0.08 57.0457 
-3.68 0.16 56.7942 
-3.68 0.24 56.4522 
-3.68 0.32 55.999 
-3.68 0.4 55.4201 
-3.68 0.48 54.7171 
-3.68 0.56 53.9212 
-3.68 0.64 53.103 
-3.68 0.72 52.3678 
-3.68 0.8 51.8256 
-3.68 0.88 51.5438 
-3.68 0.96 51.5123 
-3.68 1.04 51.6549 
-3.68 1.12 51.8752 
-3.68 1.2 52.0961 
-3.68 1.28 52.2715 
-3.68 1.36 52.3849 
-3.68 1.44 52.4446 
-3.68 1.52 52.4697 
-3.68 1.6 52.4778 
-3.68 1.68 52.4796 
-3.68 1.76 52.4798 
-3.68 1.84 52.4798 
-3.68 1.92 52.4798 
-3.6 -2 57.6591 
-3.6 -1.92 57.659 
-3.6 -1.84 57.659 
-3.6 -1.76 57.6589 
-3.6 -1.68 57.6589 
-3.6 -1.6 57.6588 
-3.6 -1.52 57.6586 
-3.6 -1.44 57.6584 
-3.6 -1.36 57.6581 
-3.6 -1.28 57.6576 
-3.6 -1.2 57.657 
-3.6 -1.12 57.656 
-3.6 -1.04 57.6546 
-3.6 -0.96 57.6526 
-3.6 -0.88 57.6497 
-3.6 -0.8 57.6456 
-3.6 -0.72 57.6395 
-3.6 -0.64 57.6308 
-3.6 -0.56 57.6183 
-3.6 -0.48 57.6001 
-3.6 -0.4 57.574 
-3.6 -0.32 57.5365 
-3.6 -0.24 57.4826 
-3.6 -0.16 57.4055 
-3.6 -0.08 57.2956 
-3.6 6.93889e-16 57.1399 
-3.6 0.08 56.9216 
-3.6 0.16 56.6191 
-3.6 0.24 56.2077 
-3.6 0.32 55.6626 
-3.6 0.4 54.9662 
-3.6 0.48 54.1206 
-3.6 0.56 53.1635 
-3.6 0.64 52.1802 
-3.6 0.72 51.2975 
-3.6 0.8 50.6481 
-3.6 0.88 50.3128 
-3.6 0.96 50.2793 
-3.6 1.04 50.4554 
-3.6 1.12 50.7241 
-3.6 1.2 50.9919 
-3.6 1.28 51.203 
-3.6 1.36 51.3387 
-3.6 1.44 51.4097 
-3.6 1.52 51.4395 
-3.6 1.6 51.4491 
-3.6 1.68 51.4512 
-3.6 1.76 51.4515 
-3.6 1.84 51.4515 
-3.6 1.92 51.4515 
-3.52 -2 57.659 
-3.52 -1.92 57.659 
-3.52 -1.84 57.659 
-3.52 -1.76 57.6589 
-3.52 -1.68 57.6588 
-3.52 -1.6 57.6587 
-3.52 -1.52 57.6585 
-3.52 -1.44 57.6583 
-3.52 -1.36 57.6579 
-3.52 -1.28 57.6573 
-3.52 -1.2 57.6565 
-3.52 -1.12 57.6554 
-3.52 -1.04 57.6537 
-3.52 -0.96 57.6513 
-3.52 -0.88 57.6478 
-3.52 -0.8 57.6428 
-3.52 -0.72 57.6356 
-3.52 -0.64 57.6251 
-3.52 -0.56 57.61 
-3.52 -0.48 57.5882 
-3.52 -0.4 57.5568 
-3.52 -0.32 57.5117 
-3.52 -0.24 57.4469 
-3.52 -0.16 57.3542 
-3.52 -0.08 57.222 
-3.52 6.93889e-16 57.0349 
-3.52 0.08 56.7723 
-3.52 0.16 56.4085 
-3.52 0.24 55.9137 
-3.52 0.32 55.258 
-3.52 0.4 54.4203 
-3.52 0.48 53.4033 
-3.52 0.56 52.2527 
-3.52 0.64 51.0716 
-3.52 0.72 50.0131 
-3.52 0.8 49.2367 
-3.52 0.88 48.8393 
-3.52 0.96 48.8057 
-3.52 1.04 49.0241 
-3.52 1.12 49.3526 
-3.52 1.2 49.6774 
-3.52 1.28 49.9315 
-3.52 1.36 50.0936 
-3.52 1.44 50.1777 
-3.52 1.52 50.2129 
-3.52 1.6 50.2241 
-3.52 1.68 50.2267 
-3.52 1.76 50.227 
-3.52 1.84 50.227 
-3.52 1.92 50.227 
-3.44 -2 57.659 
-3.44 -1.92 57.659 
-3.44 -1.84 57.6589 
-3.44 -1.76 57.6589 
-3.44 -1.68 57.6588 
-3.44 -1.6 57.6586 
-3.44 -1.52 57.6584 
-3.44 -1.44 57.6581 
-3.44 -1.36 57.6576 
-3.44 -1.28 57.657 
-3.44 -1.2 57.656 
-3.44 -1.12 57.6546 
-3.44 -1.04 57.6526 
-3.44 -0.96 57.6497 
-3.44 -0.88 57.6456 
-3.44 -0.8 57.6395 
-3.44 -0.72 57.6308 
-3.44 -0.64 57.6182 
-3.44 -0.56 57.6001 
-3.44 -0.48 57.5739 
-3.44 -0.4 57.5362 
-3.44 -0.32 57.4819 
-3.44 -0.24 57.404 
-3.44 -0.16 57.2924 
-3.44 -0.08 57.1335 
-3.44 6.93889e-16 56.9085 
-3.44 0.08 56.5927 
-3.44 0.16 56.1551 
-3.44 0.24 55.56 
-3.44 0.32 54.7713 
-3.44 0.4 53.7637 
-3.44 0.48 52.5409 
-3.44 0.56 51.1584 
-3.44 0.64 49.7411 
-3.44 0.72 48.4738 
-3.44 0.8 47.5481 
-3.44 0.88 47.0797 
-3.44 0.96 47.0496 
-3.44 1.04 47.3219 
-3.44 1.12 47.7245 
-3.44 1.2 48.1188 
-3.44 1.28 48.4242 
-3.44 1.36 48.6171 
-3.44 1.44 48.7164 
-3.44 1.52 48.7576 
-3.44 1.6 48.7708 
-3.44 1.68 48.7737 
-3.44 1.76 48.7741 
-3.44 1.84 48.7742 
-3.44 1.92 48.7742 
-3.36 -2 57.659 
-3.36 -1.92 57.659 
-3.36 -1.84 57.6589 
-3.36 -1.76 57.6588 
-3.36 -1.68 57.6587 
-3.36 -1.6 57.6585 
-3.36 -1.52 57.6583 
-3.36 -1.44 57.6579 
-3.36 -1.36 57.6573 
-3.36 -1.28 57.6565 
-3.36 -1.2 57.6554 
-3.36 -1.12 57.6537 
-3.36 -1.04 57.6513 
-3.36 -0.96 57.6478 
-3.36 -0.88 57.6428 
-3.36 -0.8 57.6356 
-3.36 -0.72 57.6251 
-3.36 -0.64 57.61 
-3.36 -0.56 57.5881 
-3.36 -0.48 57.5566 
-3.36 -0.4 57.5113 
-3.36 -0.32 57.446 
-3.36 -0.24 57.3523 
-3.36 -0.16 57.2182 
-3.36 -0.08 57.0272 
-3.36 6.93889e-16 56.7565 
-3.36 0.08 56.3767 
-3.36 0.16 55.8504 
-3.36 0.24 55.1345 
-3.36 0.32 54.1859 
-3.36 0.4 52.9742 
-3.36 0.48 51.5045 
-3.36 0.56 49.8448 
-3.36 0.64 48.1467 
-3.36 0.72 46.6331 
-3.36 0.8 45.534 
-3.36 0.88 44.9864 
-3.36 0.96 44.9656 
-3.36 1.04 45.3073 
-3.36 1.12 45.802 
-3.36 1.2 46.2808 
-3.36 1.28 46.6472 
-3.36 1.36 46.8758 
-3.36 1.44 46.9921 
-3.36 1.52 47.04 
-3.36 1.6 47.0553 
-3.36 1.68 47.0587 
-3.36 1.76 47.0591 
-3.36 1.84 47.0591 
-3.36 1.92 47.0591 
-3.28 -2 57.659 
-3.28 -1.92 57.6589 
-3.28 -1.84 57.6589 
-3.28 -1.76 57.6588 
-3.28 -1.68 57.6586 
-3.28 -1.6 57.6584 
-3.28 -1.52 57.6581 
-3.28 -1.44 57.6576 
-3.28 -1.36 57.657 
-3.28 -1.28 57.656 
-3.28 -1.2 57.6546 
-3.28 -1.12 57.6526 
-3.28 -1.04 57.6497 
-3.28 -0.96 57.6455 
-3.28 -0.88 57.6395 
-3.28 -0.8 57.6308 
-3.28 -0.72 57.6182 
-3.28 -0.64 57.6 
-3.28 -0.56 57.5738 
-3.28 -0.48 57.5359 
-3.28 -0.4 57.4814 
-3.28 -0.32 57.4029 
-3.28 -0.24 57.2903 
-3.28 -0.16 57.129 
-3.28 -0.08 56.8992 
-3.28 6.93889e-16 56.5738 
-3.28 0.08 56.1169 
-3.28 0.16 55.4839 
-3.28 0.24 54.6228 
-3.28 0.32 53.4818 
-3.28 0.4 52.0252 
-3.28 0.48 50.2599 
-3.28 0.56 48.2701 
-3.28 0.64 46.2403 
-3.28 0.72 44.4396 
-3.28 0.8 43.1421 
-3.28 0.88 42.5091 
-3.28 0.96 42.508 
-3.28 1.04 42.9394 
-3.28 1.12 43.5488 
-3.28 1.2 44.1302 
-3.28 1.28 44.5685 
-3.28 1.36 44.8375 
-3.28 1.44 44.9725 
-3.28 1.52 45.0274 
-3.28 1.6 45.0448 
-3.28 1.68 45.0487 
-3.28 1.76 45.0492 
-3.28 1.84 45.0492 
-3.28 1.92 45.0492 
-3.2 -2 57.659 
-3.2 -1.92 57.6589 
-3.2 -1.84 57.6588 
-3.2 -1.76 57.6587 
-3.2 -1.68 57.6585 
-3.2 -1.6 57.6583 
-3.2 -1.52 57.6579 
-3.2 -1.44 57.6573 
-3.2 -1.36 57.6565 
-3.2 -1.28 57.6554 
-3.2 -1.2 57.6537 
-3.2 -1.12 57.6513 
-3.2 -1.04 57.6478 
-3.2 -0.96 57.6428 
-3.2 -0.88 57.6355 
-3.2 -0.8 57.6251 
-3.2 -0.72 57.6099 
-3.2 -0.64 57.5881 
-3.2 -0.56 57.5565 
-3.2 -0.48 57.511 
-3.2 -0.4 57.4454 
-3.2 -0.32 57.3511 
-3.2 -0.24 57.2156 
-3.2 -0.16 57.0217 
-3.2 -0.08 56.7454 
-3.2 6.93889e-16 56.3539 
-3.2 0.08 55.8044 
-3.2 0.16 55.043 
-3.2 0.24 54.0073 
-3.2 0.32 52.6353 
-3.2 0.4 50.885 
-3.2 0.48 48.7673 
-3.2 0.56 46.3867 
-3.2 0.64 43.969 
-3.2 0.72 41.8384 
-3.2 0.8 40.32 
-3.2 0.88 39.6003 
-3.2 0.96 39.6355 
-3.2 1.04 40.1837 
-3.2 1.12 40.9361 
-3.2 1.2 41.6416 
-3.2 1.28 42.1635 
-3.2 1.36 42.4771 
-3.2 1.44 42.6314 
-3.2 1.52 42.6933 
-3.2 1.6 42.7128 
-3.2 1.68 42.7171 
-3.2 1.76 42.7176 
-3.2 1.84 42.7177 
-3.2 1.92 42.7177 
-3.12 -2 57.6589 
-3.12 -1.92 57.6589 
-3.12 -1.84 57.6588 
-3.12 -1.76 57.6586 
-3.12 -1.68 57.6584 
-3.12 -1.6 57.6581 
-3.12 -1.52 57.6576 
-3.12 -1.44 57.657 
-3.12 -1.36 57.656 
-3.12 -1.28 57.6546 
-3.12 -1.2 57.6526 
-3.12 -1.12 57.6497 
-3.12 -1.04 57.6455 
-3.12 -0.96 57.6395 
-3.12 -0.88 57.6308 
-3.12 -0.8 57.6182 
-3.12 -0.72 57.6 
-3.12 -0.64 57.5737 
-3.12 -0.56 57.5357 
-3.12 -0.48 57.481 
-3.12 -0.4 57.4022 
-3.12 -0.32 57.2887 
-3.12 -0.24 57.1259 
-3.12 -0.16 56.8927 
-3.12 -0.08 56.5603 
-3.12 6.93889e-16 56.0895 
-3.12 0.08 55.4286 
-3.12 0.16 54.5127 
-3.12 0.24 53.2671 
-3.12 0.32 51.618 
-3.12 0.4 49.5168 
-3.12 0.48 46.9805 
-3.12 0.56 44.1414 
-3.12 0.64 41.2767 
-3.12 0.72 38.7764 
-3.12 0.8 37.0218 
-3.12 0.88 36.2237 
-3.12 0.96 36.3214 
-3.12 1.04 37.0224 
-3.12 1.12 37.9526 
-3.12 1.2 38.8069 
-3.12 1.28 39.4241 
-3.12 1.36 39.7851 
-3.12 1.44 39.9579 
-3.12 1.52 40.0258 
-3.12 1.6 40.0469 
-3.12 1.68 40.0515 
-3.12 1.76 40.0521 
-3.12 1.84 40.0521 
-3.12 1.92 40.0521 
-3.04 -2 57.6589 
-3.04 -1.92 57.6588 
-3.04 -1.84 57.6587 
-3.04 -1.76 57.6585 
-3.04 -1.68 57.6583 
-3.04 -1.6 57.6579 
-3.04 -1.52 57.6573 
-3.04 -1.44 57.6565 
-3.04 -1.36 57.6554 
-3.04 -1.28 57.6537 
-3.04 -1.2 57.6513 
-3.04 -1.12 57.6478 
-3.04 -1.04 57.6428 
-3.04 -0.96 57.6355 
-3.04 -0.88 57.6251 
-3.04 -0.8 57.6099 
-3.04 -0.72 57.588 
-3.04 -0.64 57.5564 
-3.04 -0.56 57.5108 
-3.04 -0.48 57.445 
-3.04 -0.4 57.3502 
-3.04 -0.32 57.2138 
-3.04 -0.24 57.0179 
-3.04 -0.16 56.7375 
-3.04 -0.08 56.3378 
-3.04 6.93889e-16 55.7715 
-3.04 0.08 54.9765 
-3.04 0.16 53.8749 
-3.04 0.24 52.3772 
-3.04 0.32 50.3962 
-3.04 0.4 47.8772 
-3.04 0.48 44.8479 
-3.04 0.56 41.478 
-3.04 0.64 38.11 
-3.04 0.72 35.2106 
-3.04 0.8 33.2201 
-3.04 0.88 32.3678 
-3.04 0.96 32.5683 
-3.04 1.04 33.4693 
-3.04 1.12 34.6197 
-3.04 1.2 35.6503 
-3.04 1.28 36.3731 
-3.04 1.36 36.7809 
-3.04 1.44 36.9688 
-3.04 1.52 37.0403 
-3.04 1.6 37.0621 
-3.04 1.68 37.0668 
-3.04 1.76 37.0674 
-3.04 1.84 37.0675 
-3.04 1.92 37.0675 
-2.96 -2 57.6589 
-2.96 -1.92 57.6588 
-2.96 -1.84 57.6586 
-2.96 -1.76 57.6584 
-2.96 -1.68 57.6581 
-2.96 -1.6 57.6576 
-2.96 -1.52 57.657 
-2.96 -1.44 57.656 
-2.96 -1.36 57.6546 
-2.96 -1.28 57.6526 
-2.96 -1.2 57.6497 
-2.96 -1.12 57.6455 
-2.96 -1.04 57.6395 
-2.96 -0.96 57.6308 
-2.96 -0.88 57.6182 
-2.96 -0.8 57.5999 
-2.96 -0.72 57.5736 
-2.96 -0.64 57.5356 
-2.96 -0.56 57.4808 
-2.96 -0.48 57.4017 
-2.96 -0.4 57.2877 
-2.96 -0.32 57.1237 
-2.96 -0.24 56.8881 
-2.96 -0.16 56.5509 
-2.96 -0.08 56.0702 
-2.96 6.93889e-16 55.389 
-2.96 0.08 54.4328 
-2.96 0.16 53.108 
-2.96 0.24 51.3081 
-2.96 0.32 48.9309 
-2.96 0.4 45.9173 
-2.96 0.48 42.3137 
-2.96 0.56 38.3418 
-2.96 0.64 34.4269 
-2.96 0.72 31.1226 
-2.96 0.8 28.9244 
-2.96 0.88 28.0676 
-2.96 0.96 28.4304 
-2.96 1.04 29.5915 
-2.96 1.12 31.0118 
-2.96 1.2 32.2473 
-2.96 1.28 33.0828 
-2.96 1.36 33.5318 
-2.96 1.44 33.7272 
-2.96 1.52 33.7978 
-2.96 1.6 33.8187 
-2.96 1.68 33.8231 
-2.96 1.76 33.8237 
-2.96 1.84 33.8237 
-2.96 1.92 33.8237 
-2.88 -2 57.6588 
-2.88 -1.92 57.6587 
-2.88 -1.84 57.6585 
-2.88 -1.76 57.6583 
-2.88 -1.68 57.6579 
-2.88 -1.6 57.6573 
-2.88 -1.52 57.6565 
-2.88 -1.44 57.6554 
-2.88 -1.36 57.6537 
-2.88 -1.28 57.6513 
-2.88 -1.2 57.6478 
-2.88 -1.12 57.6428 
-2.88 -1.04 57.6355 
-2.88 -0.96 57.625 
-2.88 -0.88 57.6099 
-2.88 -0.8 57.588 
-2.88 -0.72 57.5563 
-2.88 -0.64 57.5106 
-2.88 -0.56 57.4447 
-2.88 -0.48 57.3496 
-2.88 -0.4 57.2125 
-2.88 -0.32 57.0153 
-2.88 -0.24 56.732 
-2.88 -0.16 56.3265 
-2.88 -0.08 55.7482 
-2.88 6.93889e-16 54.9289 
-2.88 0.08 53.7788 
-2.88 0.16 52.1861 
-2.88 0.24 50.0245 
-2.88 0.32 47.1764 
-2.88 0.4 43.583 
-2.88 0.48 39.3219 
-2.88 0.56 34.6886 
-2.88 0.64 30.2126 
-2.88 0.72 26.5405 
-2.88 0.8 24.2076 
-2.88 0.88 23.4317 
-2.88 0.96 24.0397 
-2.88 1.04 25.5345 
-2.88 1.12 27.2797 
-2.88 1.2 28.7473 
-2.88 1.28 29.6961 
-2.88 1.36 30.1733 
-2.88 1.44 30.3634 
-2.88 1.52 30.426 
-2.88 1.6 30.4432 
-2.88 1.68 30.4468 
-2.88 1.76 30.4472 
-2.88 1.84 30.4473 
-2.88 1.92 30.4473 
-2.8 -2 57.6588 
-2.8 -1.92 57.6586 
-2.8 -1.84 57.6584 
-2.8 -1.76 57.6581 
-2.8 -1.68 57.6576 
-2.8 -1.6 57.657 
-2.8 -1.52 57.656 
-2.8 -1.44 57.6546 
-2.8 -1.36 57.6526 
-2.8 -1.28 57.6497 
-2.8 -1.2 57.6455 
-2.8 -1.12 57.6395 
-2.8 -1.04 57.6308 
-2.8 -0.96 57.6182 
-2.8 -0.88 57.5999 
-2.8 -0.8 57.5736 
-2.8 -0.72 57.5355 
-2.8 -0.64 57.4806 
-2.8 -0.56 57.4013 
-2.8 -0.48 57.2869 
-2.8 -0.4 57.1221 
-2.8 -0.32 56.8849 
-2.8 -0.24 56.5443 
-2.8 -0.16 56.0565 
-2.8 -0.08 55.361 
-2.8 6.93889e-16 54.3755 
-2.8 0.08 52.9925 
-2.8 0.16 51.0786 
-2.8 0.24 48.4855 
-2.8 0.32 45.0818 
-2.8 0.4 40.8176 
-2.8 0.48 35.8235 
-2.8 0.56 30.4994 
-2.8 0.64 25.5026 
-2.8 0.72 21.5677 
-2.8 0.8 19.2357 
-2.8 0.88 18.6702 
-2.8 0.96 19.6308 
-2.8 1.04 21.5428 
-2.8 1.12 23.6684 
-2.8 1.2 25.3896 
-2.8 1.28 26.4435 
-2.8 1.36 26.9273 
-2.8 1.44 27.093 
-2.8 1.52 27.1372 
-2.8 1.6 27.1471 
-2.8 1.68 27.149 
-2.8 1.76 27.1492 
-2.8 1.84 27.1492 
-2.8 1.92 27.1492 
-2.72 -2 57.6587 
-2.72 -1.92 57.6585 
-2.72 -1.84 57.6583 
-2.72 -1.76 57.6579 
-2.72 -1.68 57.6573 
-2.72 -1.6 57.6565 
-2.72 -1.52 57.6554 
-2.72 -1.44 57.6537 
-2.72 -1.36 57.6513 
-2.72 -1.28 57.6478 
-2.72 -1.2 57.6428 
-2.72 -1.12 57.6355 
-2.72 -1.04 57.625 
-2.72 -0.96 57.6099 
-2.72 -0.88 57.588 
-2.72 -0.8 57.5563 
-2.72 -0.72 57.5105 
-2.72 -0.64 57.4445 
-2.72 -0.56 57.3492 
-2.72 -0.48 57.2116 
-2.72 -0.4 57.0134 
-2.72 -0.32 56.7282 
-2.72 -0.24 56.3185 
-2.72 -0.16 55.7318 
-2.72 -0.08 54.8952 
-2.72 6.93889e-16 53.71 
-2.72 0.08 52.0473 
-2.72 0.16 49.7492 
-2.72 0.24 46.6443 
-2.72 0.32 42.5916 
-2.72 0.4 37.5678 
-2.72 0.48 31.7899 
-2.72 0.56 25.8033 
-2.72 0.64 20.4127 
-2.72 0.72 16.4136 
-2.72 0.8 14.2922 
-2.72 0.88 14.1103 
-2.72 0.96 15.5478 
-2.72 1.04 17.9606 
-2.72 1.12 20.5139 
-2.72 1.2 22.4997 
-2.72 1.28 23.6404 
-2.72 1.36 24.1011 
-2.72 1.44 24.2183 
-2.72 1.52 24.2315 
-2.72 1.6 24.2296 
-2.72 1.68 24.2286 
-2.72 1.76 24.2285 
-2.72 1.84 24.2285 
-2.72 1.92 24.2285 
-2.64 -2 57.6586 
-2.64 -1.92 57.6584 
-2.64 -1.84 57.6581 
-2.64 -1.76 57.6576 
-2.64 -1.68 57.657 
-2.64 -1.6 57.656 
-2.64 -1.52 57.6546 
-2.64 -1.44 57.6526 
-2.64 -1.36 57.6497 
-2.64 -1.28 57.6455 
-2.64 -1.2 57.6395 
-2.64 -1.12 57.6308 
-2.64 -1.04 57.6181 
-2.64 -0.96 57.5999 
-2.64 -0.88 57.5736 
-2.64 -0.8 57.5355 
-2.64 -0.72 57.4805 
-2.64 -0.64 57.4011 
-2.64 -0.56 57.2864 
-2.64 -0.48 57.1211 
-2.64 -0.4 56.8827 
-2.64 -0.32 56.5397 
-2.64 -0.24 56.047 
-2.64 -0.16 55.3412 
-2.64 -0.08 54.335 
-2.64 6.93889e-16 52.9098 
-2.64 0.08 50.912 
-2.64 0.16 48.1561 
-2.64 0.24 44.4485 
-2.64 0.32 39.6499 
-2.64 0.4 33.7933 
-2.64 0.48 27.2324 
-2.64 0.56 20.7066 
-2.64 0.64 15.1697 
-2.64 0.72 11.4121 
-2.64 0.8 9.77795 
-2.64 0.88 10.1778 
-2.64 0.96 12.2136 
-2.64 1.04 15.1939 
-2.64 1.12 18.2024 
-2.64 1.2 20.448 
-2.64 1.28 21.6491 
-2.64 1.36 22.0538 
-2.64 1.44 22.0973 
-2.64 1.52 22.0663 
-2.64 1.6 22.048 
-2.64 1.68 22.0431 
-2.64 1.76 22.0425 
-2.64 1.84 22.0424 
-2.64 1.92 22.0424 
-2.56 -2 57.6585 
-2.56 -1.92 57.6583 
-2.56 -1.84 57.6579 
-2.56 -1.76 57.6573 
-2.56 -1.68 57.6565 
-2.56 -1.6 57.6554 
-2.56 -1.52 57.6537 
-2.56 -1.44 57.6513 
-2.56 -1.36 57.6478 
-2.56 -1.28 57.6428 
-2.56 -1.2 57.6355 
-2.56 -1.12 57.625 
-2.56 -1.04 57.6099 
-2.56 -0.96 57.5879 
-2.56 -0.88 57.5563 
-2.56 -0.8 57.5105 
-2.56 -0.72 57.4444 
-2.56 -0.64 57.3489 
-2.56 -0.56 57.211 
-2.56 -0.48 57.0122 
-2.56 -0.4 56.7255 
-2.56 -0.32 56.313 
-2.56 -0.24 55.7203 
-2.56 -0.16 54.8715 
-2.56 -0.08 53.6612 
-2.56 6.93889e-16 51.948 
-2.56 0.08 49.5495 
-2.56 0.16 46.2512 
-2.56 0.24 41.8421 
-2.56 0.32 36.2067 
-2.56 0.4 29.4831 
-2.56 0.48 22.2304 
-2.56 0.56 15.4248 
-2.56 0.64 10.1271 
-2.56 0.72 7.00627 
-2.56 0.8 6.16238 
-2.56 0.88 7.32647 
-2.56 0.96 10.0479 
-2.56 1.04 13.6243 
-2.56 1.12 17.0835 
-2.56 1.2 19.5669 
-2.56 1.28 20.799 
-2.56 1.36 21.1196 
-2.56 1.44 21.0696 
-2.56 1.52 20.9845 
-2.56 1.6 20.9462 
-2.56 1.68 20.9367 
-2.56 1.76 20.9354 
-2.56 1.84 20.9353 
-2.56 1.92 20.9353 
-2.48 -2 57.6584 
-2.48 -1.92 57.6581 
-2.48 -1.84 57.6576 
-2.48 -1.76 57.657 
-2.48 -1.68 57.656 
-2.48 -1.6 57.6546 
-2.48 -1.52 57.6526 
-2.48 -1.44 57.6497 
-2.48 -1.36 57.6455 
-2.48 -1.28 57.6395 
-2.48 -1.2 57.6308 
-2.48 -1.12 57.6181 
-2.48 -1.04 57.5999 
-2.48 -0.96 57.5735 
-2.48 -0.88 57.5354 
-2.48 -0.8 57.4804 
-2.48 -0.72 57.4009 
-2.48 -0.64 57.2861 
-2.48 -0.56 57.1203 
-2.48 -0.48 56.8812 
-2.48 -0.4 56.5365 
-2.48 -0.32 56.0403 
-2.48 -0.24 55.3274 
-2.48 -0.16 54.3064 
-2.48 -0.08 52.8512 
-2.48 6.93889e-16 50.7927 
-2.48 0.08 47.9172 
-2.48 0.16 43.9812 
-2.48 0.24 38.7701 
-2.48 0.32 32.2311 
-2.48 0.4 24.6805 
-2.48 0.48 16.9632 
-2.48 0.56 10.3005 
-2.48 0.64 5.74322 
-2.48 0.72 3.67803 
-2.48 0.8 3.88111 
-2.48 0.88 5.92213 
-2.48 0.96 9.35027 
-2.48 1.04 13.4966 
-2.48 1.12 17.364 
-2.48 1.2 20.0474 
-2.48 1.28 21.2858 
-2.48 1.36 21.5082 
-2.48 1.44 21.3572 
-2.48 1.52 21.2144 
-2.48 1.6 21.155 
-2.48 1.68 21.1406 
-2.48 1.76 21.1386 
-2.48 1.84 21.1385 
-2.48 1.92 21.1385 
-2.4 -2 57.6583 
-2.4 -1.92 57.6579 
-2.4 -1.84 57.6573 
-2.4 -1.76 57.6565 
-2.4 -1.68 57.6554 
-2.4 -1.6 57.6537 
-2.4 -1.52 57.6513 
-2.4 -1.44 57.6478 
-2.4 -1.36 57.6428 
-2.4 -1.28 57.6355 
-2.4 -1.2 57.625 
-2.4 -1.12 57.6099 
-2.4 -1.04 57.5879 
-2.4 -0.96 57.5562 
-2.4 -0.88 57.5104 
-2.4 -0.8 57.4443 
-2.4 -0.72 57.3487 
-2.4 -0.64 57.2106 
-2.4 -0.56 57.0113 
-2.4 -0.48 56.7237 
-2.4 -0.4 56.3091 
-2.4 -0.32 55.7123 
-2.4 -0.24 54.8549 
-2.4 -0.16 53.6269 
-2.4 -0.08 51.8776 
-2.4 6.93889e-16 49.4067 
-2.4 0.08 45.9662 
-2.4 0.16 41.2901 
-2.4 0.24 35.1865 
-2.4 0.32 27.7296 
-2.4 0.4 19.5132 
-2.4 0.48 11.7348 
-2.4 0.56 5.78635 
-2.4 0.64 2.503 
-2.4 0.72 1.82834 
-2.4 0.8 3.20767 
-2.4 0.88 6.1258 
-2.4 0.96 10.1996 
-2.4 1.04 14.8328 
-2.4 1.12 19.0321 
-2.4 1.2 21.8679 
-2.4 1.28 23.0975 
-2.4 1.36 23.2263 
-2.4 1.44 22.9824 
-2.4 1.52 22.787 
-2.4 1.6 22.7082 
-2.4 1.68 22.6893 
-2.4 1.76 22.6867 
-2.4 1.84 22.6866 
-2.4 1.92 22.6866 
-2.32 -2 57.6581 
-2.32 -1.92 57.6576 
-2.32 -1.84 57.657 
-2.32 -1.76 57.656 
-2.32 -1.68 57.6546 
-2.32 -1.6 57.6526 
-2.32 -1.52 57.6497 
-2.32 -1.44 57.6455 
-2.32 -1.36 57.6395 
-2.32 -1.28 57.6308 
-2.32 -1.2 57.6181 
-2.32 -1.12 57.5999 
-2.32 -1.04 57.5735 
-2.32 -0.96 57.5354 
-2.32 -0.88 57.4804 
-2.32 -0.8 57.4008 
-2.32 -0.72 57.2858 
-2.32 -0.64 57.1198 
-2.32 -0.56 56.8801 
-2.32 -0.48 56.5343 
-2.32 -0.4 56.0357 
-2.32 -0.32 55.3178 
-2.32 -0.24 54.2865 
-2.32 -0.16 52.8099 
-2.32 -0.08 50.7083 
-2.32 6.93889e-16 47.7463 
-2.32 0.08 43.6428 
-2.32 0.16 38.124 
-2.32 0.24 31.0687 
-2.32 0.32 22.7742 
-2.32 0.4 14.2237 
-2.32 0.48 6.96982 
-2.32 0.56 2.37252 
-2.32 0.64 0.792353 
-2.32 0.72 1.65207 
-2.32 0.8 4.16257 
-2.32 0.88 7.83971 
-2.32 0.96 12.4274 
-2.32 1.04 17.4241 
-2.32 1.12 21.859 
-2.32 1.2 24.7968 
-2.32 1.28 26.0136 
-2.32 1.36 26.0695 
-2.32 1.44 25.7541 
-2.32 1.52 25.5182 
-2.32 1.6 25.4246 
-2.32 1.68 25.4021 
-2.32 1.76 25.3991 
-2.32 1.84 25.3989 
-2.32 1.92 25.3989 
-2.24 -2 57.6579 
-2.24 -1.92 57.6573 
-2.24 -1.84 57.6565 
-2.24 -1.76 57.6554 
-2.24 -1.68 57.6537 
-2.24 -1.6 57.6513 
-2.24 -1.52 57.6478 
-2.24 -1.44 57.6428 
-2.24 -1.36 57.6355 
-2.24 -1.28 57.625 
-2.24 -1.2 57.6099 
-2.24 -1.12 57.5879 
-2.24 -1.04 57.5562 
-2.24 -0.96 57.5104 
-2.24 -0.88 57.4442 
-2.24 -0.8 57.3485 
-2.24 -0.72 57.2103 
-2.24 -0.64 57.0107 
-2.24 -0.56 56.7224 
-2.24 -0.48 56.3065 
-2.24 -0.4 55.7067 
-2.24 -0.32 54.8433 
-2.24 -0.24 53.6029 
-2.24 -0.16 51.8281 
-2.24 -0.08 49.3055 
-2.24 6.93889e-16 45.7625 
-2.24 0.08 40.891 
-2.24 0.16 34.4404 
-2.24 0.24 26.4385 
-2.24 0.32 17.5337 
-2.24 0.4 9.18212 
-2.24 0.48 3.15903 
-2.24 0.56 0.463407 
-2.24 0.64 0.776198 
-2.24 0.72 3.07473 
-2.24 0.8 6.51311 
-2.24 0.88 10.7488 
-2.24 0.96 15.682 
-2.24 1.04 20.9049 
-2.24 1.12 25.4773 
-2.24 1.2 28.4711 
-2.24 1.28 29.6785 
-2.24 1.36 29.6904 
-2.24 1.44 29.3317 
-2.24 1.52 29.0708 
-2.24 1.6 28.968 
-2.24 1.68 28.9434 
-2.24 1.76 28.9401 
-2.24 1.84 28.9399 
-2.24 1.92 28.9399 
-2.16 -2 57.6576 
-2.16 -1.92 57.657 
-2.16 -1.84 57.656 
-2.16 -1.76 57.6546 
-2.16 -1.68 57.6526 
-2.16 -1.6 57.6497 
-2.16 -1.52 57.6455 
-2.16 -1.44 57.6395 
-2.16 -1.36 57.6308 
-2.16 -1.28 57.6181 
-2.16 -1.2 57.5999 
-2.16 -1.12 57.5735 
-2.16 -1.04 57.5354 
-2.16 -0.96 57.4803 
-2.16 -0.88 57.4007 
-2.16 -0.8 57.2857 
-2.16 -0.72 57.1195 
-2.16 -0.64 56.8794 
-2.16 -0.56 56.5327 
-2.16 -0.48 56.0324 
-2.16 -0.4 55.3111 
-2.16 -0.32 54.2725 
-2.16 -0.24 52.7811 
-2.16 -0.16 50.6489 
-2.16 -0.08 47.6253 
-2.16 6.93889e-16 43.4012 
-2.16 0.08 37.658 
-2.16 0.16 30.2236 
-2.16 0.24 21.3918 
-2.16 0.32 12.2997 
-2.16 0.4 4.85822 
-2.16 0.48 0.748306 
-2.16 0.56 0.251546 
-2.16 0.64 2.34658 
-2.16 0.72 5.7886 
-2.16 0.8 9.86184 
-2.16 0.88 14.4296 
-2.16 0.96 19.5416 
-2.16 1.04 24.8656 
-2.16 1.12 29.4904 
-2.16 1.2 32.5027 
-2.16 1.28 33.7067 
-2.16 1.36 33.7033 
-2.16 1.44 33.3284 
-2.16 1.52 33.0579 
-2.16 1.6 32.9514 
-2.16 1.68 32.926 
-2.16 1.76 32.9225 
-2.16 1.84 32.9223 
-2.16 1.92 32.9223 
-2.08 -2 57.6573 
-2.08 -1.92 57.6565 
-2.08 -1.84 57.6554 
-2.08 -1.76 57.6537 
-2.08 -1.68 57.6513 
-2.08 -1.6 57.6478 
-2.08 -1.52 57.6428 
-2.08 -1.44 57.6355 
-2.08 -1.36 57.625 
-2.08 -1.28 57.6099 
-2.08 -1.2 57.5879 
-2.08 -1.12 57.5562 
-2.08 -1.04 57.5104 
-2.08 -0.96 57.4441 
-2.08 -0.88 57.3484 
-2.08 -0.8 57.2101 
-2.08 -0.72 57.0102 
-2.08 -0.64 56.7215 
-2.08 -0.56 56.3046 
-2.08 -0.48 55.7029 
-2.08 -0.4 54.8352 
-2.08 -0.32 53.5862 
-2.08 -0.24 51.7934 
-2.08 -0.16 49.2343 
-2.08 -0.08 45.6184 
-2.08 6.93889e-16 40.6064 
-2.08 0.08 33.904 
-2.08 0.16 25.5081 
-2.08 0.24 16.1295 
-2.08 0.32 7.48632 
-2.08 0.4 1.73556 
-2.08 0.48 0.00608872 
-2.08 0.56 1.65608 
-2.08 0.64 5.17143 
-2.08 0.72 9.36272 
-2.08 0.8 13.7691 
-2.08 0.88 18.4657 
-2.08 0.96 23.6188 
-2.08 1.04 28.9459 
-2.08 1.12 33.5587 
-2.08 1.2 36.562 
-2.08 1.28 37.768 
-2.08 1.36 37.7717 
-2.08 1.44 37.4022 
-2.08 1.52 37.1341 
-2.08 1.6 37.0284 
-2.08 1.68 37.0031 
-2.08 1.76 36.9997 
-2.08 1.84 36.9995 
-2.08 1.92 36.9995 
-2 -2 57.657 
-2 -1.92 57.656 
-2 -1.84 57.6546 
-2 -1.76 57.6526 
-2 -1.68 57.6497 
-2 -1.6 57.6455 
-2 -1.52 57.6395 
-2 -1.44 57.6308 
-2 -1.36 57.6181 
-2 -1.28 57.5999 
-2 -1.2 57.5735 
-2 -1.12 57.5354 
-2 -1.04 57.4803 
-2 -0.96 57.4006 
-2 -0.88 57.2855 
-2 -0.8 57.1192 
-2 -0.72 56.8789 
-2 -0.64 56.5317 
-2 -0.56 56.0302 
-2 -0.48 55.3064 
-2 -0.4 54.2628 
-2 -0.32 52.761 
-2 -0.24 50.6073 
-2 -0.16 47.5403 
-2 -0.08 43.2303 
-2 6.93889e-16 37.3262 
-2 0.08 29.6191 
-2 0.16 20.4079 
-2 0.24 10.9787 
-2 0.32 3.58141 
-2 0.4 0.182409 
-2 0.48 0.935655 
-2 0.56 4.36217 
-2 0.64 8.81056 
-2 0.72 13.3635 
-2 0.8 17.8507 
-2 0.88 22.5221 
-2 0.96 27.6185 
-2 1.04 32.8819 
-2 1.12 37.4401 
-2 1.2 40.4163 
-2 1.28 41.6274 
-2 1.36 41.653 
-2 1.44 41.303 
-2 1.52 41.0453 
-2 1.6 40.9434 
-2 1.68 40.919 
-2 1.76 40.9157 
-2 1.84 40.9155 
-2 1.92 40.9155 
-1.92 -2 57.6565 
-1.92 -1.92 57.6554 
-1.92 -1.84 57.6537 
-1.92 -1.76 57.6513 
-1.92 -1.68 57.6478 
-1.92 -1.6 57.6428 
-1.92 -1.52 57.6355 
-1.92 -1.44 57.625 
-1.92 -1.36 57.6099 
-1.92 -1.28 57.5879 
-1.92 -1.2 57.5562 
-1.92 -1.12 57.5104 
-1.92 -1.04 57.4441 
-1.92 -0.96 57.3483 
-1.92 -0.88 57.21 
-1.92 -0.8 57.0099 
-1.92 -0.72 56.7209 
-1.92 -0.64 56.3033 
-1.92 -0.56 55.7002 
-1.92 -0.48 54.8296 
-1.92 -0.4 53.5745 
-1.92 -0.32 51.7692 
-1.92 -0.24 49.1845 
-1.92 -0.16 45.517 
-1.92 -0.08 40.4053 
-1.92 6.93889e-16 33.5231 
-1.92 0.08 24.8468 
-1.92 0.16 15.1481 
-1.92 0.24 6.38113 
-1.92 0.32 1.03966 
-1.92 0.4 0.333874 
-1.92 0.48 3.28374 
-1.92 0.56 7.93349 
-1.92 0.64 12.8341 
-1.92 0.72 17.4358 
-1.92 0.8 21.8246 
-1.92 0.88 26.3708 
-1.92 0.96 31.3508 
-1.92 1.04 36.5115 
-1.92 1.12 40.9906 
-1.92 1.2 43.9292 
-1.92 1.28 45.1468 
-1.92 1.36 45.2017 
-1.92 1.44 44.8789 
-1.92 1.52 44.6361 
-1.92 1.6 44.5395 
-1.92 1.68 44.5163 
-1.92 1.76 44.5132 
-1.92 1.84 44.513 
-1.92 1.92 44.513 
-1.84 -2 57.656 
-1.84 -1.92 57.6546 
-1.84 -1.84 57.6526 
-1.84 -1.76 57.6497 
-1.84 -1.68 57.6455 
-1.84 -1.6 57.6395 
-1.84 -1.52 57.6308 
-1.84 -1.44 57.6181 
-1.84 -1.36 57.5999 
-1.84 -1.28 57.5735 
-1.84 -1.2 57.5354 
-1.84 -1.12 57.4803 
-1.84 -1.04 57.4006 
-1.84 -0.96 57.2855 
-1.84 -0.88 57.119 
-1.84 -0.8 56.8785 
-1.84 -0.72 56.5309 
-1.84 -0.64 56.0287 
-1.84 -0.56 55.3032 
-1.84 -0.48 54.2561 
-1.84 -0.4 52.747 
-1.84 -0.32 50.5783 
-1.84 -0.24 47.4808 
-1.84 -0.16 43.1102 
-1.84 -0.08 37.092 
-1.84 6.93889e-16 29.1912 
-1.84 0.08 19.7155 
-1.84 0.16 10.0808 
-1.84 0.24 2.82726 
-1.84 0.32 0.149937 
-1.84 0.4 2.05142 
-1.84 0.48 6.63703 
-1.84 0.56 11.9335 
-1.84 0.64 16.8976 
-1.84 0.72 21.3332 
-1.84 0.8 25.5149 
-1.84 0.88 29.8813 
-1.84 0.96 34.7152 
-1.84 1.04 39.755 
-1.84 1.12 44.1446 
-1.84 1.2 47.0409 
-1.84 1.28 48.2645 
-1.84 1.36 48.3511 
-1.84 1.44 48.0583 
-1.84 1.52 47.8321 
-1.84 1.6 47.7415 
-1.84 1.68 47.7198 
-1.84 1.76 47.7168 
-1.84 1.84 47.7167 
-1.84 1.92 47.7167 
-1.76 -2 57.6554 
-1.76 -1.92 57.6537 
-1.76 -1.84 57.6513 
-1.76 -1.76 57.6478 
-1.76 -1.68 57.6428 
-1.76 -1.6 57.6355 
-1.76 -1.52 57.625 
-1.76 -1.44 57.6099 
-1.76 -1.36 57.5879 
-1.76 -1.28 57.5562 
-1.76 -1.2 57.5103 
-1.76 -1.12 57.4441 
-1.76 -1.04 57.3483 
-1.76 -0.96 57.2099 
-1.76 -0.88 57.0097 
-1.76 -0.8 56.7205 
-1.76 -0.72 56.3024 
-1.76 -0.64 55.6983 
-1.76 -0.56 54.8257 
-1.76 -0.48 53.5664 
-1.76 -0.4 51.7524 
-1.76 -0.32 49.1498 
-1.76 -0.24 45.4462 
-1.76 -0.16 40.264 
-1.76 -0.08 33.2547 
-1.76 6.93889e-16 24.3812 
-1.76 0.08 14.4674 
-1.76 0.16 5.66386 
-1.76 0.24 0.737846 
-1.76 0.32 0.940797 
-1.76 0.4 4.98266 
-1.76 0.48 10.5477 
-1.76 0.56 16.0061 
-1.76 0.64 20.7661 
-1.76 0.72 24.9104 
-1.76 0.8 28.8321 
-1.76 0.88 32.997 
-1.76 0.96 37.6757 
-1.76 1.04 42.5909 
-1.76 1.12 46.8895 
-1.76 1.2 49.7427 
-1.76 1.28 50.9714 
-1.76 1.36 51.0889 
-1.76 1.44 50.8257 
-1.76 1.52 50.616 
-1.76 1.6 50.5314 
-1.76 1.68 50.5111 
-1.76 1.76 50.5083 
-1.76 1.84 50.5081 
-1.76 1.92 50.5081 
-1.68 -2 57.6546 
-1.68 -1.92 57.6526 
-1.68 -1.84 57.6497 
-1.68 -1.76 57.6455 
-1.68 -1.68 57.6395 
-1.68 -1.6 57.6308 
-1.68 -1.52 57.6181 
-1.68 -1.44 57.5999 
-1.68 -1.36 57.5735 
-1.68 -1.28 57.5354 
-1.68 -1.2 57.4803 
-1.68 -1.12 57.4006 
-1.68 -1.04 57.2854 
-1.68 -0.96 57.1189 
-1.68 -0.88 56.8783 
-1.68 -0.8 56.5304 
-1.68 -0.72 56.0276 
-1.68 -0.64 55.301 
-1.68 -0.56 54.2514 
-1.68 -0.48 52.7372 
-1.68 -0.4 50.5581 
-1.68 -0.32 47.4393 
-1.68 -0.24 43.0262 
-1.68 -0.16 36.9277 
-1.68 -0.08 28.8905 
-1.68 6.93889e-16 19.2315 
-1.68 0.08 9.47175 
-1.68 0.16 2.38395 
-1.68 0.24 0.334705 
-1.68 0.32 3.17954 
-1.68 0.4 8.68152 
-1.68 0.48 14.6294 
-1.68 0.56 19.9043 
-1.68 0.64 24.3043 
-1.68 0.72 28.1004 
-1.68 0.8 31.7469 
-1.68 0.88 35.7101 
-1.68 0.96 40.2375 
-1.68 1.04 45.0329 
-1.68 1.12 49.2445 
-1.68 1.2 52.0563 
-1.68 1.28 53.2889 
-1.68 1.36 53.4347 
-1.68 1.44 53.1991 
-1.68 1.52 53.0048 
-1.68 1.6 52.9259 
-1.68 1.68 52.9068 
-1.68 1.76 52.9042 
-1.68 1.84 52.9041 
-1.68 1.92 52.9041 
-1.6 -2 57.6537 
-1.6 -1.92 57.6513 
-1.6 -1.84 57.6478 
-1.6 -1.76 57.6428 
-1.6 -1.68 57.6355 
-1.6 -1.6 57.625 
-1.6 -1.52 57.6098 
-1.6 -1.44 57.5879 
-1.6 -1.36 57.5562 
-1.6 -1.28 57.5103 
-1.6 -1.2 57.4441 
-1.6 -1.12 57.3483 
-1.6 -1.04 57.2098 
-1.6 -0.96 57.0096 
-1.6 -0.88 56.7202 
-1.6 -0.8 56.3018 
-1.6 -0.72 55.697 
-1.6 -0.64 54.823 
-1.6 -0.56 53.5608 
-1.6 -0.48 51.7408 
-1.6 -0.4 49.1256 
-1.6 -0.32 45.3968 
-1.6 -0.24 40.1653 
-1.6 -0.16 33.0666 
-1.6 -0.08 24.0553 
-1.6 6.93889e-16 13.9969 
-1.6 0.08 5.19613 
-1.6 0.16 0.630847 
-1.6 0.24 1.56878 
-1.6 0.32 6.46257 
-1.6 0.4 12.7237 
-1.6 0.48 18.6012 
-1.6 0.56 23.4831 
-1.6 0.64 27.4519 
-1.6 0.72 30.8882 
-1.6 0.8 34.2679 
-1.6 0.88 38.0413 
-1.6 0.96 42.4284 
-1.6 1.04 47.1134 
-1.6 1.12 51.2453 
-1.6 1.2 54.0188 
-1.6 1.28 55.2541 
-1.6 1.36 55.425 
-1.6 1.44 55.214 
-1.6 1.52 55.0335 
-1.6 1.6 54.9596 
-1.6 1.68 54.9417 
-1.6 1.76 54.9393 
-1.6 1.84 54.9392 
-1.6 1.92 54.9392 
-1.52 -2 57.6526 
-1.52 -1.92 57.6497 
-1.52 -1.84 57.6455 
-1.52 -1.76 57.6395 
-1.52 -1.68 57.6308 
-1.52 -1.6 57.6181 
-1.52 -1.52 57.5999 
-1.52 -1.44 57.5735 
-1.52 -1.36 57.5354 
-1.52 -1.28 57.4802 
-1.52 -1.2 57.4006 
-1.52 -1.12 57.2854 
-1.52 -1.04 57.1188 
-1.52 -0.96 56.8781 
-1.52 -0.88 56.53 
-1.52 -0.8 56.0269 
-1.52 -0.72 55.2994 
-1.52 -0.64 54.2482 
-1.52 -0.56 52.7305 
-1.52 -0.48 50.5441 
-1.52 -0.4 47.4104 
-1.52 -0.32 42.9677 
-1.52 -0.24 36.813 
-1.52 -0.16 28.6802 
-1.52 -0.08 18.8946 
-1.52 6.93889e-16 9.05804 
-1.52 0.08 2.12107 
-1.52 0.16 0.574643 
-1.52 0.24 4.14787 
-1.52 0.32 10.3409 
-1.52 0.4 16.7758 
-1.52 0.48 22.2886 
-1.52 0.56 26.6752 
-1.52 0.64 30.1983 
-1.52 0.72 33.2904 
-1.52 0.8 36.4241 
-1.52 0.88 40.0256 
-1.52 0.96 44.2867 
-1.52 1.04 48.873 
-1.52 1.12 52.9336 
-1.52 1.2 55.6725 
-1.52 1.28 56.9095 
-1.52 1.36 57.1021 
-1.52 1.44 56.9126 
-1.52 1.52 56.7443 
-1.52 1.6 56.6748 
-1.52 1.68 56.658 
-1.52 1.76 56.6557 
-1.52 1.84 56.6555 
-1.52 1.92 56.6555 
-1.44 -2 57.6513 
-1.44 -1.92 57.6478 
-1.44 -1.84 57.6428 
-1.44 -1.76 57.6355 
-1.44 -1.68 57.625 
-1.44 -1.6 57.6098 
-1.44 -1.52 57.5879 
-1.44 -1.44 57.5562 
-1.44 -1.36 57.5103 
-1.44 -1.28 57.4441 
-1.44 -1.2 57.3482 
-1.44 -1.12 57.2097 
-1.44 -1.04 57.0095 
-1.44 -0.96 56.72 
-1.44 -0.88 56.3014 
-1.44 -0.8 55.6961 
-1.44 -0.72 54.8212 
-1.44 -0.64 53.5569 
-1.44 -0.56 51.7327 
-1.44 -0.48 49.1088 
-1.44 -0.4 45.3624 
-1.44 -0.32 40.0966 
-1.44 -0.24 32.9354 
-1.44 -0.16 23.828 
-1.44 -0.08 13.6719 
-1.44 6.93889e-16 4.88836 
-1.44 0.08 0.611313 
-1.44 0.16 2.11211 
-1.44 0.24 7.64358 
-1.44 0.32 14.4205 
-1.44 0.4 20.6143 
-1.44 0.48 25.6034 
-1.44 0.56 29.4657 
-1.44 0.64 32.5623 
-1.44 0.72 35.3397 
-1.44 0.8 38.2537 
-1.44 0.88 41.7035 
-1.44 0.96 45.8538 
-1.44 1.04 50.3535 
-1.44 1.12 54.3515 
-1.44 1.2 57.0599 
-1.44 1.28 58.2979 
-1.44 1.36 58.5089 
-1.44 1.44 58.3378 
-1.44 1.52 58.1799 
-1.44 1.6 58.1143 
-1.44 1.68 58.0983 
-1.44 1.76 58.0962 
-1.44 1.84 58.0961 
-1.44 1.92 58.0961 
-1.36 -2 57.6497 
-1.36 -1.92 57.6455 
-1.36 -1.84 57.6395 
-1.36 -1.76 57.6308 
-1.36 -1.68 57.6181 
-1.36 -1.6 57.5999 
-1.36 -1.52 57.5735 
-1.36 -1.44 57.5354 
-1.36 -1.36 57.4802 
-1.36 -1.28 57.4005 
-1.36 -1.2 57.2853 
-1.36 -1.12 57.1188 
-1.36 -1.04 56.878 
-1.36 -0.96 56.5298 
-1.36 -0.88 56.0263 
-1.36 -0.8 55.2983 
-1.36 -0.72 54.246 
-1.36 -0.64 52.7258 
-1.36 -0.56 50.5344 
-1.36 -0.48 47.3904 
-1.36 -0.4 42.927 
-1.36 -0.32 36.7331 
-1.36 -0.24 28.5337 
-1.36 -0.16 18.6606 
-1.36 -0.08 8.77611 
-1.36 6.93889e-16 1.96246 
-1.36 0.08 0.798872 
-1.36 0.16 4.91392 
-1.36 0.24 11.6146 
-1.36 0.32 18.4104 
-1.36 0.4 24.1132 
-1.36 0.48 28.5171 
-1.36 0.56 31.8709 
-1.36 0.64 34.5777 
-1.36 0.72 37.0759 
-1.36 0.8 39.7977 
-1.36 0.88 43.1158 
-1.36 0.96 47.1702 
-1.36 1.04 51.5948 
-1.36 1.12 55.5385 
-1.36 1.2 58.2202 
-1.36 1.28 59.4587 
-1.36 1.36 59.6852 
-1.36 1.44 59.5298 
-1.36 1.52 59.3808 
-1.36 1.6 59.3185 
-1.36 1.68 59.3033 
-1.36 1.76 59.3012 
-1.36 1.84 59.3011 
-1.36 1.92 59.3011 
-1.28 -2 57.6478 
-1.28 -1.92 57.6428 
-1.28 -1.84 57.6355 
-1.28 -1.76 57.625 
-1.28 -1.68 57.6098 
-1.28 -1.6 57.5879 
-1.28 -1.52 57.5562 
-1.28 -1.44 57.5103 
-1.28 -1.36 57.4441 
-1.28 -1.28 57.3482 
-1.28 -1.2 57.2097 
-1.28 -1.12 57.0094 
-1.28 -1.04 56.7198 
-1.28 -0.96 56.3011 
-1.28 -0.88 55.6955 
-1.28 -0.8 54.8199 
-1.28 -0.72 53.5542 
-1.28 -0.64 51.727 
-1.28 -0.56 49.0972 
-1.28 -0.48 45.3385 
-1.28 -0.4 40.0487 
-1.28 -0.32 32.8441 
-1.28 -0.24 23.6699 
-1.28 -0.16 13.4476 
-1.28 -0.08 4.68378 
-1.28 6.93889e-16 0.625916 
-1.28 0.08 2.54336 
-1.28 0.16 8.54016 
-1.28 0.24 15.6935 
-1.28 0.32 22.1276 
-1.28 0.4 27.2186 
-1.28 0.48 31.0381 
-1.28 0.56 33.9234 
-1.28 0.64 36.2842 
-1.28 0.72 38.5393 
-1.28 0.8 41.0956 
-1.28 0.88 44.3006 
-1.28 0.96 48.2727 
-1.28 1.04 52.633 
-1.28 1.12 56.5301 
-1.28 1.2 59.1887 
-1.28 1.28 60.4274 
-1.28 1.36 60.6668 
-1.28 1.44 60.5246 
-1.28 1.52 60.3832 
-1.28 1.6 60.3236 
-1.28 1.68 60.3091 
-1.28 1.76 60.3071 
-1.28 1.84 60.307 
-1.28 1.92 60.307 
-1.2 -2 57.6455 
-1.2 -1.92 57.6395 
-1.2 -1.84 57.6308 
-1.2 -1.76 57.6181 
-1.2 -1.68 57.5999 
-1.2 -1.6 57.5735 
-1.2 -1.52 57.5354 
-1.2 -1.44 57.4802 
-1.2 -1.36 57.4005 
-1.2 -1.28 57.2853 
-1.2 -1.2 57.1188 
-1.2 -1.12 56.8779 
-1.2 -1.04 56.5296 
-1.2 -0.96 56.026 
-1.2 -0.88 55.2976 
-1.2 -0.8 54.2444 
-1.2 -0.72 52.7226 
-1.2 -0.64 50.5277 
-1.2 -0.56 47.3765 
-1.2 -0.48 42.8988 
-1.2 -0.4 36.6775 
-1.2 -0.32 28.4318 
-1.2 -0.24 18.4983 
-1.2 -0.16 8.58336 
-1.2 -0.08 1.86465 
-1.2 6.93889e-16 0.983459 
-1.2 0.08 5.49211 
-1.2 0.16 12.5594 
-1.2 0.24 19.6207 
-1.2 0.32 25.4771 
-1.2 0.4 29.9239 
-1.2 0.48 33.1954 
-1.2 0.56 35.6627 
-1.2 0.64 37.7224 
-1.2 0.72 39.7685 
-1.2 0.8 42.1834 
-1.2 0.88 45.2922 
-1.2 0.96 49.1943 
-1.2 1.04 53.4998 
-1.2 1.12 57.3572 
-1.2 1.2 59.9961 
-1.2 1.28 61.2346 
-1.2 1.36 61.4849 
-1.2 1.44 61.3538 
-1.2 1.52 61.2187 
-1.2 1.6 61.1614 
-1.2 1.68 61.1474 
-1.2 1.76 61.1456 
-1.2 1.84 61.1454 
-1.2 1.92 61.1454 
-1.12 -2 57.6428 
-1.12 -1.92 57.6355 
-1.12 -1.84 57.625 
-1.12 -1.76 57.6098 
-1.12 -1.68 57.5879 
-1.12 -1.6 57.5562 
-1.12 -1.52 57.5103 
-1.12 -1.44 57.444 
-1.12 -1.36 57.3482 
-1.12 -1.28 57.2097 
-1.12 -1.2 57.0094 
-1.12 -1.12 56.7197 
-1.12 -1.04 56.3009 
-1.12 -0.96 55.6951 
-1.12 -0.88 54.819 
-1.12 -0.8 53.5524 
-1.12 -0.72 51.7232 
-1.12 -0.64 49.0891 
-1.12 -0.56 45.322 
-1.12 -0.48 40.0155 
-1.12 -0.4 32.7807 
-1.12 -0.32 23.5601 
-1.12 -0.24 13.2927 
-1.12 -0.16 4.54652 
-1.12 -0.08 0.650182 
-1.12 6.93889e-16 2.86933 
-1.12 0.08 9.20013 
-1.12 0.16 16.6249 
-1.12 0.24 23.2405 
-1.12 0.32 28.4261 
-1.12 0.4 32.2499 
-1.12 0.48 35.027 
-1.12 0.56 37.1291 
-1.12 0.64 38.9301 
-1.12 0.72 40.7983 
-1.12 0.8 43.0934 
-1.12 0.88 46.1207 
-1.12 0.96 49.9636 
-1.12 1.04 54.2227 
-1.12 1.12 58.0464 
-1.12 1.2 60.6684 
-1.12 1.28 61.9067 
-1.12 1.36 62.166 
-1.12 1.44 62.0442 
-1.12 1.52 61.9144 
-1.12 1.6 61.8591 
-1.12 1.68 61.8456 
-1.12 1.76 61.8437 
-1.12 1.84 61.8436 
-1.12 1.92 61.8436 
-1.04 -2 57.6395 
-1.04 -1.92 57.6308 
-1.04 -1.84 57.6181 
-1.04 -1.76 57.5999 
-1.04 -1.68 57.5735 
-1.04 -1.6 57.5354 
-1.04 -1.52 57.4802 
-1.04 -1.44 57.4005 
-1.04 -1.36 57.2853 
-1.04 -1.28 57.1187 
-1.04 -1.2 56.8778 
-1.04 -1.12 56.5295 
-1.04 -1.04 56.0257 
-1.04 -0.96 55.2971 
-1.04 -0.88 54.2433 
-1.04 -0.8 52.7203 
-1.04 -0.72 50.523 
-1.04 -0.64 47.3668 
-1.04 -0.56 42.8792 
-1.04 -0.48 36.639 
-1.04 -0.4 28.3611 
-1.04 -0.32 18.3858 
-1.04 -0.24 8.45118 
-1.04 -0.16 1.80297 
-1.04 -0.08 1.1258 
-1.04 6.93889e-16 5.91598 
-1.04 0.08 13.2449 
-1.04 0.16 20.4994 
-1.04 0.24 26.4782 
-1.04 0.32 30.9807 
-1.04 0.4 34.2315 
-1.04 0.48 36.5734 
-1.04 0.56 38.361 
-1.04 0.64 39.9418 
-1.04 0.72 41.6595 
-1.04 0.8 43.8535 
-1.04 0.88 46.8122 
-1.04 0.96 50.6052 
-1.04 1.04 54.8251 
-1.04 1.12 58.6203 
-1.04 1.2 61.2281 
-1.04 1.28 62.4659 
-1.04 1.36 62.7327 
-1.04 1.44 62.6187 
-1.04 1.52 62.4934 
-1.04 1.6 62.4397 
-1.04 1.68 62.4265 
-1.04 1.76 62.4248 
-1.04 1.84 62.4246 
-1.04 1.92 62.4246 
-0.96 -2 57.6355 
-0.96 -1.92 57.625 
-0.96 -1.84 57.6098 
-0.96 -1.76 57.5879 
-0.96 -1.68 57.5562 
-0.96 -1.6 57.5103 
-0.96 -1.52 57.444 
-0.96 -1.44 57.3482 
-0.96 -1.36 57.2097 
-0.96 -1.28 57.0093 
-0.96 -1.2 56.7197 
-0.96 -1.12 56.3007 
-0.96 -1.04 55.6948 
-0.96 -0.96 54.8184 
-0.96 -0.88 53.5511 
-0.96 -0.8 51.7205 
-0.96 -0.72 49.0836 
-0.96 -0.64 45.3105 
-0.96 -0.56 39.9925 
-0.96 -0.48 32.7366 
-0.96 -0.4 23.484 
-0.96 -0.32 13.1857 
-0.96 -0.24 4.4537 
-0.96 -0.16 0.673989 
-0.96 -0.08 3.10844 
-0.96 6.93889e-16 9.67629 
-0.96 0.08 17.295 
-0.96 0.16 24.0457 
-0.96 0.24 29.3139 
-0.96 0.32 33.1684 
-0.96 0.4 35.9087 
-0.96 0.48 37.8739 
-0.96 0.56 39.3934 
-0.96 0.64 40.7877 
-0.96 0.72 42.3787 
-0.96 0.8 44.4877 
-0.96 0.88 47.3888 
-0.96 0.96 51.1398 
-0.96 1.04 55.3268 
-0.96 1.12 59.098 
-0.96 1.2 61.6937 
-0.96 1.28 62.9312 
-0.96 1.36 63.2042 
-0.96 1.44 63.0966 
-0.96 1.52 62.975 
-0.96 1.6 62.9227 
-0.96 1.68 62.9099 
-0.96 1.76 62.9081 
-0.96 1.84 62.908 
-0.96 1.92 62.908 
-0.88 -2 57.6308 
-0.88 -1.92 57.6181 
-0.88 -1.84 57.5999 
-0.88 -1.76 57.5735 
-0.88 -1.68 57.5354 
-0.88 -1.6 57.4802 
-0.88 -1.52 57.4005 
-0.88 -1.44 57.2853 
-0.88 -1.36 57.1187 
-0.88 -1.28 56.8778 
-0.88 -1.2 56.5294 
-0.88 -1.12 56.0256 
-0.88 -1.04 55.2967 
-0.88 -0.96 54.2426 
-0.88 -0.88 52.7188 
-0.88 -0.8 50.5198 
-0.88 -0.72 47.3602 
-0.88 -0.64 42.8656 
-0.88 -0.56 36.6123 
-0.88 -0.48 28.3121 
-0.88 -0.4 18.3079 
-0.88 -0.32 8.36032 
-0.88 -0.24 1.76326 
-0.88 -0.16 1.23147 
-0.88 -0.08 6.22091 
-0.88 6.93889e-16 13.7349 
-0.88 0.08 21.1286 
-0.88 0.16 27.2021 
-0.88 0.24 31.7614 
-0.88 0.32 35.0269 
-0.88 0.4 37.3215 
-0.88 0.48 38.9644 
-0.88 0.56 40.2568 
-0.88 0.64 41.4942 
-0.88 0.72 42.9787 
-0.88 0.8 45.0164 
-0.88 0.88 47.8692 
-0.88 0.96 51.5851 
-0.88 1.04 55.7444 
-0.88 1.12 59.4955 
-0.88 1.2 62.081 
-0.88 1.28 63.3181 
-0.88 1.36 63.5963 
-0.88 1.44 63.4941 
-0.88 1.52 63.3756 
-0.88 1.6 63.3244 
-0.88 1.68 63.3119 
-0.88 1.76 63.3101 
-0.88 1.84 63.31 
-0.88 1.92 63.31 
-0.8 -2 57.625 
-0.8 -1.92 57.6098 
-0.8 -1.84 57.5879 
-0.8 -1.76 57.5562 
-0.8 -1.68 57.5103 
-0.8 -1.6 57.444 
-0.8 -1.52 57.3482 
-0.8 -1.44 57.2097 
-0.8 -1.36 57.0093 
-0.8 -1.28 56.7196 
-0.8 -1.2 56.3006 
-0.8 -1.12 55.6946 
-0.8 -1.04 54.8179 
-0.8 -0.96 53.5502 
-0.8 -0.88 51.7186 
-0.8 -0.8 49.0797 
-0.8 -0.72 45.3026 
-0.8 -0.64 39.9766 
-0.8 -0.56 32.7061 
-0.8 -0.48 23.4312 
-0.8 -0.4 13.1118 
-0.8 -0.32 4.39053 
-0.8 -0.24 0.693901 
-0.8 -0.16 3.2805 
-0.8 -0.08 10.0153 
-0.8 6.93889e-16 17.7713 
-0.8 0.08 24.621 
-0.8 0.16 29.9572 
-0.8 0.24 33.852 
-0.8 0.32 36.5967 
-0.8 0.4 38.5077 
-0.8 0.48 39.877 
-0.8 0.56 40.978 
-0.8 0.64 42.0836 
-0.8 0.72 43.4789 
-0.8 0.8 45.4571 
-0.8 0.88 48.2694 
-0.8 0.96 51.9558 
-0.8 1.04 56.0919 
-0.8 1.12 59.8262 
-0.8 1.2 62.4031 
-0.8 1.28 63.6399 
-0.8 1.36 63.9224 
-0.8 1.44 63.8247 
-0.8 1.52 63.7087 
-0.8 1.6 63.6585 
-0.8 1.68 63.6462 
-0.8 1.76 63.6445 
-0.8 1.84 63.6444 
-0.8 1.92 63.6444 
-0.72 -2 57.6181 
-0.72 -1.92 57.5999 
-0.72 -1.84 57.5735 
-0.72 -1.76 57.5354 
-0.72 -1.68 57.4802 
-0.72 -1.6 57.4005 
-0.72 -1.52 57.2853 
-0.72 -1.44 57.1187 
-0.72 -1.36 56.8778 
-0.72 -1.28 56.5294 
-0.72 -1.2 56.0254 
-0.72 -1.12 55.2965 
-0.72 -1.04 54.2421 
-0.72 -0.96 52.7177 
-0.72 -0.88 50.5176 
-0.72 -0.8 47.3555 
-0.72 -0.72 42.8562 
-0.72 -0.64 36.5938 
-0.72 -0.56 28.2781 
-0.72 -0.48 18.254 
-0.72 -0.4 8.29775 
-0.72 -0.32 1.73724 
-0.72 -0.24 1.30808 
-0.72 -0.16 6.43755 
-0.72 -0.08 14.0816 
-0.72 6.93889e-16 21.5745 
-0.72 0.08 27.7194 
-0.72 0.16 32.3293 
-0.72 0.24 35.6247 
-0.72 0.32 37.9172 
-0.72 0.4 39.5012 
-0.72 0.48 40.6395 
-0.72 0.56 41.5797 
-0.72 0.64 42.575 
-0.72 0.72 43.8957 
-0.72 0.8 45.8241 
-0.72 0.88 48.6027 
-0.72 0.96 52.2644 
-0.72 1.04 56.3812 
-0.72 1.12 60.1013 
-0.72 1.2 62.671 
-0.72 1.28 63.9075 
-0.72 1.36 64.1935 
-0.72 1.44 64.0995 
-0.72 1.52 63.9857 
-0.72 1.6 63.9363 
-0.72 1.68 63.9241 
-0.72 1.76 63.9225 
-0.72 1.84 63.9224 
-0.72 1.92 63.9224 
-0.64 -2 57.6098 
-0.64 -1.92 57.5879 
-0.64 -1.84 57.5562 
-0.64 -1.76 57.5103 
-0.64 -1.68 57.444 
-0.64 -1.6 57.3482 
-0.64 -1.52 57.2096 
-0.64 -1.44 57.0093 
-0.64 -1.36 56.7196 
-0.64 -1.28 56.3006 
-0.64 -1.2 55.6944 
-0.64 -1.12 54.8176 
-0.64 -1.04 53.5496 
-0.64 -0.96 51.7173 
-0.64 -0.88 49.077 
-0.64 -0.8 45.2971 
-0.64 -0.72 39.9655 
-0.64 -0.64 32.685 
-0.64 -0.56 23.3947 
-0.64 -0.48 13.0606 
-0.64 -0.4 4.34735 
-0.64 -0.32 0.70935 
-0.64 -0.24 3.40276 
-0.64 -0.16 10.2545 
-0.64 -0.08 18.1071 
-0.64 6.93889e-16 25.0284 
-0.64 0.08 30.4177 
-0.64 0.16 34.352 
-0.64 0.24 37.12 
-0.64 0.32 39.0247 
-0.64 0.4 40.3319 
-0.64 0.48 41.2759 
-0.64 0.56 42.0814 
-0.64 0.64 42.9845 
-0.64 0.72 44.2429 
-0.64 0.8 46.1297 
-0.64 0.88 48.8801 
-0.64 0.96 52.5212 
-0.64 1.04 56.6218 
-0.64 1.12 60.3301 
-0.64 1.2 62.8938 
-0.64 1.28 64.13 
-0.64 1.36 64.4189 
-0.64 1.44 64.3281 
-0.64 1.52 64.2161 
-0.64 1.6 64.1673 
-0.64 1.68 64.1553 
-0.64 1.76 64.1537 
-0.64 1.84 64.1536 
-0.64 1.92 64.1536 
-0.56 -2 57.5999 
-0.56 -1.92 57.5735 
-0.56 -1.84 57.5354 
-0.56 -1.76 57.4802 
-0.56 -1.68 57.4005 
-0.56 -1.6 57.2853 
-0.56 -1.52 57.1187 
-0.56 -1.44 56.8778 
-0.56 -1.36 56.5293 
-0.56 -1.28 56.0254 
-0.56 -1.2 55.2963 
-0.56 -1.12 54.2417 
-0.56 -1.04 52.717 
-0.56 -0.96 50.516 
-0.56 -0.88 47.3523 
-0.56 -0.8 42.8497 
-0.56 -0.72 36.5809 
-0.56 -0.64 28.2545 
-0.56 -0.56 18.2167 
-0.56 -0.48 8.25461 
-0.56 -0.4 1.71994 
-0.56 -0.32 1.36278 
-0.56 -0.24 6.59018 
-0.56 -0.16 14.3252 
-0.56 -0.08 21.8884 
-0.56 6.93889e-16 28.0858 
-0.56 0.08 32.7371 
-0.56 0.16 36.0651 
-0.56 0.24 38.3767 
-0.56 0.32 39.9516 
-0.56 0.4 41.0256 
-0.56 0.48 41.8067 
-0.56 0.56 42.4995 
-0.56 0.64 43.3255 
-0.56 0.72 44.532 
-0.56 0.8 46.3841 
-0.56 0.88 49.1109 
-0.56 0.96 52.7349 
-0.56 1.04 56.822 
-0.56 1.12 60.5204 
-0.56 1.2 63.0791 
-0.56 1.28 64.315 
-0.56 1.36 64.6064 
-0.56 1.44 64.5182 
-0.56 1.52 64.4076 
-0.56 1.6 64.3594 
-0.56 1.68 64.3475 
-0.56 1.76 64.3459 
-0.56 1.84 64.3458 
-0.56 1.92 64.3458 
-0.48 -2 57.5879 
-0.48 -1.92 57.5562 
-0.48 -1.84 57.5103 
-0.48 -1.76 57.444 
-0.48 -1.68 57.3482 
-0.48 -1.6 57.2096 
-0.48 -1.52 57.0093 
-0.48 -1.44 56.7196 
-0.48 -1.36 56.3005 
-0.48 -1.28 55.6943 
-0.48 -1.2 54.8174 
-0.48 -1.12 53.5491 
-0.48 -1.04 51.7164 
-0.48 -0.96 49.0752 
-0.48 -0.88 45.2933 
-0.48 -0.8 39.9579 
-0.48 -0.72 32.6704 
-0.48 -0.64 23.3694 
-0.48 -0.56 13.0253 
-0.48 -0.48 4.31773 
-0.48 -0.4 0.720849 
-0.48 -0.32 3.4889 
-0.48 -0.24 10.4222 
-0.48 -0.16 18.3426 
-0.48 -0.08 25.3149 
-0.48 6.93889e-16 30.7442 
-0.48 0.08 34.7126 
-0.48 0.16 37.5089 
-0.48 0.24 39.4299 
-0.48 0.32 40.7262 
-0.48 0.4 41.6044 
-0.48 0.48 42.2491 
-0.48 0.56 42.8478 
-0.48 0.64 43.6095 
-0.48 0.72 44.7726 
-0.48 0.8 46.5958 
-0.48 0.88 49.3031 
-0.48 0.96 52.9127 
-0.48 1.04 56.9885 
-0.48 1.12 60.6787 
-0.48 1.2 63.2332 
-0.48 1.28 64.4689 
-0.48 1.36 64.7623 
-0.48 1.44 64.6762 
-0.48 1.52 64.5669 
-0.48 1.6 64.5191 
-0.48 1.68 64.5074 
-0.48 1.76 64.5058 
-0.48 1.84 64.5057 
-0.48 1.92 64.5057 
-0.4 -2 57.5735 
-0.4 -1.92 57.5354 
-0.4 -1.84 57.4802 
-0.4 -1.76 57.4005 
-0.4 -1.68 57.2853 
-0.4 -1.6 57.1187 
-0.4 -1.52 56.8778 
-0.4 -1.44 56.5293 
-0.4 -1.36 56.0253 
-0.4 -1.28 55.2962 
-0.4 -1.2 54.2415 
-0.4 -1.12 52.7164 
-0.4 -1.04 50.5149 
-0.4 -0.96 47.3501 
-0.4 -0.88 42.8452 
-0.4 -0.8 36.572 
-0.4 -0.72 28.2382 
-0.4 -0.64 18.1908 
-0.4 -0.56 8.22484 
-0.4 -0.48 1.70831 
-0.4 -0.4 1.40144 
-0.4 -0.32 6.6971 
-0.4 -0.24 14.4956 
-0.4 -0.16 22.1081 
-0.4 -0.08 28.3436 
-0.4 6.93889e-16 33.0269 
-0.4 0.08 36.3843 
-0.4 0.16 38.7214 
-0.4 0.24 40.311 
-0.4 0.32 41.3727 
-0.4 0.4 42.0868 
-0.4 0.48 42.6176 
-0.4 0.56 43.1379 
-0.4 0.64 43.846 
-0.4 0.72 44.9729 
-0.4 0.8 46.772 
-0.4 0.88 49.4629 
-0.4 0.96 53.0607 
-0.4 1.04 57.127 
-0.4 1.12 60.8103 
-0.4 1.2 63.3613 
-0.4 1.28 64.5968 
-0.4 1.36 64.8919 
-0.4 1.44 64.8076 
-0.4 1.52 64.6994 
-0.4 1.6 64.652 
-0.4 1.68 64.6403 
-0.4 1.76 64.6387 
-0.4 1.84 64.6386 
-0.4 1.92 64.6386 
-0.32 -2 57.5562 
-0.32 -1.92 57.5103 
-0.32 -1.84 57.444 
-0.32 -1.76 57.3482 
-0.32 -1.68 57.2096 
-0.32 -1.6 57.0093 
-0.32 -1.52 56.7196 
-0.32 -1.44 56.3005 
-0.32 -1.36 55.6943 
-0.32 -1.28 54.8173 
-0.32 -1.2 53.5488 
-0.32 -1.12 51.7158 
-0.32 -1.04 49.0739 
-0.32 -0.96 45.2906 
-0.32 -0.88 39.9526 
-0.32 -0.8 32.6602 
-0.32 -0.72 23.3519 
-0.32 -0.64 13.0008 
-0.32 -0.56 4.29735 
-0.32 -0.48 0.729195 
-0.32 -0.4 3.54924 
-0.32 -0.32 10.5393 
-0.32 -0.24 18.5069 
-0.32 -0.16 25.5155 
-0.32 -0.08 30.9742 
-0.32 6.93889e-16 34.9697 
-0.32 0.08 37.7924 
-0.32 0.16 39.7373 
-0.32 0.24 41.047 
-0.32 0.32 41.912 
-0.32 0.4 42.4888 
-0.32 0.48 42.9246 
-0.32 0.56 43.3793 
-0.32 0.64 44.0427 
-0.32 0.72 45.1396 
-0.32 0.8 46.9187 
-0.32 0.88 49.596 
-0.32 0.96 53.1837 
-0.32 1.04 57.2423 
-0.32 1.12 60.9198 
-0.32 1.2 63.4679 
-0.32 1.28 64.7032 
-0.32 1.36 64.9997 
-0.32 1.44 64.9169 
-0.32 1.52 64.8095 
-0.32 1.6 64.7624 
-0.32 1.68 64.7508 
-0.32 1.76 64.7492 
-0.32 1.84 64.7491 
-0.32 1.92 64.7491 
-0.24 -2 57.5354 
-0.24 -1.92 57.4802 
-0.24 -1.84 57.4005 
-0.24 -1.76 57.2853 
-0.24 -1.68 57.1187 
-0.24 -1.6 56.8777 
-0.24 -1.52 56.5293 
-0.24 -1.44 56.0253 
-0.24 -1.36 55.2961 
-0.24 -1.28 54.2413 
-0.24 -1.2 52.7161 
-0.24 -1.12 50.5142 
-0.24 -1.04 47.3486 
-0.24 -0.96 42.842 
-0.24 -0.88 36.5659 
-0.24 -0.8 28.227 
-0.24 -0.72 18.173 
-0.24 -0.64 8.20427 
-0.24 -0.56 1.70043 
-0.24 -0.48 1.42858 
-0.24 -0.4 6.77171 
-0.24 -0.32 14.6143 
-0.24 -0.24 22.2614 
-0.24 -0.16 28.524 
-0.24 -0.08 33.2314 
-0.24 6.93889e-16 36.6127 
-0.24 0.08 38.9744 
-0.24 0.16 40.5867 
-0.24 0.24 41.6612 
-0.24 0.32 42.3614 
-0.24 0.4 42.8237 
-0.24 0.48 43.1801 
-0.24 0.56 43.5803 
-0.24 0.64 44.2065 
-0.24 0.72 45.2783 
-0.24 0.8 47.0407 
-0.24 0.88 49.7066 
-0.24 0.96 53.2861 
-0.24 1.04 57.3381 
-0.24 1.12 61.0109 
-0.24 1.2 63.5565 
-0.24 1.28 64.7917 
-0.24 1.36 65.0894 
-0.24 1.44 65.0078 
-0.24 1.52 64.9011 
-0.24 1.6 64.8543 
-0.24 1.68 64.8427 
-0.24 1.76 64.8412 
-0.24 1.84 64.8411 
-0.24 1.92 64.8411 
-0.16 -2 57.5103 
-0.16 -1.92 57.444 
-0.16 -1.84 57.3482 
-0.16 -1.76 57.2096 
-0.16 -1.68 57.0093 
-0.16 -1.6 56.7195 
-0.16 -1.52 56.3005 
-0.16 -1.44 55.6942 
-0.16 -1.36 54.8172 
-0.16 -1.28 53.5486 
-0.16 -1.2 51.7154 
-0.16 -1.12 49.073 
-0.16 -1.04 45.2888 
-0.16 -0.96 39.9489 
-0.16 -0.88 32.6532 
-0.16 -0.8 23.3397 
-0.16 -0.72 12.9839 
-0.16 -0.64 4.28332 
-0.16 -0.56 0.735157 
-0.16 -0.48 3.59135 
-0.16 -0.4 10.6209 
-0.16 -0.32 18.6214 
-0.16 -0.24 25.6553 
-0.16 -0.16 31.1354 
-0.16 -0.08 35.1514 
-0.16 6.93889e-16 37.9961 
-0.16 0.08 39.9644 
-0.16 0.16 41.2962 
-0.16 0.24 42.1733 
-0.16 0.32 42.7359 
-0.16 0.4 43.1025 
-0.16 0.48 43.3928 
-0.16 0.56 43.7475 
-0.16 0.64 44.3428 
-0.16 0.72 45.3938 
-0.16 0.8 47.1422 
-0.16 0.88 49.7987 
-0.16 0.96 53.3713 
-0.16 1.04 57.4178 
-0.16 1.12 61.0867 
-0.16 1.2 63.6302 
-0.16 1.28 64.8653 
-0.16 1.36 65.1639 
-0.16 1.44 65.0834 
-0.16 1.52 64.9773 
-0.16 1.6 64.9307 
-0.16 1.68 64.9192 
-0.16 1.76 64.9176 
-0.16 1.84 64.9175 
-0.16 1.92 64.9175 
-0.08 -2 57.4802 
-0.08 -1.92 57.4005 
-0.08 -1.84 57.2853 
-0.08 -1.76 57.1187 
-0.08 -1.68 56.8777 
-0.08 -1.6 56.5293 
-0.08 -1.52 56.0252 
-0.08 -1.44 55.2961 
-0.08 -1.36 54.2412 
-0.08 -1.28 52.7158 
-0.08 -1.2 50.5137 
-0.08 -1.12 47.3475 
-0.08 -1.04 42.8399 
-0.08 -0.96 36.5617 
-0.08 -0.88 28.2191 
-0.08 -0.8 18.1606 
-0.08 -0.72 8.19005 
-0.08 -0.64 1.69505 
-0.08 -0.56 1.44755 
-0.08 -0.48 6.82364 
-0.08 -0.4 14.6969 
-0.08 -0.32 22.3681 
-0.08 -0.24 28.6499 
-0.08 -0.16 33.3748 
-0.08 -0.08 36.7745 
-0.08 6.93889e-16 39.157 
-0.08 0.08 40.7921 
-0.08 0.16 41.8881 
-0.08 0.24 42.6001 
-0.08 0.32 43.0477 
-0.08 0.4 43.3346 
-0.08 0.48 43.5699 
-0.08 0.56 43.8867 
-0.08 0.64 44.4562 
-0.08 0.72 45.4898 
-0.08 0.8 47.2266 
-0.08 0.88 49.8753 
-0.08 0.96 53.4421 
-0.08 1.04 57.4841 
-0.08 1.12 61.1497 
-0.08 1.2 63.6915 
-0.08 1.28 64.9265 
-0.08 1.36 65.2259 
-0.08 1.44 65.1462 
-0.08 1.52 65.0406 
-0.08 1.6 64.9942 
-0.08 1.68 64.9828 
-0.08 1.76 64.9812 
-0.08 1.84 64.9811 
-0.08 1.92 64.9811 
