0.025 3.36698e-13 1.19086e-13 
0.075 2.47438e-13 1.16726e-13 
0.125 1.91236e-13 1.19099e-13 
0.175 1.52866e-13 1.18189e-13 
0.225 1.22871e-13 1.13162e-13 
0.275 1.00564e-13 1.06056e-13 
0.325 8.29521e-14 9.82133e-14 
0.375 6.86743e-14 9.02978e-14 
0.425 5.70117e-14 8.21557e-14 
0.475 4.74659e-14 7.42067e-14 
0.525 3.96126e-14 6.66591e-14 
0.575 3.31305e-14 5.95082e-14 
0.625 2.77521e-14 5.28825e-14 
0.675 2.32731e-14 4.67222e-14 
0.725 1.95416e-14 4.10504e-14 
0.775 1.64302e-14 3.5854e-14 
0.825 1.38283e-14 3.11516e-14 
0.875 1.16562e-14 2.69146e-14 
0.925 9.8316e-15 2.31343e-14 
0.975 8.2995e-15 1.9768e-14 
1.025 7.01347e-15 1.67881e-14 
1.075 5.92847e-15 1.4175e-14 
1.125 5.0129e-15 1.19009e-14 
1.175 4.24121e-15 9.92858e-15 
1.225 3.59336e-15 8.22557e-15 
1.275 3.04603e-15 6.77252e-15 
1.325 2.5859e-15 5.54977e-15 
1.375 2.19808e-15 4.53069e-15 
1.425 1.87163e-15 3.68559e-15 
1.475 1.59672e-15 2.98854e-15 
1.525 1.36462e-15 2.41693e-15 
1.575 1.16782e-15 1.95157e-15 
1.625 1.00158e-15 1.5736e-15 
1.675 8.60852e-16 1.26764e-15 
1.725 7.41521e-16 1.02054e-15 
1.775 6.4055e-16 8.22323e-16 
1.825 5.54411e-16 6.63421e-16 
1.875 4.81738e-16 5.36174e-16 
1.925 4.19934e-16 4.3403e-16 
1.975 3.67049e-16 3.52586e-16 
2.025 3.22095e-16 2.87343e-16 
2.075 2.83912e-16 2.35525e-16 
2.125 2.51213e-16 1.94084e-16 
2.175 2.23462e-16 1.60777e-16 
2.225 1.99531e-16 1.34101e-16 
2.275 1.79232e-16 1.12341e-16 
2.325 1.61544e-16 9.47279e-17 
2.375 1.46451e-16 8.05451e-17 
2.425 1.33348e-16 6.89616e-17 
2.475 1.22002e-16 5.93878e-17 
2.525 1.12285e-16 5.15645e-17 
2.575 1.03676e-16 4.51637e-17 
2.625 9.60993e-17 3.97901e-17 
2.675 8.95347e-17 3.52239e-17 
2.725 8.36118e-17 3.13854e-17 
2.775 7.8412e-17 2.81941e-17 
2.825 7.36757e-17 2.54159e-17 
2.875 6.95301e-17 2.30431e-17 
2.925 6.5616e-17 2.09165e-17 
2.975 6.20896e-17 1.90377e-17 
3.025 5.86525e-17 1.7432e-17 
3.075 5.54801e-17 1.5995e-17 
3.125 5.24931e-17 1.46986e-17 
3.175 4.96605e-17 1.35388e-17 
3.225 4.69972e-17 1.24493e-17 
3.275 4.44501e-17 1.14164e-17 
3.325 4.20068e-17 1.04991e-17 
3.375 3.97255e-17 9.66002e-18 
3.425 3.75332e-17 8.87464e-18 
3.475 3.54271e-17 8.15272e-18 
3.525 3.34211e-17 7.48676e-18 
3.575 3.15864e-17 6.88454e-18 
3.625 2.98485e-17 6.32686e-18 
3.675 2.81922e-17 5.81784e-18 
3.725 2.65894e-17 5.34565e-18 
3.775 2.51016e-17 4.89528e-18 
3.825 2.36618e-17 4.49056e-18 
3.875 2.22848e-17 4.10357e-18 
3.925 2.09569e-17 3.75247e-18 
3.975 1.97216e-17 3.42643e-18 
4.025 1.85092e-17 3.12208e-18 
4.075 1.74003e-17 2.83479e-18 
4.125 1.63224e-17 2.56998e-18 
4.175 1.53059e-17 2.34561e-18 
4.225 1.43577e-17 2.13824e-18 
4.275 1.34316e-17 1.94684e-18 
4.325 1.25857e-17 1.77067e-18 
4.375 1.17714e-17 1.61092e-18 
4.425 1.10068e-17 1.46306e-18 
4.475 1.02922e-17 1.32858e-18 
4.525 9.60084e-18 1.20581e-18 
4.575 8.92024e-18 1.09365e-18 
4.625 8.28209e-18 9.89751e-19 
4.675 7.69731e-18 8.95458e-19 
4.725 7.15091e-18 8.09598e-19 
4.775 6.63286e-18 7.30695e-19 
4.825 6.15582e-18 6.58504e-19 
4.875 5.6965e-18 5.92079e-19 
4.925 5.26649e-18 5.31289e-19 
4.975 4.85544e-18 4.76422e-19 
5.025 4.46995e-18 4.2646e-19 
5.075 4.11644e-18 3.81019e-19 
5.125 3.78221e-18 3.39631e-19 
5.175 3.47647e-18 3.02104e-19 
5.225 3.18582e-18 2.67724e-19 
5.275 2.91287e-18 2.36843e-19 
5.325 2.66215e-18 2.08806e-19 
5.375 2.42639e-18 1.8354e-19 
5.425 2.20462e-18 1.60757e-19 
5.475 1.9947e-18 1.40257e-19 
5.525 1.80124e-18 1.21861e-19 
5.575 1.62372e-18 1.05465e-19 
5.625 1.45944e-18 9.08244e-20 
5.675 1.30694e-18 7.77972e-20 
5.725 1.16308e-18 6.62144e-20 
5.775 1.03237e-18 5.60007e-20 
5.825 9.10839e-19 4.70341e-20 
5.875 7.9789e-19 3.91845e-20 
5.925 6.96241e-19 3.23653e-20 
5.975 6.01111e-19 2.64694e-20 
6.025 5.15685e-19 2.14234e-20 
6.075 4.38853e-19 1.71337e-20 
6.125 3.67893e-19 1.35164e-20 
6.175 3.05431e-19 1.05074e-20 
6.225 2.4906e-19 8.03163e-21 
6.275 1.9875e-19 6.02309e-21 
6.325 1.57227e-19 4.43821e-21 
6.375 1.22015e-19 3.19408e-21 
6.425 9.25669e-20 2.23625e-21 
6.475 6.87003e-20 1.51483e-21 
6.525 4.99741e-20 9.8418e-22 
6.575 3.48057e-20 6.00949e-22 
6.625 2.24666e-20 3.36134e-22 
6.675 1.30332e-20 1.6608e-22 
6.725 6.1345e-21 6.80166e-23 
6.775 2.31369e-21 2.24084e-23 
6.825 5.74717e-22 5.22957e-24 
6.875 7.75444e-23 1.01993e-24 
6.925 3.02882e-23 4.56693e-25 
6.975 1.43986e-23 2.38729e-25 
7.025 5.37656e-24 1.3623e-25 
7.075 1.3947e-27 9.8675e-26 
7.125 6.9735e-28 9.93723e-26 
7.175 2.32124e-40 3.33097e-38 
7.225 0 0 
7.275 0 0 
7.325 0 0 
7.375 0 0 
7.425 0 0 
7.475 0 0 
7.525 0 0 
7.575 0 0 
7.625 0 0 
7.675 0 0 
7.725 0 0 
7.775 0 0 
7.825 0 0 
7.875 0 0 
7.925 0 0 
7.975 0 0 
8.025 0 0 
8.075 0 0 
8.125 0 0 
8.175 0 0 
8.225 0 0 
8.275 0 0 
8.325 0 0 
8.375 0 0 
8.425 0 0 
8.475 0 0 
8.525 0 0 
8.575 0 0 
8.625 0 0 
8.675 0 0 
8.725 0 0 
8.775 0 0 
8.825 0 0 
8.875 0 0 
8.925 0 0 
8.975 0 0 
9.025 0 0 
9.075 0 0 
9.125 0 0 
9.175 0 0 
9.225 0 0 
9.275 0 0 
9.325 0 0 
9.375 0 0 
9.425 0 0 
9.475 0 0 
9.525 0 0 
9.575 0 0 
9.625 0 0 
9.675 0 0 
9.725 0 0 
9.775 0 0 
9.825 0 0 
9.875 0 0 
9.925 0 0 
