0.0001 0.01 45.6302 
0.0001 0.0116591 45.6302 
0.0001 0.0135936 45.6302 
0.0001 0.0158489 45.6302 
0.0001 0.0184785 45.6302 
0.0001 0.0215443 45.6302 
0.0001 0.0251189 45.6302 
0.0001 0.0292864 45.6302 
0.0001 0.0341455 45.6302 
0.0001 0.0398107 45.6301 
0.0001 0.0464159 45.6301 
0.0001 0.054117 45.63 
0.0001 0.0630957 45.63 
0.0001 0.0735642 45.6299 
0.0001 0.0857696 45.6297 
0.0001 0.1 45.6295 
0.0001 0.116591 45.6293 
0.0001 0.135936 45.629 
0.0001 0.158489 45.6285 
0.0001 0.184785 45.6279 
0.0001 0.215443 45.627 
0.0001 0.251189 45.6258 
0.0001 0.292864 45.6243 
0.0001 0.341455 45.6221 
0.0001 0.398107 45.6192 
0.0001 0.464159 45.6153 
0.0001 0.54117 45.6099 
0.0001 0.630957 45.6027 
0.0001 0.735642 45.593 
0.0001 0.857696 45.5801 
0.0001 1 45.5627 
0.0001 1.16591 45.5396 
0.0001 1.35936 45.5093 
0.0001 1.58489 45.4697 
0.0001 1.84785 45.4189 
0.0001 2.15443 45.355 
0.0001 2.51189 45.2765 
0.0001 2.92864 45.1834 
0.0001 3.41455 45.0773 
0.0001 3.98107 44.963 
0.0001 4.64159 44.8476 
0.0001 5.4117 44.7404 
0.0001 6.30957 44.6502 
0.0001 7.35642 44.583 
0.0001 8.57696 44.5395 
0.0001 10 44.5157 
0.0001 11.6591 44.5049 
0.0001 13.5936 44.5007 
0.0001 15.8489 44.4994 
0.0001 18.4785 44.4989 
0.0001 21.5443 44.4988 
0.0001 25.1189 44.4988 
0.0001 29.2864 44.4988 
0.0001 34.1455 44.4988 
0.0001 39.8107 44.4988 
0.0001 46.4159 44.4988 
0.0001 54.117 44.4988 
0.0001 63.0957 44.4988 
0.0001 73.5642 44.4988 
0.0001 85.7696 44.4988 
0.0001 100 44.4988 
0.000116591 0.01 45.6302 
0.000116591 0.0116591 45.6302 
0.000116591 0.0135936 45.6302 
0.000116591 0.0158489 45.6302 
0.000116591 0.0184785 45.6302 
0.000116591 0.0215443 45.6302 
0.000116591 0.0251189 45.6302 
0.000116591 0.0292864 45.6302 
0.000116591 0.0341455 45.6302 
0.000116591 0.0398107 45.6301 
0.000116591 0.0464159 45.6301 
0.000116591 0.054117 45.63 
0.000116591 0.0630957 45.6299 
0.000116591 0.0735642 45.6298 
0.000116591 0.0857696 45.6296 
0.000116591 0.1 45.6294 
0.000116591 0.116591 45.6291 
0.000116591 0.135936 45.6287 
0.000116591 0.158489 45.6282 
0.000116591 0.184785 45.6275 
0.000116591 0.215443 45.6265 
0.000116591 0.251189 45.6251 
0.000116591 0.292864 45.6233 
0.000116591 0.341455 45.6208 
0.000116591 0.398107 45.6174 
0.000116591 0.464159 45.6128 
0.000116591 0.54117 45.6066 
0.000116591 0.630957 45.5982 
0.000116591 0.735642 45.5869 
0.000116591 0.857696 45.5717 
0.000116591 1 45.5515 
0.000116591 1.16591 45.5246 
0.000116591 1.35936 45.4892 
0.000116591 1.58489 45.4431 
0.000116591 1.84785 45.384 
0.000116591 2.15443 45.3095 
0.000116591 2.51189 45.2181 
0.000116591 2.92864 45.1097 
0.000116591 3.41455 44.9863 
0.000116591 3.98107 44.8533 
0.000116591 4.64159 44.7192 
0.000116591 5.4117 44.5947 
0.000116591 6.30957 44.4901 
0.000116591 7.35642 44.4122 
0.000116591 8.57696 44.3619 
0.000116591 10 44.3345 
0.000116591 11.6591 44.322 
0.000116591 13.5936 44.3172 
0.000116591 15.8489 44.3156 
0.000116591 18.4785 44.3151 
0.000116591 21.5443 44.315 
0.000116591 25.1189 44.3149 
0.000116591 29.2864 44.3149 
0.000116591 34.1455 44.3149 
0.000116591 39.8107 44.3149 
0.000116591 46.4159 44.3149 
0.000116591 54.117 44.3149 
0.000116591 63.0957 44.3149 
0.000116591 73.5642 44.3149 
0.000116591 85.7696 44.3149 
0.000116591 100 44.3149 
0.000135936 0.01 45.6302 
0.000135936 0.0116591 45.6302 
0.000135936 0.0135936 45.6302 
0.000135936 0.0158489 45.6302 
0.000135936 0.0184785 45.6302 
0.000135936 0.0215443 45.6302 
0.000135936 0.0251189 45.6302 
0.000135936 0.0292864 45.6302 
0.000135936 0.0341455 45.6301 
0.000135936 0.0398107 45.6301 
0.000135936 0.0464159 45.63 
0.000135936 0.054117 45.63 
0.000135936 0.0630957 45.6299 
0.000135936 0.0735642 45.6297 
0.000135936 0.0857696 45.6295 
0.000135936 0.1 45.6293 
0.000135936 0.116591 45.629 
0.000135936 0.135936 45.6285 
0.000135936 0.158489 45.6279 
0.000135936 0.184785 45.627 
0.000135936 0.215443 45.6258 
0.000135936 0.251189 45.6242 
0.000135936 0.292864 45.6221 
0.000135936 0.341455 45.6192 
0.000135936 0.398107 45.6152 
0.000135936 0.464159 45.6099 
0.000135936 0.54117 45.6026 
0.000135936 0.630957 45.5929 
0.000135936 0.735642 45.5797 
0.000135936 0.857696 45.562 
0.000135936 1 45.5384 
0.000135936 1.16591 45.5071 
0.000135936 1.35936 45.4659 
0.000135936 1.58489 45.4121 
0.000135936 1.84785 45.3432 
0.000135936 2.15443 45.2565 
0.000135936 2.51189 45.1502 
0.000135936 2.92864 45.024 
0.000135936 3.41455 44.8805 
0.000135936 3.98107 44.7259 
0.000135936 4.64159 44.5701 
0.000135936 5.4117 44.4256 
0.000135936 6.30957 44.3044 
0.000135936 7.35642 44.2142 
0.000135936 8.57696 44.1561 
0.000135936 10 44.1244 
0.000135936 11.6591 44.11 
0.000135936 13.5936 44.1046 
0.000135936 15.8489 44.1028 
0.000135936 18.4785 44.1022 
0.000135936 21.5443 44.1021 
0.000135936 25.1189 44.102 
0.000135936 29.2864 44.102 
0.000135936 34.1455 44.102 
0.000135936 39.8107 44.102 
0.000135936 46.4159 44.102 
0.000135936 54.117 44.102 
0.000135936 63.0957 44.102 
0.000135936 73.5642 44.102 
0.000135936 85.7696 44.102 
0.000135936 100 44.102 
0.000158489 0.01 45.6302 
0.000158489 0.0116591 45.6302 
0.000158489 0.0135936 45.6302 
0.000158489 0.0158489 45.6302 
0.000158489 0.0184785 45.6302 
0.000158489 0.0215443 45.6302 
0.000158489 0.0251189 45.6302 
0.000158489 0.0292864 45.6302 
0.000158489 0.0341455 45.6301 
0.000158489 0.0398107 45.6301 
0.000158489 0.0464159 45.63 
0.000158489 0.054117 45.6299 
0.000158489 0.0630957 45.6298 
0.000158489 0.0735642 45.6296 
0.000158489 0.0857696 45.6294 
0.000158489 0.1 45.6291 
0.000158489 0.116591 45.6287 
0.000158489 0.135936 45.6282 
0.000158489 0.158489 45.6275 
0.000158489 0.184785 45.6265 
0.000158489 0.215443 45.6251 
0.000158489 0.251189 45.6233 
0.000158489 0.292864 45.6207 
0.000158489 0.341455 45.6173 
0.000158489 0.398107 45.6127 
0.000158489 0.464159 45.6065 
0.000158489 0.54117 45.598 
0.000158489 0.630957 45.5866 
0.000158489 0.735642 45.5713 
0.000158489 0.857696 45.5507 
0.000158489 1 45.5232 
0.000158489 1.16591 45.4867 
0.000158489 1.35936 45.4386 
0.000158489 1.58489 45.3761 
0.000158489 1.84785 45.2958 
0.000158489 2.15443 45.1948 
0.000158489 2.51189 45.071 
0.000158489 2.92864 44.9242 
0.000158489 3.41455 44.7574 
0.000158489 3.98107 44.5778 
0.000158489 4.64159 44.397 
0.000158489 5.4117 44.2295 
0.000158489 6.30957 44.0891 
0.000158489 7.35642 43.9848 
0.000158489 8.57696 43.9178 
0.000158489 10 43.8813 
0.000158489 11.6591 43.8648 
0.000158489 13.5936 43.8586 
0.000158489 15.8489 43.8566 
0.000158489 18.4785 43.8559 
0.000158489 21.5443 43.8557 
0.000158489 25.1189 43.8557 
0.000158489 29.2864 43.8557 
0.000158489 34.1455 43.8557 
0.000158489 39.8107 43.8557 
0.000158489 46.4159 43.8557 
0.000158489 54.117 43.8557 
0.000158489 63.0957 43.8557 
0.000158489 73.5642 43.8557 
0.000158489 85.7696 43.8557 
0.000158489 100 43.8557 
0.000184785 0.01 45.6302 
0.000184785 0.0116591 45.6302 
0.000184785 0.0135936 45.6302 
0.000184785 0.0158489 45.6302 
0.000184785 0.0184785 45.6302 
0.000184785 0.0215443 45.6302 
0.000184785 0.0251189 45.6302 
0.000184785 0.0292864 45.6301 
0.000184785 0.0341455 45.6301 
0.000184785 0.0398107 45.63 
0.000184785 0.0464159 45.63 
0.000184785 0.054117 45.6299 
0.000184785 0.0630957 45.6297 
0.000184785 0.0735642 45.6295 
0.000184785 0.0857696 45.6293 
0.000184785 0.1 45.629 
0.000184785 0.116591 45.6285 
0.000184785 0.135936 45.6279 
0.000184785 0.158489 45.627 
0.000184785 0.184785 45.6258 
0.000184785 0.215443 45.6242 
0.000184785 0.251189 45.6221 
0.000184785 0.292864 45.6192 
0.000184785 0.341455 45.6152 
0.000184785 0.398107 45.6098 
0.000184785 0.464159 45.6025 
0.000184785 0.54117 45.5927 
0.000184785 0.630957 45.5794 
0.000184785 0.735642 45.5615 
0.000184785 0.857696 45.5375 
0.000184785 1 45.5055 
0.000184785 1.16591 45.4629 
0.000184785 1.35936 45.4069 
0.000184785 1.58489 45.334 
0.000184785 1.84785 45.2406 
0.000184785 2.15443 45.123 
0.000184785 2.51189 44.979 
0.000184785 2.92864 44.8082 
0.000184785 3.41455 44.6144 
0.000184785 3.98107 44.4059 
0.000184785 4.64159 44.1962 
0.000184785 5.4117 44.0021 
0.000184785 6.30957 43.8397 
0.000184785 7.35642 43.7193 
0.000184785 8.57696 43.6421 
0.000184785 10 43.6002 
0.000184785 11.6591 43.5814 
0.000184785 13.5936 43.5743 
0.000184785 15.8489 43.572 
0.000184785 18.4785 43.5713 
0.000184785 21.5443 43.5711 
0.000184785 25.1189 43.571 
0.000184785 29.2864 43.571 
0.000184785 34.1455 43.571 
0.000184785 39.8107 43.571 
0.000184785 46.4159 43.571 
0.000184785 54.117 43.571 
0.000184785 63.0957 43.571 
0.000184785 73.5642 43.571 
0.000184785 85.7696 43.571 
0.000184785 100 43.571 
0.000215443 0.01 45.6302 
0.000215443 0.0116591 45.6302 
0.000215443 0.0135936 45.6302 
0.000215443 0.0158489 45.6302 
0.000215443 0.0184785 45.6302 
0.000215443 0.0215443 45.6302 
0.000215443 0.0251189 45.6302 
0.000215443 0.0292864 45.6301 
0.000215443 0.0341455 45.6301 
0.000215443 0.0398107 45.63 
0.000215443 0.0464159 45.6299 
0.000215443 0.054117 45.6298 
0.000215443 0.0630957 45.6296 
0.000215443 0.0735642 45.6294 
0.000215443 0.0857696 45.6291 
0.000215443 0.1 45.6287 
0.000215443 0.116591 45.6282 
0.000215443 0.135936 45.6275 
0.000215443 0.158489 45.6265 
0.000215443 0.184785 45.6251 
0.000215443 0.215443 45.6232 
0.000215443 0.251189 45.6207 
0.000215443 0.292864 45.6173 
0.000215443 0.341455 45.6127 
0.000215443 0.398107 45.6064 
0.000215443 0.464159 45.598 
0.000215443 0.54117 45.5865 
0.000215443 0.630957 45.571 
0.000215443 0.735642 45.5501 
0.000215443 0.857696 45.5222 
0.000215443 1 45.4848 
0.000215443 1.16591 45.4352 
0.000215443 1.35936 45.37 
0.000215443 1.58489 45.2851 
0.000215443 1.84785 45.1762 
0.000215443 2.15443 45.0394 
0.000215443 2.51189 44.8719 
0.000215443 2.92864 44.6734 
0.000215443 3.41455 44.4483 
0.000215443 3.98107 44.2064 
0.000215443 4.64159 43.9634 
0.000215443 5.4117 43.7389 
0.000215443 6.30957 43.5513 
0.000215443 7.35642 43.4125 
0.000215443 8.57696 43.3237 
0.000215443 10 43.2757 
0.000215443 11.6591 43.2543 
0.000215443 13.5936 43.2463 
0.000215443 15.8489 43.2437 
0.000215443 18.4785 43.2429 
0.000215443 21.5443 43.2427 
0.000215443 25.1189 43.2426 
0.000215443 29.2864 43.2426 
0.000215443 34.1455 43.2426 
0.000215443 39.8107 43.2426 
0.000215443 46.4159 43.2426 
0.000215443 54.117 43.2426 
0.000215443 63.0957 43.2426 
0.000215443 73.5642 43.2426 
0.000215443 85.7696 43.2426 
0.000215443 100 43.2426 
0.000251189 0.01 45.6302 
0.000251189 0.0116591 45.6302 
0.000251189 0.0135936 45.6302 
0.000251189 0.0158489 45.6302 
0.000251189 0.0184785 45.6302 
0.000251189 0.0215443 45.6302 
0.000251189 0.0251189 45.6301 
0.000251189 0.0292864 45.6301 
0.000251189 0.0341455 45.63 
0.000251189 0.0398107 45.63 
0.000251189 0.0464159 45.6299 
0.000251189 0.054117 45.6297 
0.000251189 0.0630957 45.6295 
0.000251189 0.0735642 45.6293 
0.000251189 0.0857696 45.629 
0.000251189 0.1 45.6285 
0.000251189 0.116591 45.6279 
0.000251189 0.135936 45.627 
0.000251189 0.158489 45.6258 
0.000251189 0.184785 45.6242 
0.000251189 0.215443 45.6221 
0.000251189 0.251189 45.6192 
0.000251189 0.292864 45.6152 
0.000251189 0.341455 45.6098 
0.000251189 0.398107 45.6025 
0.000251189 0.464159 45.5926 
0.000251189 0.54117 45.5792 
0.000251189 0.630957 45.5612 
0.000251189 0.735642 45.5369 
0.000251189 0.857696 45.5043 
0.000251189 1 45.4607 
0.000251189 1.16591 45.403 
0.000251189 1.35936 45.327 
0.000251189 1.58489 45.2281 
0.000251189 1.84785 45.1014 
0.000251189 2.15443 44.9422 
0.000251189 2.51189 44.7474 
0.000251189 2.92864 44.5168 
0.000251189 3.41455 44.2555 
0.000251189 3.98107 43.9751 
0.000251189 4.64159 43.6938 
0.000251189 5.4117 43.4344 
0.000251189 6.30957 43.218 
0.000251189 7.35642 43.0584 
0.000251189 8.57696 42.9566 
0.000251189 10 42.9018 
0.000251189 11.6591 42.8775 
0.000251189 13.5936 42.8686 
0.000251189 15.8489 42.8657 
0.000251189 18.4785 42.8648 
0.000251189 21.5443 42.8645 
0.000251189 25.1189 42.8644 
0.000251189 29.2864 42.8644 
0.000251189 34.1455 42.8644 
0.000251189 39.8107 42.8644 
0.000251189 46.4159 42.8644 
0.000251189 54.117 42.8644 
0.000251189 63.0957 42.8644 
0.000251189 73.5642 42.8644 
0.000251189 85.7696 42.8644 
0.000251189 100 42.8644 
0.000292864 0.01 45.6302 
0.000292864 0.0116591 45.6302 
0.000292864 0.0135936 45.6302 
0.000292864 0.0158489 45.6302 
0.000292864 0.0184785 45.6302 
0.000292864 0.0215443 45.6302 
0.000292864 0.0251189 45.6301 
0.000292864 0.0292864 45.6301 
0.000292864 0.0341455 45.63 
0.000292864 0.0398107 45.6299 
0.000292864 0.0464159 45.6298 
0.000292864 0.054117 45.6296 
0.000292864 0.0630957 45.6294 
0.000292864 0.0735642 45.6291 
0.000292864 0.0857696 45.6287 
0.000292864 0.1 45.6282 
0.000292864 0.116591 45.6275 
0.000292864 0.135936 45.6265 
0.000292864 0.158489 45.6251 
0.000292864 0.184785 45.6232 
0.000292864 0.215443 45.6207 
0.000292864 0.251189 45.6173 
0.000292864 0.292864 45.6127 
0.000292864 0.341455 45.6064 
0.000292864 0.398107 45.5979 
0.000292864 0.464159 45.5864 
0.000292864 0.54117 45.5708 
0.000292864 0.630957 45.5497 
0.000292864 0.735642 45.5214 
0.000292864 0.857696 45.4834 
0.000292864 1 45.4327 
0.000292864 1.16591 45.3654 
0.000292864 1.35936 45.2768 
0.000292864 1.58489 45.1617 
0.000292864 1.84785 45.0143 
0.000292864 2.15443 44.8291 
0.000292864 2.51189 44.6027 
0.000292864 2.92864 44.335 
0.000292864 3.41455 44.0319 
0.000292864 3.98107 43.7072 
0.000292864 4.64159 43.382 
0.000292864 5.4117 43.0827 
0.000292864 6.30957 42.8337 
0.000292864 7.35642 42.6505 
0.000292864 8.57696 42.534 
0.000292864 10 42.4718 
0.000292864 11.6591 42.4444 
0.000292864 13.5936 42.4345 
0.000292864 15.8489 42.4313 
0.000292864 18.4785 42.4303 
0.000292864 21.5443 42.43 
0.000292864 25.1189 42.4299 
0.000292864 29.2864 42.4298 
0.000292864 34.1455 42.4298 
0.000292864 39.8107 42.4298 
0.000292864 46.4159 42.4298 
0.000292864 54.117 42.4298 
0.000292864 63.0957 42.4298 
0.000292864 73.5642 42.4298 
0.000292864 85.7696 42.4298 
0.000292864 100 42.4298 
0.000341455 0.01 45.6302 
0.000341455 0.0116591 45.6302 
0.000341455 0.0135936 45.6302 
0.000341455 0.0158489 45.6302 
0.000341455 0.0184785 45.6302 
0.000341455 0.0215443 45.6301 
0.000341455 0.0251189 45.6301 
0.000341455 0.0292864 45.63 
0.000341455 0.0341455 45.63 
0.000341455 0.0398107 45.6299 
0.000341455 0.0464159 45.6297 
0.000341455 0.054117 45.6295 
0.000341455 0.0630957 45.6293 
0.000341455 0.0735642 45.629 
0.000341455 0.0857696 45.6285 
0.000341455 0.1 45.6279 
0.000341455 0.116591 45.627 
0.000341455 0.135936 45.6258 
0.000341455 0.158489 45.6242 
0.000341455 0.184785 45.6221 
0.000341455 0.215443 45.6191 
0.000341455 0.251189 45.6152 
0.000341455 0.292864 45.6098 
0.000341455 0.341455 45.6024 
0.000341455 0.398107 45.5925 
0.000341455 0.464159 45.5791 
0.000341455 0.54117 45.5609 
0.000341455 0.630957 45.5364 
0.000341455 0.735642 45.5034 
0.000341455 0.857696 45.4591 
0.000341455 1 45.4 
0.000341455 1.16591 45.3216 
0.000341455 1.35936 45.2185 
0.000341455 1.58489 45.0845 
0.000341455 1.84785 44.9129 
0.000341455 2.15443 44.6977 
0.000341455 2.51189 44.4346 
0.000341455 2.92864 44.124 
0.000341455 3.41455 43.7729 
0.000341455 3.98107 43.3972 
0.000341455 4.64159 43.0219 
0.000341455 5.4117 42.6772 
0.000341455 6.30957 42.3912 
0.000341455 7.35642 42.1815 
0.000341455 8.57696 42.0489 
0.000341455 10 41.9786 
0.000341455 11.6591 41.9479 
0.000341455 13.5936 41.9369 
0.000341455 15.8489 41.9334 
0.000341455 18.4785 41.9323 
0.000341455 21.5443 41.9319 
0.000341455 25.1189 41.9318 
0.000341455 29.2864 41.9318 
0.000341455 34.1455 41.9318 
0.000341455 39.8107 41.9318 
0.000341455 46.4159 41.9318 
0.000341455 54.117 41.9318 
0.000341455 63.0957 41.9318 
0.000341455 73.5642 41.9318 
0.000341455 85.7696 41.9318 
0.000341455 100 41.9318 
0.000398107 0.01 45.6302 
0.000398107 0.0116591 45.6302 
0.000398107 0.0135936 45.6302 
0.000398107 0.0158489 45.6302 
0.000398107 0.0184785 45.6302 
0.000398107 0.0215443 45.6301 
0.000398107 0.0251189 45.6301 
0.000398107 0.0292864 45.63 
0.000398107 0.0341455 45.6299 
0.000398107 0.0398107 45.6298 
0.000398107 0.0464159 45.6296 
0.000398107 0.054117 45.6294 
0.000398107 0.0630957 45.6291 
0.000398107 0.0735642 45.6287 
0.000398107 0.0857696 45.6282 
0.000398107 0.1 45.6275 
0.000398107 0.116591 45.6265 
0.000398107 0.135936 45.6251 
0.000398107 0.158489 45.6232 
0.000398107 0.184785 45.6207 
0.000398107 0.215443 45.6173 
0.000398107 0.251189 45.6127 
0.000398107 0.292864 45.6064 
0.000398107 0.341455 45.5978 
0.000398107 0.398107 45.5863 
0.000398107 0.464159 45.5706 
0.000398107 0.54117 45.5494 
0.000398107 0.630957 45.5208 
0.000398107 0.735642 45.4823 
0.000398107 0.857696 45.4307 
0.000398107 1 45.3619 
0.000398107 1.16591 45.2706 
0.000398107 1.35936 45.1505 
0.000398107 1.58489 44.9946 
0.000398107 1.84785 44.7951 
0.000398107 2.15443 44.5449 
0.000398107 2.51189 44.2396 
0.000398107 2.92864 43.8794 
0.000398107 3.41455 43.473 
0.000398107 3.98107 43.0391 
0.000398107 4.64159 42.6066 
0.000398107 5.4117 42.2105 
0.000398107 6.30957 41.883 
0.000398107 7.35642 41.6439 
0.000398107 8.57696 41.4935 
0.000398107 10 41.4144 
0.000398107 11.6591 41.3803 
0.000398107 13.5936 41.3683 
0.000398107 15.8489 41.3646 
0.000398107 18.4785 41.3634 
0.000398107 21.5443 41.363 
0.000398107 25.1189 41.3629 
0.000398107 29.2864 41.3628 
0.000398107 34.1455 41.3628 
0.000398107 39.8107 41.3628 
0.000398107 46.4159 41.3628 
0.000398107 54.117 41.3628 
0.000398107 63.0957 41.3628 
0.000398107 73.5642 41.3628 
0.000398107 85.7696 41.3628 
0.000398107 100 41.3628 
0.000464159 0.01 45.6302 
0.000464159 0.0116591 45.6302 
0.000464159 0.0135936 45.6302 
0.000464159 0.0158489 45.6302 
0.000464159 0.0184785 45.6301 
0.000464159 0.0215443 45.6301 
0.000464159 0.0251189 45.63 
0.000464159 0.0292864 45.63 
0.000464159 0.0341455 45.6299 
0.000464159 0.0398107 45.6297 
0.000464159 0.0464159 45.6295 
0.000464159 0.054117 45.6293 
0.000464159 0.0630957 45.629 
0.000464159 0.0735642 45.6285 
0.000464159 0.0857696 45.6279 
0.000464159 0.1 45.627 
0.000464159 0.116591 45.6258 
0.000464159 0.135936 45.6242 
0.000464159 0.158489 45.6221 
0.000464159 0.184785 45.6191 
0.000464159 0.215443 45.6152 
0.000464159 0.251189 45.6098 
0.000464159 0.292864 45.6024 
0.000464159 0.341455 45.5925 
0.000464159 0.398107 45.579 
0.000464159 0.464159 45.5607 
0.000464159 0.54117 45.536 
0.000464159 0.630957 45.5027 
0.000464159 0.735642 45.4578 
0.000464159 0.857696 45.3977 
0.000464159 1 45.3175 
0.000464159 1.16591 45.2112 
0.000464159 1.35936 45.0715 
0.000464159 1.58489 44.89 
0.000464159 1.84785 44.6581 
0.000464159 2.15443 44.3675 
0.000464159 2.51189 44.0133 
0.000464159 2.92864 43.5962 
0.000464159 3.41455 43.1264 
0.000464159 3.98107 42.626 
0.000464159 4.64159 42.1287 
0.000464159 5.4117 41.6746 
0.000464159 6.30957 41.3008 
0.000464159 7.35642 41.0292 
0.000464159 8.57696 40.8596 
0.000464159 10 40.7713 
0.000464159 11.6591 40.7338 
0.000464159 13.5936 40.721 
0.000464159 15.8489 40.717 
0.000464159 18.4785 40.7158 
0.000464159 21.5443 40.7154 
0.000464159 25.1189 40.7152 
0.000464159 29.2864 40.7152 
0.000464159 34.1455 40.7152 
0.000464159 39.8107 40.7152 
0.000464159 46.4159 40.7152 
0.000464159 54.117 40.7152 
0.000464159 63.0957 40.7152 
0.000464159 73.5642 40.7152 
0.000464159 85.7696 40.7152 
0.000464159 100 40.7152 
0.00054117 0.01 45.6302 
0.00054117 0.0116591 45.6302 
0.00054117 0.0135936 45.6302 
0.00054117 0.0158489 45.6302 
0.00054117 0.0184785 45.6301 
0.00054117 0.0215443 45.6301 
0.00054117 0.0251189 45.63 
0.00054117 0.0292864 45.6299 
0.00054117 0.0341455 45.6298 
0.00054117 0.0398107 45.6296 
0.00054117 0.0464159 45.6294 
0.00054117 0.054117 45.6291 
0.00054117 0.0630957 45.6287 
0.00054117 0.0735642 45.6282 
0.00054117 0.0857696 45.6275 
0.00054117 0.1 45.6265 
0.00054117 0.116591 45.6251 
0.00054117 0.135936 45.6232 
0.00054117 0.158489 45.6207 
0.00054117 0.184785 45.6173 
0.00054117 0.215443 45.6127 
0.00054117 0.251189 45.6064 
0.00054117 0.292864 45.5978 
0.00054117 0.341455 45.5862 
0.00054117 0.398107 45.5705 
0.00054117 0.464159 45.5492 
0.00054117 0.54117 45.5204 
0.00054117 0.630957 45.4815 
0.00054117 0.735642 45.4293 
0.00054117 0.857696 45.3593 
0.00054117 1 45.2658 
0.00054117 1.16591 45.142 
0.00054117 1.35936 44.9795 
0.00054117 1.58489 44.7684 
0.00054117 1.84785 44.4989 
0.00054117 2.15443 44.1617 
0.00054117 2.51189 43.7512 
0.00054117 2.92864 43.2686 
0.00054117 3.41455 42.7264 
0.00054117 3.98107 42.1504 
0.00054117 4.64159 41.5799 
0.00054117 5.4117 41.0612 
0.00054117 6.30957 40.6361 
0.00054117 7.35642 40.3292 
0.00054117 8.57696 40.1391 
0.00054117 10 40.0413 
0.00054117 11.6591 40.0008 
0.00054117 13.5936 39.9872 
0.00054117 15.8489 39.9833 
0.00054117 18.4785 39.982 
0.00054117 21.5443 39.9815 
0.00054117 25.1189 39.9814 
0.00054117 29.2864 39.9814 
0.00054117 34.1455 39.9813 
0.00054117 39.8107 39.9813 
0.00054117 46.4159 39.9813 
0.00054117 54.117 39.9813 
0.00054117 63.0957 39.9813 
0.00054117 73.5642 39.9813 
0.00054117 85.7696 39.9813 
0.00054117 100 39.9813 
0.000630957 0.01 45.6302 
0.000630957 0.0116591 45.6302 
0.000630957 0.0135936 45.6302 
0.000630957 0.0158489 45.6301 
0.000630957 0.0184785 45.6301 
0.000630957 0.0215443 45.63 
0.000630957 0.0251189 45.63 
0.000630957 0.0292864 45.6299 
0.000630957 0.0341455 45.6297 
0.000630957 0.0398107 45.6295 
0.000630957 0.0464159 45.6293 
0.000630957 0.054117 45.629 
0.000630957 0.0630957 45.6285 
0.000630957 0.0735642 45.6279 
0.000630957 0.0857696 45.627 
0.000630957 0.1 45.6258 
0.000630957 0.116591 45.6242 
0.000630957 0.135936 45.6221 
0.000630957 0.158489 45.6191 
0.000630957 0.184785 45.6152 
0.000630957 0.215443 45.6097 
0.000630957 0.251189 45.6024 
0.000630957 0.292864 45.5924 
0.000630957 0.341455 45.5789 
0.000630957 0.398107 45.5605 
0.000630957 0.464159 45.5357 
0.000630957 0.54117 45.5022 
0.000630957 0.630957 45.4569 
0.000630957 0.735642 45.396 
0.000630957 0.857696 45.3145 
0.000630957 1 45.2057 
0.000630957 1.16591 45.0616 
0.000630957 1.35936 44.8724 
0.000630957 1.58489 44.6271 
0.000630957 1.84785 44.3141 
0.000630957 2.15443 43.923 
0.000630957 2.51189 43.4477 
0.000630957 2.92864 42.8902 
0.000630957 3.41455 42.2654 
0.000630957 3.98107 41.604 
0.000630957 4.64159 40.9515 
0.000630957 5.4117 40.3611 
0.000630957 6.30957 39.8801 
0.000630957 7.35642 39.5354 
0.000630957 8.57696 39.3241 
0.000630957 10 39.2171 
0.000630957 11.6591 39.1739 
0.000630957 13.5936 39.1601 
0.000630957 15.8489 39.1563 
0.000630957 18.4785 39.155 
0.000630957 21.5443 39.1546 
0.000630957 25.1189 39.1544 
0.000630957 29.2864 39.1544 
0.000630957 34.1455 39.1544 
0.000630957 39.8107 39.1544 
0.000630957 46.4159 39.1544 
0.000630957 54.117 39.1544 
0.000630957 63.0957 39.1544 
0.000630957 73.5642 39.1544 
0.000630957 85.7696 39.1544 
0.000630957 100 39.1544 
0.000735642 0.01 45.6302 
0.000735642 0.0116591 45.6302 
0.000735642 0.0135936 45.6302 
0.000735642 0.0158489 45.6301 
0.000735642 0.0184785 45.6301 
0.000735642 0.0215443 45.63 
0.000735642 0.0251189 45.6299 
0.000735642 0.0292864 45.6298 
0.000735642 0.0341455 45.6296 
0.000735642 0.0398107 45.6294 
0.000735642 0.0464159 45.6291 
0.000735642 0.054117 45.6287 
0.000735642 0.0630957 45.6282 
0.000735642 0.0735642 45.6275 
0.000735642 0.0857696 45.6265 
0.000735642 0.1 45.6251 
0.000735642 0.116591 45.6232 
0.000735642 0.135936 45.6207 
0.000735642 0.158489 45.6173 
0.000735642 0.184785 45.6126 
0.000735642 0.215443 45.6063 
0.000735642 0.251189 45.5978 
0.000735642 0.292864 45.5861 
0.000735642 0.341455 45.5704 
0.000735642 0.398107 45.549 
0.000735642 0.464159 45.5201 
0.000735642 0.54117 45.481 
0.000735642 0.630957 45.4282 
0.000735642 0.735642 45.3573 
0.000735642 0.857696 45.2623 
0.000735642 1 45.1356 
0.000735642 1.16591 44.9679 
0.000735642 1.35936 44.748 
0.000735642 1.58489 44.463 
0.000735642 1.84785 44.0997 
0.000735642 2.15443 43.6465 
0.000735642 2.51189 43.0968 
0.000735642 2.92864 42.4538 
0.000735642 3.41455 41.7355 
0.000735642 3.98107 40.9781 
0.000735642 4.64159 40.2344 
0.000735642 5.4117 39.5654 
0.000735642 6.30957 39.0243 
0.000735642 7.35642 38.64 
0.000735642 8.57696 38.4075 
0.000735642 10 38.2922 
0.000735642 11.6591 38.2473 
0.000735642 13.5936 38.2339 
0.000735642 15.8489 38.2305 
0.000735642 18.4785 38.2293 
0.000735642 21.5443 38.2288 
0.000735642 25.1189 38.2287 
0.000735642 29.2864 38.2286 
0.000735642 34.1455 38.2286 
0.000735642 39.8107 38.2286 
0.000735642 46.4159 38.2286 
0.000735642 54.117 38.2286 
0.000735642 63.0957 38.2286 
0.000735642 73.5642 38.2286 
0.000735642 85.7696 38.2286 
0.000735642 100 38.2286 
0.000857696 0.01 45.6302 
0.000857696 0.0116591 45.6302 
0.000857696 0.0135936 45.6301 
0.000857696 0.0158489 45.6301 
0.000857696 0.0184785 45.63 
0.000857696 0.0215443 45.63 
0.000857696 0.0251189 45.6299 
0.000857696 0.0292864 45.6297 
0.000857696 0.0341455 45.6295 
0.000857696 0.0398107 45.6293 
0.000857696 0.0464159 45.629 
0.000857696 0.054117 45.6285 
0.000857696 0.0630957 45.6279 
0.000857696 0.0735642 45.627 
0.000857696 0.0857696 45.6258 
0.000857696 0.1 45.6242 
0.000857696 0.116591 45.6221 
0.000857696 0.135936 45.6191 
0.000857696 0.158489 45.6151 
0.000857696 0.184785 45.6097 
0.000857696 0.215443 45.6024 
0.000857696 0.251189 45.5924 
0.000857696 0.292864 45.5788 
0.000857696 0.341455 45.5604 
0.000857696 0.398107 45.5355 
0.000857696 0.464159 45.5018 
0.000857696 0.54117 45.4562 
0.000857696 0.630957 45.3948 
0.000857696 0.735642 45.3122 
0.000857696 0.857696 45.2015 
0.000857696 1 45.0541 
0.000857696 1.16591 44.859 
0.000857696 1.35936 44.6033 
0.000857696 1.58489 44.2724 
0.000857696 1.84785 43.8511 
0.000857696 2.15443 43.3266 
0.000857696 2.51189 42.6918 
0.000857696 2.92864 41.9515 
0.000857696 3.41455 41.1277 
0.000857696 3.98107 40.2632 
0.000857696 4.64159 39.4194 
0.000857696 5.4117 38.6655 
0.000857696 6.30957 38.0611 
0.000857696 7.35642 37.6367 
0.000857696 8.57696 37.3842 
0.000857696 10 37.2623 
0.000857696 11.6591 37.2173 
0.000857696 13.5936 37.2052 
0.000857696 15.8489 37.2025 
0.000857696 18.4785 37.2016 
0.000857696 21.5443 37.2012 
0.000857696 25.1189 37.201 
0.000857696 29.2864 37.201 
0.000857696 34.1455 37.2009 
0.000857696 39.8107 37.2009 
0.000857696 46.4159 37.2009 
0.000857696 54.117 37.2009 
0.000857696 63.0957 37.2009 
0.000857696 73.5642 37.2009 
0.000857696 85.7696 37.2009 
0.000857696 100 37.2009 
0.001 0.01 45.6302 
0.001 0.0116591 45.6302 
0.001 0.0135936 45.6301 
0.001 0.0158489 45.6301 
0.001 0.0184785 45.63 
0.001 0.0215443 45.6299 
0.001 0.0251189 45.6298 
0.001 0.0292864 45.6296 
0.001 0.0341455 45.6294 
0.001 0.0398107 45.6291 
0.001 0.0464159 45.6287 
0.001 0.054117 45.6282 
0.001 0.0630957 45.6275 
0.001 0.0735642 45.6265 
0.001 0.0857696 45.6251 
0.001 0.1 45.6232 
0.001 0.116591 45.6207 
0.001 0.135936 45.6173 
0.001 0.158489 45.6126 
0.001 0.184785 45.6063 
0.001 0.215443 45.5977 
0.001 0.251189 45.5861 
0.001 0.292864 45.5703 
0.001 0.341455 45.5489 
0.001 0.398107 45.5198 
0.001 0.464159 45.4805 
0.001 0.54117 45.4274 
0.001 0.630957 45.3559 
0.001 0.735642 45.2596 
0.001 0.857696 45.1308 
0.001 1 44.9592 
0.001 1.16591 44.7324 
0.001 1.35936 44.4353 
0.001 1.58489 44.0513 
0.001 1.84785 43.5633 
0.001 2.15443 42.9569 
0.001 2.51189 42.2251 
0.001 2.92864 41.3748 
0.001 3.41455 40.4328 
0.001 3.98107 39.45 
0.001 4.64159 38.4975 
0.001 5.4117 37.6538 
0.001 6.30957 36.9847 
0.001 7.35642 36.5215 
0.001 8.57696 36.2519 
0.001 10 36.1266 
0.001 11.6591 36.0838 
0.001 13.5936 36.0743 
0.001 15.8489 36.0731 
0.001 18.4785 36.0726 
0.001 21.5443 36.0722 
0.001 25.1189 36.072 
0.001 29.2864 36.0719 
0.001 34.1455 36.0719 
0.001 39.8107 36.0719 
0.001 46.4159 36.0719 
0.001 54.117 36.0719 
0.001 63.0957 36.0719 
0.001 73.5642 36.0719 
0.001 85.7696 36.0719 
0.001 100 36.0719 
0.00116591 0.01 45.6302 
0.00116591 0.0116591 45.6301 
0.00116591 0.0135936 45.6301 
0.00116591 0.0158489 45.63 
0.00116591 0.0184785 45.63 
0.00116591 0.0215443 45.6299 
0.00116591 0.0251189 45.6297 
0.00116591 0.0292864 45.6295 
0.00116591 0.0341455 45.6293 
0.00116591 0.0398107 45.629 
0.00116591 0.0464159 45.6285 
0.00116591 0.054117 45.6279 
0.00116591 0.0630957 45.627 
0.00116591 0.0735642 45.6258 
0.00116591 0.0857696 45.6242 
0.00116591 0.1 45.6221 
0.00116591 0.116591 45.6191 
0.00116591 0.135936 45.6151 
0.00116591 0.158489 45.6097 
0.00116591 0.184785 45.6024 
0.00116591 0.215443 45.5924 
0.00116591 0.251189 45.5788 
0.00116591 0.292864 45.5604 
0.00116591 0.341455 45.5354 
0.00116591 0.398107 45.5015 
0.00116591 0.464159 45.4557 
0.00116591 0.54117 45.3939 
0.00116591 0.630957 45.3105 
0.00116591 0.735642 45.1985 
0.00116591 0.857696 45.0485 
0.00116591 1 44.8489 
0.00116591 1.16591 44.5852 
0.00116591 1.35936 44.2403 
0.00116591 1.58489 43.795 
0.00116591 1.84785 43.2302 
0.00116591 2.15443 42.5302 
0.00116591 2.51189 41.6884 
0.00116591 2.92864 40.7143 
0.00116591 3.41455 39.6412 
0.00116591 3.98107 38.5293 
0.00116591 4.64159 37.4609 
0.00116591 5.4117 36.5248 
0.00116591 6.30957 35.7923 
0.00116591 7.35642 35.2947 
0.00116591 8.57696 35.0133 
0.00116591 10 34.8894 
0.00116591 11.6591 34.8523 
0.00116591 13.5936 34.8474 
0.00116591 15.8489 34.8483 
0.00116591 18.4785 34.8485 
0.00116591 21.5443 34.8482 
0.00116591 25.1189 34.848 
0.00116591 29.2864 34.848 
0.00116591 34.1455 34.8479 
0.00116591 39.8107 34.8479 
0.00116591 46.4159 34.8479 
0.00116591 54.117 34.8479 
0.00116591 63.0957 34.8479 
0.00116591 73.5642 34.8479 
0.00116591 85.7696 34.8479 
0.00116591 100 34.8479 
0.00135936 0.01 45.6302 
0.00135936 0.0116591 45.6301 
0.00135936 0.0135936 45.6301 
0.00135936 0.0158489 45.63 
0.00135936 0.0184785 45.6299 
0.00135936 0.0215443 45.6298 
0.00135936 0.0251189 45.6296 
0.00135936 0.0292864 45.6294 
0.00135936 0.0341455 45.6291 
0.00135936 0.0398107 45.6287 
0.00135936 0.0464159 45.6282 
0.00135936 0.054117 45.6275 
0.00135936 0.0630957 45.6265 
0.00135936 0.0735642 45.6251 
0.00135936 0.0857696 45.6232 
0.00135936 0.1 45.6207 
0.00135936 0.116591 45.6173 
0.00135936 0.135936 45.6126 
0.00135936 0.158489 45.6063 
0.00135936 0.184785 45.5977 
0.00135936 0.215443 45.5861 
0.00135936 0.251189 45.5702 
0.00135936 0.292864 45.5488 
0.00135936 0.341455 45.5197 
0.00135936 0.398107 45.4802 
0.00135936 0.464159 45.4269 
0.00135936 0.54117 45.3548 
0.00135936 0.630957 45.2577 
0.00135936 0.735642 45.1272 
0.00135936 0.857696 44.9527 
0.00135936 1 44.7206 
0.00135936 1.16591 44.4143 
0.00135936 1.35936 44.0141 
0.00135936 1.58489 43.4983 
0.00135936 1.84785 42.8455 
0.00135936 2.15443 42.0389 
0.00135936 2.51189 41.0727 
0.00135936 2.92864 39.9605 
0.00135936 3.41455 38.7434 
0.00135936 3.98107 37.4929 
0.00135936 4.64159 36.3042 
0.00135936 5.4117 35.2765 
0.00135936 6.30957 34.4863 
0.00135936 7.35642 33.9626 
0.00135936 8.57696 33.6781 
0.00135936 10 33.5629 
0.00135936 11.6591 33.5365 
0.00135936 13.5936 33.5389 
0.00135936 15.8489 33.5431 
0.00135936 18.4785 33.5443 
0.00135936 21.5443 33.5442 
0.00135936 25.1189 33.544 
0.00135936 29.2864 33.5439 
0.00135936 34.1455 33.5439 
0.00135936 39.8107 33.5439 
0.00135936 46.4159 33.5439 
0.00135936 54.117 33.5439 
0.00135936 63.0957 33.5439 
0.00135936 73.5642 33.5439 
0.00135936 85.7696 33.5439 
0.00135936 100 33.5439 
0.00158489 0.01 45.6301 
0.00158489 0.0116591 45.6301 
0.00158489 0.0135936 45.63 
0.00158489 0.0158489 45.63 
0.00158489 0.0184785 45.6299 
0.00158489 0.0215443 45.6297 
0.00158489 0.0251189 45.6295 
0.00158489 0.0292864 45.6293 
0.00158489 0.0341455 45.629 
0.00158489 0.0398107 45.6285 
0.00158489 0.0464159 45.6279 
0.00158489 0.054117 45.627 
0.00158489 0.0630957 45.6258 
0.00158489 0.0735642 45.6242 
0.00158489 0.0857696 45.6221 
0.00158489 0.1 45.6191 
0.00158489 0.116591 45.6151 
0.00158489 0.135936 45.6097 
0.00158489 0.158489 45.6023 
0.00158489 0.184785 45.5923 
0.00158489 0.215443 45.5787 
0.00158489 0.251189 45.5603 
0.00158489 0.292864 45.5353 
0.00158489 0.341455 45.5013 
0.00158489 0.398107 45.4554 
0.00158489 0.464159 45.3932 
0.00158489 0.54117 45.3093 
0.00158489 0.630957 45.1962 
0.00158489 0.735642 45.0443 
0.00158489 0.857696 44.8413 
0.00158489 1 44.5716 
0.00158489 1.16591 44.2159 
0.00158489 1.35936 43.7519 
0.00158489 1.58489 43.1551 
0.00158489 1.84785 42.4018 
0.00158489 2.15443 41.4743 
0.00158489 2.51189 40.3685 
0.00158489 2.92864 39.1036 
0.00158489 3.41455 37.7305 
0.00158489 3.98107 36.3346 
0.00158489 4.64159 35.0251 
0.00158489 5.4117 33.9124 
0.00158489 6.30957 33.0763 
0.00158489 7.35642 32.5405 
0.00158489 8.57696 32.2664 
0.00158489 10 32.1707 
0.00158489 11.6591 32.1618 
0.00158489 13.5936 32.1752 
0.00158489 15.8489 32.1842 
0.00158489 18.4785 32.1869 
0.00158489 21.5443 32.187 
0.00158489 25.1189 32.1869 
0.00158489 29.2864 32.1868 
0.00158489 34.1455 32.1868 
0.00158489 39.8107 32.1868 
0.00158489 46.4159 32.1868 
0.00158489 54.117 32.1868 
0.00158489 63.0957 32.1868 
0.00158489 73.5642 32.1868 
0.00158489 85.7696 32.1868 
0.00158489 100 32.1868 
0.00184785 0.01 45.6301 
0.00184785 0.0116591 45.6301 
0.00184785 0.0135936 45.63 
0.00184785 0.0158489 45.6299 
0.00184785 0.0184785 45.6298 
0.00184785 0.0215443 45.6296 
0.00184785 0.0251189 45.6294 
0.00184785 0.0292864 45.6291 
0.00184785 0.0341455 45.6287 
0.00184785 0.0398107 45.6282 
0.00184785 0.0464159 45.6275 
0.00184785 0.054117 45.6265 
0.00184785 0.0630957 45.6251 
0.00184785 0.0735642 45.6232 
0.00184785 0.0857696 45.6207 
0.00184785 0.1 45.6173 
0.00184785 0.116591 45.6126 
0.00184785 0.135936 45.6063 
0.00184785 0.158489 45.5977 
0.00184785 0.184785 45.5861 
0.00184785 0.215443 45.5702 
0.00184785 0.251189 45.5487 
0.00184785 0.292864 45.5195 
0.00184785 0.341455 45.48 
0.00184785 0.398107 45.4264 
0.00184785 0.464159 45.354 
0.00184785 0.54117 45.2562 
0.00184785 0.630957 45.1246 
0.00184785 0.735642 44.9479 
0.00184785 0.857696 44.7118 
0.00184785 1 44.3984 
0.00184785 1.16591 43.9857 
0.00184785 1.35936 43.4483 
0.00184785 1.58489 42.7587 
0.00184785 1.84785 41.891 
0.00184785 2.15443 40.8272 
0.00184785 2.51189 39.5661 
0.00184785 2.92864 38.1343 
0.00184785 3.41455 36.5956 
0.00184785 3.98107 35.0514 
0.00184785 4.64159 33.6275 
0.00184785 5.4117 32.4444 
0.00184785 6.30957 31.5826 
0.00184785 7.35642 31.0569 
0.00184785 8.57696 30.8131 
0.00184785 10 30.7517 
0.00184785 11.6591 30.7699 
0.00184785 13.5936 30.7992 
0.00184785 15.8489 30.815 
0.00184785 18.4785 30.8197 
0.00184785 21.5443 30.8203 
0.00184785 25.1189 30.8202 
0.00184785 29.2864 30.8201 
0.00184785 34.1455 30.8201 
0.00184785 39.8107 30.8201 
0.00184785 46.4159 30.8201 
0.00184785 54.117 30.8201 
0.00184785 63.0957 30.8201 
0.00184785 73.5642 30.8201 
0.00184785 85.7696 30.8201 
0.00184785 100 30.8201 
0.00215443 0.01 45.6301 
0.00215443 0.0116591 45.63 
0.00215443 0.0135936 45.63 
0.00215443 0.0158489 45.6299 
0.00215443 0.0184785 45.6297 
0.00215443 0.0215443 45.6295 
0.00215443 0.0251189 45.6293 
0.00215443 0.0292864 45.629 
0.00215443 0.0341455 45.6285 
0.00215443 0.0398107 45.6279 
0.00215443 0.0464159 45.627 
0.00215443 0.054117 45.6258 
0.00215443 0.0630957 45.6242 
0.00215443 0.0735642 45.6221 
0.00215443 0.0857696 45.6191 
0.00215443 0.1 45.6151 
0.00215443 0.116591 45.6097 
0.00215443 0.135936 45.6023 
0.00215443 0.158489 45.5923 
0.00215443 0.184785 45.5787 
0.00215443 0.215443 45.5603 
0.00215443 0.251189 45.5352 
0.00215443 0.292864 45.5012 
0.00215443 0.341455 45.4551 
0.00215443 0.398107 45.3927 
0.00215443 0.464159 45.3083 
0.00215443 0.54117 45.1945 
0.00215443 0.630957 45.0412 
0.00215443 0.735642 44.8357 
0.00215443 0.857696 44.5613 
0.00215443 1 44.1975 
0.00215443 1.16591 43.719 
0.00215443 1.35936 43.0973 
0.00215443 1.58489 42.3017 
0.00215443 1.84785 41.3044 
0.00215443 2.15443 40.0879 
0.00215443 2.51189 38.6556 
0.00215443 2.92864 37.0444 
0.00215443 3.41455 35.3342 
0.00215443 3.98107 33.646 
0.00215443 4.64159 32.1233 
0.00215443 5.4117 30.896 
0.00215443 6.30957 30.0411 
0.00215443 7.35642 29.5583 
0.00215443 8.57696 29.3728 
0.00215443 10 29.3664 
0.00215443 11.6591 29.4245 
0.00215443 13.5936 29.4761 
0.00215443 15.8489 29.5014 
0.00215443 18.4785 29.509 
0.00215443 21.5443 29.5101 
0.00215443 25.1189 29.5101 
0.00215443 29.2864 29.51 
0.00215443 34.1455 29.51 
0.00215443 39.8107 29.51 
0.00215443 46.4159 29.51 
0.00215443 54.117 29.51 
0.00215443 63.0957 29.51 
0.00215443 73.5642 29.51 
0.00215443 85.7696 29.51 
0.00215443 100 29.51 
0.00251189 0.01 45.6301 
0.00251189 0.0116591 45.63 
0.00251189 0.0135936 45.6299 
0.00251189 0.0158489 45.6298 
0.00251189 0.0184785 45.6296 
0.00251189 0.0215443 45.6294 
0.00251189 0.0251189 45.6291 
0.00251189 0.0292864 45.6287 
0.00251189 0.0341455 45.6282 
0.00251189 0.0398107 45.6275 
0.00251189 0.0464159 45.6265 
0.00251189 0.054117 45.6251 
0.00251189 0.0630957 45.6232 
0.00251189 0.0735642 45.6207 
0.00251189 0.0857696 45.6173 
0.00251189 0.1 45.6126 
0.00251189 0.116591 45.6063 
0.00251189 0.135936 45.5977 
0.00251189 0.158489 45.586 
0.00251189 0.184785 45.5702 
0.00251189 0.215443 45.5487 
0.00251189 0.251189 45.5194 
0.00251189 0.292864 45.4798 
0.00251189 0.341455 45.4261 
0.00251189 0.398107 45.3534 
0.00251189 0.464159 45.2551 
0.00251189 0.54117 45.1226 
0.00251189 0.630957 44.9443 
0.00251189 0.735642 44.7053 
0.00251189 0.857696 44.3865 
0.00251189 1 43.9644 
0.00251189 1.16591 43.4103 
0.00251189 1.35936 42.6919 
0.00251189 1.58489 41.7758 
0.00251189 1.84785 40.6325 
0.00251189 2.15443 39.2464 
0.00251189 2.51189 37.628 
0.00251189 2.92864 35.8281 
0.00251189 3.41455 33.9469 
0.00251189 3.98107 32.1291 
0.00251189 4.64159 30.5372 
0.00251189 5.4117 29.308 
0.00251189 6.30957 28.5086 
0.00251189 7.35642 28.1157 
0.00251189 8.57696 28.0275 
0.00251189 10 28.1037 
0.00251189 11.6591 28.2185 
0.00251189 13.5936 28.301 
0.00251189 15.8489 28.3391 
0.00251189 18.4785 28.3506 
0.00251189 21.5443 28.3526 
0.00251189 25.1189 28.3526 
0.00251189 29.2864 28.3526 
0.00251189 34.1455 28.3526 
0.00251189 39.8107 28.3526 
0.00251189 46.4159 28.3526 
0.00251189 54.117 28.3526 
0.00251189 63.0957 28.3526 
0.00251189 73.5642 28.3526 
0.00251189 85.7696 28.3526 
0.00251189 100 28.3526 
0.00292864 0.01 45.63 
0.00292864 0.0116591 45.63 
0.00292864 0.0135936 45.6299 
0.00292864 0.0158489 45.6297 
0.00292864 0.0184785 45.6295 
0.00292864 0.0215443 45.6293 
0.00292864 0.0251189 45.629 
0.00292864 0.0292864 45.6285 
0.00292864 0.0341455 45.6279 
0.00292864 0.0398107 45.627 
0.00292864 0.0464159 45.6258 
0.00292864 0.054117 45.6242 
0.00292864 0.0630957 45.6221 
0.00292864 0.0735642 45.6191 
0.00292864 0.0857696 45.6151 
0.00292864 0.1 45.6097 
0.00292864 0.116591 45.6023 
0.00292864 0.135936 45.5923 
0.00292864 0.158489 45.5787 
0.00292864 0.184785 45.5602 
0.00292864 0.215443 45.5351 
0.00292864 0.251189 45.5011 
0.00292864 0.292864 45.4549 
0.00292864 0.341455 45.3923 
0.00292864 0.398107 45.3076 
0.00292864 0.464159 45.1932 
0.00292864 0.54117 45.0389 
0.00292864 0.630957 44.8315 
0.00292864 0.735642 44.5537 
0.00292864 0.857696 44.1837 
0.00292864 1 43.6943 
0.00292864 1.16591 43.0533 
0.00292864 1.35936 42.2247 
0.00292864 1.58489 41.172 
0.00292864 1.84785 39.8655 
0.00292864 2.15443 38.2931 
0.00292864 2.51189 36.4759 
0.00292864 2.92864 34.4832 
0.00292864 3.41455 32.4415 
0.00292864 3.98107 30.5232 
0.00292864 4.64159 28.9111 
0.00292864 5.4117 27.7441 
0.00292864 6.30957 27.0702 
0.00292864 7.35642 26.8326 
0.00292864 8.57696 26.8943 
0.00292864 10 27.0899 
0.00292864 11.6591 27.2831 
0.00292864 13.5936 27.4073 
0.00292864 15.8489 27.4626 
0.00292864 18.4785 27.4793 
0.00292864 21.5443 27.4824 
0.00292864 25.1189 27.4826 
0.00292864 29.2864 27.4826 
0.00292864 34.1455 27.4826 
0.00292864 39.8107 27.4826 
0.00292864 46.4159 27.4826 
0.00292864 54.117 27.4826 
0.00292864 63.0957 27.4826 
0.00292864 73.5642 27.4826 
0.00292864 85.7696 27.4826 
0.00292864 100 27.4826 
0.00341455 0.01 45.63 
0.00341455 0.0116591 45.6299 
0.00341455 0.0135936 45.6298 
0.00341455 0.0158489 45.6296 
0.00341455 0.0184785 45.6294 
0.00341455 0.0215443 45.6291 
0.00341455 0.0251189 45.6287 
0.00341455 0.0292864 45.6282 
0.00341455 0.0341455 45.6275 
0.00341455 0.0398107 45.6265 
0.00341455 0.0464159 45.6251 
0.00341455 0.054117 45.6232 
0.00341455 0.0630957 45.6207 
0.00341455 0.0735642 45.6173 
0.00341455 0.0857696 45.6126 
0.00341455 0.1 45.6063 
0.00341455 0.116591 45.5977 
0.00341455 0.135936 45.586 
0.00341455 0.158489 45.5702 
0.00341455 0.184785 45.5486 
0.00341455 0.215443 45.5194 
0.00341455 0.251189 45.4797 
0.00341455 0.292864 45.4259 
0.00341455 0.341455 45.353 
0.00341455 0.398107 45.2543 
0.00341455 0.464159 45.1211 
0.00341455 0.54117 44.9416 
0.00341455 0.630957 44.7004 
0.00341455 0.735642 44.3777 
0.00341455 0.857696 43.9484 
0.00341455 1 43.3816 
0.00341455 1.16591 42.6412 
0.00341455 1.35936 41.6872 
0.00341455 1.58489 40.4809 
0.00341455 1.84785 38.9934 
0.00341455 2.15443 37.2193 
0.00341455 2.51189 35.1945 
0.00341455 2.92864 33.0139 
0.00341455 3.41455 30.8365 
0.00341455 3.98107 28.8679 
0.00341455 4.64159 27.3108 
0.00341455 5.4117 26.299 
0.00341455 6.30957 25.8486 
0.00341455 7.35642 25.8548 
0.00341455 8.57696 26.136 
0.00341455 10 26.4983 
0.00341455 11.6591 26.7978 
0.00341455 13.5936 26.9773 
0.00341455 15.8489 27.0553 
0.00341455 18.4785 27.0789 
0.00341455 21.5443 27.0834 
0.00341455 25.1189 27.0839 
0.00341455 29.2864 27.0839 
0.00341455 34.1455 27.0838 
0.00341455 39.8107 27.0838 
0.00341455 46.4159 27.0838 
0.00341455 54.117 27.0838 
0.00341455 63.0957 27.0838 
0.00341455 73.5642 27.0838 
0.00341455 85.7696 27.0838 
0.00341455 100 27.0838 
0.00398107 0.01 45.63 
0.00398107 0.0116591 45.6299 
0.00398107 0.0135936 45.6297 
0.00398107 0.0158489 45.6295 
0.00398107 0.0184785 45.6293 
0.00398107 0.0215443 45.629 
0.00398107 0.0251189 45.6285 
0.00398107 0.0292864 45.6279 
0.00398107 0.0341455 45.627 
0.00398107 0.0398107 45.6258 
0.00398107 0.0464159 45.6242 
0.00398107 0.054117 45.6221 
0.00398107 0.0630957 45.6191 
0.00398107 0.0735642 45.6151 
0.00398107 0.0857696 45.6097 
0.00398107 0.1 45.6023 
0.00398107 0.116591 45.5923 
0.00398107 0.135936 45.5787 
0.00398107 0.158489 45.5602 
0.00398107 0.184785 45.5351 
0.00398107 0.215443 45.501 
0.00398107 0.251189 45.4547 
0.00398107 0.292864 45.392 
0.00398107 0.341455 45.3071 
0.00398107 0.398107 45.1923 
0.00398107 0.464159 45.0372 
0.00398107 0.54117 44.8284 
0.00398107 0.630957 44.548 
0.00398107 0.735642 44.1734 
0.00398107 0.857696 43.6757 
0.00398107 1 43.0202 
0.00398107 1.16591 42.1662 
0.00398107 1.35936 41.0704 
0.00398107 1.58489 39.6925 
0.00398107 1.84785 38.0066 
0.00398107 2.15443 36.018 
0.00398107 2.51189 33.7842 
0.00398107 2.92864 31.4331 
0.00398107 3.41455 29.1656 
0.00398107 3.98107 27.2256 
0.00398107 4.64159 25.8339 
0.00398107 5.4117 25.1082 
0.00398107 6.30957 25.0142 
0.00398107 7.35642 25.3816 
0.00398107 8.57696 25.9722 
0.00398107 10 26.5612 
0.00398107 11.6591 27.0016 
0.00398107 13.5936 27.2533 
0.00398107 15.8489 27.3605 
0.00398107 18.4785 27.393 
0.00398107 21.5443 27.3995 
0.00398107 25.1189 27.4003 
0.00398107 29.2864 27.4003 
0.00398107 34.1455 27.4003 
0.00398107 39.8107 27.4003 
0.00398107 46.4159 27.4003 
0.00398107 54.117 27.4003 
0.00398107 63.0957 27.4003 
0.00398107 73.5642 27.4003 
0.00398107 85.7696 27.4003 
0.00398107 100 27.4003 
0.00464159 0.01 45.6299 
0.00464159 0.0116591 45.6298 
0.00464159 0.0135936 45.6296 
0.00464159 0.0158489 45.6294 
0.00464159 0.0184785 45.6291 
0.00464159 0.0215443 45.6287 
0.00464159 0.0251189 45.6282 
0.00464159 0.0292864 45.6275 
0.00464159 0.0341455 45.6265 
0.00464159 0.0398107 45.6251 
0.00464159 0.0464159 45.6232 
0.00464159 0.054117 45.6207 
0.00464159 0.0630957 45.6173 
0.00464159 0.0735642 45.6126 
0.00464159 0.0857696 45.6063 
0.00464159 0.1 45.5977 
0.00464159 0.116591 45.586 
0.00464159 0.135936 45.5701 
0.00464159 0.158489 45.5486 
0.00464159 0.184785 45.5193 
0.00464159 0.215443 45.4796 
0.00464159 0.251189 45.4257 
0.00464159 0.292864 45.3527 
0.00464159 0.341455 45.2538 
0.00464159 0.398107 45.12 
0.00464159 0.464159 44.9396 
0.00464159 0.54117 44.6968 
0.00464159 0.630957 44.3711 
0.00464159 0.735642 43.9364 
0.00464159 0.857696 43.3602 
0.00464159 1 42.6029 
0.00464159 1.16591 41.6199 
0.00464159 1.35936 40.3646 
0.00464159 1.58489 38.7967 
0.00464159 1.84785 36.8967 
0.00464159 2.15443 34.686 
0.00464159 2.51189 32.2521 
0.00464159 2.92864 29.7671 
0.00464159 3.41455 27.484 
0.00464159 3.98107 25.6903 
0.00464159 4.64159 24.6203 
0.00464159 5.4117 24.3587 
0.00464159 6.30957 24.7971 
0.00464159 7.35642 25.6769 
0.00464159 8.57696 26.6904 
0.00464159 10 27.5806 
0.00464159 11.6591 28.2041 
0.00464159 13.5936 28.5483 
0.00464159 15.8489 28.6928 
0.00464159 18.4785 28.7367 
0.00464159 21.5443 28.7458 
0.00464159 25.1189 28.7469 
0.00464159 29.2864 28.747 
0.00464159 34.1455 28.747 
0.00464159 39.8107 28.747 
0.00464159 46.4159 28.747 
0.00464159 54.117 28.747 
0.00464159 63.0957 28.747 
0.00464159 73.5642 28.747 
0.00464159 85.7696 28.747 
0.00464159 100 28.747 
0.0054117 0.01 45.6299 
0.0054117 0.0116591 45.6297 
0.0054117 0.0135936 45.6295 
0.0054117 0.0158489 45.6293 
0.0054117 0.0184785 45.629 
0.0054117 0.0215443 45.6285 
0.0054117 0.0251189 45.6279 
0.0054117 0.0292864 45.627 
0.0054117 0.0341455 45.6258 
0.0054117 0.0398107 45.6242 
0.0054117 0.0464159 45.6221 
0.0054117 0.054117 45.6191 
0.0054117 0.0630957 45.6151 
0.0054117 0.0735642 45.6097 
0.0054117 0.0857696 45.6023 
0.0054117 0.1 45.5923 
0.0054117 0.116591 45.5787 
0.0054117 0.135936 45.5602 
0.0054117 0.158489 45.5351 
0.0054117 0.184785 45.5009 
0.0054117 0.215443 45.4546 
0.0054117 0.251189 45.3918 
0.0054117 0.292864 45.3068 
0.0054117 0.341455 45.1916 
0.0054117 0.398107 45.036 
0.0054117 0.464159 44.8261 
0.0054117 0.54117 44.5438 
0.0054117 0.630957 44.1657 
0.0054117 0.735642 43.6619 
0.0054117 0.857696 42.9954 
0.0054117 1 42.1221 
0.0054117 1.16591 40.9931 
0.0054117 1.35936 39.5597 
0.0054117 1.58489 37.7841 
0.0054117 1.84785 35.6575 
0.0054117 2.15443 33.2254 
0.0054117 2.51189 30.6165 
0.0054117 2.92864 28.0608 
0.0054117 3.41455 25.8756 
0.0054117 3.98107 24.3967 
0.0054117 4.64159 23.8625 
0.0054117 5.4117 24.301 
0.0054117 6.30957 25.4982 
0.0054117 7.35642 27.0804 
0.0054117 8.57696 28.6565 
0.0054117 10 29.9377 
0.0054117 11.6591 30.7947 
0.0054117 13.5936 31.2555 
0.0054117 15.8489 31.4467 
0.0054117 18.4785 31.5049 
0.0054117 21.5443 31.5171 
0.0054117 25.1189 31.5188 
0.0054117 29.2864 31.5189 
0.0054117 34.1455 31.5189 
0.0054117 39.8107 31.5189 
0.0054117 46.4159 31.5189 
0.0054117 54.117 31.5189 
0.0054117 63.0957 31.5189 
0.0054117 73.5642 31.5189 
0.0054117 85.7696 31.5189 
0.0054117 100 31.5189 
0.00630957 0.01 45.6298 
0.00630957 0.0116591 45.6296 
0.00630957 0.0135936 45.6294 
0.00630957 0.0158489 45.6291 
0.00630957 0.0184785 45.6287 
0.00630957 0.0215443 45.6282 
0.00630957 0.0251189 45.6275 
0.00630957 0.0292864 45.6265 
0.00630957 0.0341455 45.6251 
0.00630957 0.0398107 45.6232 
0.00630957 0.0464159 45.6207 
0.00630957 0.054117 45.6173 
0.00630957 0.0630957 45.6126 
0.00630957 0.0735642 45.6063 
0.00630957 0.0857696 45.5977 
0.00630957 0.1 45.586 
0.00630957 0.116591 45.5701 
0.00630957 0.135936 45.5486 
0.00630957 0.158489 45.5193 
0.00630957 0.184785 45.4795 
0.00630957 0.215443 45.4256 
0.00630957 0.251189 45.3524 
0.00630957 0.292864 45.2533 
0.00630957 0.341455 45.1192 
0.00630957 0.398107 44.9381 
0.00630957 0.464159 44.6941 
0.00630957 0.54117 44.3662 
0.00630957 0.630957 43.9276 
0.00630957 0.735642 43.3442 
0.00630957 0.857696 42.5743 
0.00630957 1 41.5692 
0.00630957 1.16591 40.2762 
0.00630957 1.35936 38.6459 
0.00630957 1.58489 36.6466 
0.00630957 1.84785 34.2866 
0.00630957 2.15443 31.6464 
0.00630957 2.51189 28.9107 
0.00630957 2.92864 26.3844 
0.00630957 3.41455 24.4626 
0.00630957 3.98107 23.5316 
0.00630957 4.64159 23.818 
0.00630957 5.4117 25.2598 
0.00630957 6.30957 27.4984 
0.00630957 7.35642 30.0142 
0.00630957 8.57696 32.3195 
0.00630957 10 34.0973 
0.00630957 11.6591 35.2461 
0.00630957 13.5936 35.8511 
0.00630957 15.8489 36.0998 
0.00630957 18.4785 36.1757 
0.00630957 21.5443 36.1919 
0.00630957 25.1189 36.1941 
0.00630957 29.2864 36.1943 
0.00630957 34.1455 36.1944 
0.00630957 39.8107 36.1944 
0.00630957 46.4159 36.1944 
0.00630957 54.117 36.1944 
0.00630957 63.0957 36.1944 
0.00630957 73.5642 36.1944 
0.00630957 85.7696 36.1944 
0.00630957 100 36.1944 
0.00735642 0.01 45.6297 
0.00735642 0.0116591 45.6295 
0.00735642 0.0135936 45.6293 
0.00735642 0.0158489 45.629 
0.00735642 0.0184785 45.6285 
0.00735642 0.0215443 45.6279 
0.00735642 0.0251189 45.627 
0.00735642 0.0292864 45.6258 
0.00735642 0.0341455 45.6242 
0.00735642 0.0398107 45.6221 
0.00735642 0.0464159 45.6191 
0.00735642 0.054117 45.6151 
0.00735642 0.0630957 45.6097 
0.00735642 0.0735642 45.6023 
0.00735642 0.0857696 45.5923 
0.00735642 0.1 45.5787 
0.00735642 0.116591 45.5602 
0.00735642 0.135936 45.535 
0.00735642 0.158489 45.5009 
0.00735642 0.184785 45.4546 
0.00735642 0.215443 45.3917 
0.00735642 0.251189 45.3065 
0.00735642 0.292864 45.1911 
0.00735642 0.341455 45.035 
0.00735642 0.398107 44.8244 
0.00735642 0.464159 44.5407 
0.00735642 0.54117 44.1601 
0.00735642 0.630957 43.6516 
0.00735642 0.735642 42.9769 
0.00735642 0.857696 42.0891 
0.00735642 1 40.935 
0.00735642 1.16591 39.459 
0.00735642 1.35936 37.6137 
0.00735642 1.58489 35.3784 
0.00735642 1.84785 32.788 
0.00735642 2.15443 29.9718 
0.00735642 2.51189 27.1897 
0.00735642 2.92864 24.8421 
0.00735642 3.41455 23.4161 
0.00735642 3.98107 23.3457 
0.00735642 4.64159 24.8194 
0.00735642 5.4117 27.641 
0.00735642 6.30957 31.2608 
0.00735642 7.35642 34.9812 
0.00735642 8.57696 38.2072 
0.00735642 10 40.6011 
0.00735642 11.6591 42.1071 
0.00735642 13.5936 42.8871 
0.00735642 15.8489 43.2054 
0.00735642 18.4785 43.3026 
0.00735642 21.5443 43.3236 
0.00735642 25.1189 43.3267 
0.00735642 29.2864 43.327 
0.00735642 34.1455 43.327 
0.00735642 39.8107 43.327 
0.00735642 46.4159 43.327 
0.00735642 54.117 43.327 
0.00735642 63.0957 43.327 
0.00735642 73.5642 43.327 
0.00735642 85.7696 43.327 
0.00735642 100 43.327 
0.00857696 0.01 45.6296 
0.00857696 0.0116591 45.6294 
0.00857696 0.0135936 45.6291 
0.00857696 0.0158489 45.6287 
0.00857696 0.0184785 45.6282 
0.00857696 0.0215443 45.6275 
0.00857696 0.0251189 45.6265 
0.00857696 0.0292864 45.6251 
0.00857696 0.0341455 45.6232 
0.00857696 0.0398107 45.6207 
0.00857696 0.0464159 45.6173 
0.00857696 0.054117 45.6126 
0.00857696 0.0630957 45.6063 
0.00857696 0.0735642 45.5977 
0.00857696 0.0857696 45.586 
0.00857696 0.1 45.5701 
0.00857696 0.116591 45.5486 
0.00857696 0.135936 45.5192 
0.00857696 0.158489 45.4795 
0.00857696 0.184785 45.4255 
0.00857696 0.215443 45.3522 
0.00857696 0.251189 45.253 
0.00857696 0.292864 45.1187 
0.00857696 0.341455 44.9371 
0.00857696 0.398107 44.6921 
0.00857696 0.464159 44.3626 
0.00857696 0.54117 43.921 
0.00857696 0.630957 43.3323 
0.00857696 0.735642 42.5529 
0.00857696 0.857696 41.5312 
0.00857696 1 40.2096 
0.00857696 1.16591 38.5316 
0.00857696 1.35936 36.4552 
0.00857696 1.58489 33.9781 
0.00857696 1.84785 31.1745 
0.00857696 2.15443 28.2412 
0.00857696 2.51189 25.5374 
0.00857696 2.92864 23.5825 
0.00857696 3.41455 22.9678 
0.00857696 3.98107 24.1638 
0.00857696 4.64159 27.2803 
0.00857696 5.4117 31.9297 
0.00857696 6.30957 37.3199 
0.00857696 7.35642 42.5464 
0.00857696 8.57696 46.9021 
0.00857696 10 50.0416 
0.00857696 11.6591 51.9756 
0.00857696 13.5936 52.964 
0.00857696 15.8489 53.3649 
0.00857696 18.4785 53.4875 
0.00857696 21.5443 53.5142 
0.00857696 25.1189 53.5182 
0.00857696 29.2864 53.5186 
0.00857696 34.1455 53.5187 
0.00857696 39.8107 53.5187 
0.00857696 46.4159 53.5187 
0.00857696 54.117 53.5187 
0.00857696 63.0957 53.5187 
0.00857696 73.5642 53.5187 
0.00857696 85.7696 53.5187 
0.00857696 100 53.5187 
0.01 0.01 45.6295 
0.01 0.0116591 45.6293 
0.01 0.0135936 45.629 
0.01 0.0158489 45.6285 
0.01 0.0184785 45.6279 
0.01 0.0215443 45.627 
0.01 0.0251189 45.6258 
0.01 0.0292864 45.6242 
0.01 0.0341455 45.6221 
0.01 0.0398107 45.6191 
0.01 0.0464159 45.6151 
0.01 0.054117 45.6097 
0.01 0.0630957 45.6023 
0.01 0.0735642 45.5923 
0.01 0.0857696 45.5787 
0.01 0.1 45.5602 
0.01 0.116591 45.535 
0.01 0.135936 45.5009 
0.01 0.158489 45.4545 
0.01 0.184785 45.3916 
0.01 0.215443 45.3063 
0.01 0.251189 45.1907 
0.01 0.292864 45.0344 
0.01 0.341455 44.8231 
0.01 0.398107 44.5384 
0.01 0.464159 44.1559 
0.01 0.54117 43.644 
0.01 0.630957 42.9631 
0.01 0.735642 42.0645 
0.01 0.857696 40.8914 
0.01 1 39.3831 
0.01 1.16591 37.4845 
0.01 1.35936 35.1651 
0.01 1.58489 32.451 
0.01 1.84785 29.4724 
0.01 2.15443 26.5182 
0.01 2.51189 24.076 
0.01 2.92864 22.8094 
0.01 3.41455 23.4211 
0.01 3.98107 26.3907 
0.01 4.64159 31.6903 
0.01 5.4117 38.6708 
0.01 6.30957 46.2472 
0.01 7.35642 53.2908 
0.01 8.57696 58.989 
0.01 10 63.0059 
0.01 11.6591 65.4404 
0.01 13.5936 66.6718 
0.01 15.8489 67.169 
0.01 18.4785 67.3211 
0.01 21.5443 67.3545 
0.01 25.1189 67.3596 
0.01 29.2864 67.3602 
0.01 34.1455 67.3602 
0.01 39.8107 67.3602 
0.01 46.4159 67.3602 
0.01 54.117 67.3602 
0.01 63.0957 67.3602 
0.01 73.5642 67.3602 
0.01 85.7696 67.3602 
0.01 100 67.3602 
0.0116591 0.01 45.6294 
0.0116591 0.0116591 45.6291 
0.0116591 0.0135936 45.6287 
0.0116591 0.0158489 45.6282 
0.0116591 0.0184785 45.6275 
0.0116591 0.0215443 45.6265 
0.0116591 0.0251189 45.6251 
0.0116591 0.0292864 45.6232 
0.0116591 0.0341455 45.6207 
0.0116591 0.0398107 45.6173 
0.0116591 0.0464159 45.6126 
0.0116591 0.054117 45.6063 
0.0116591 0.0630957 45.5977 
0.0116591 0.0735642 45.586 
0.0116591 0.0857696 45.5701 
0.0116591 0.1 45.5485 
0.0116591 0.116591 45.5192 
0.0116591 0.135936 45.4794 
0.0116591 0.158489 45.4254 
0.0116591 0.184785 45.3521 
0.0116591 0.215443 45.2528 
0.0116591 0.251189 45.1182 
0.0116591 0.292864 44.9363 
0.0116591 0.341455 44.6906 
0.0116591 0.398107 44.3599 
0.0116591 0.464159 43.9161 
0.0116591 0.54117 43.3234 
0.0116591 0.630957 42.537 
0.0116591 0.735642 41.5029 
0.0116591 0.857696 40.1598 
0.0116591 1 38.4455 
0.0116591 1.16591 36.3102 
0.0116591 1.35936 33.7428 
0.0116591 1.58489 30.8122 
0.0116591 1.84785 27.7269 
0.0116591 2.15443 24.8985 
0.0116591 2.51189 22.9769 
0.0116591 2.92864 22.7942 
0.0116591 3.41455 25.1579 
0.0116591 3.98107 30.5068 
0.0116591 4.64159 38.5909 
0.0116591 5.4117 48.4202 
0.0116591 6.30957 58.5803 
0.0116591 7.35642 67.7245 
0.0116591 8.57696 74.9573 
0.0116591 10 79.9735 
0.0116591 11.6591 82.9782 
0.0116591 13.5936 84.4866 
0.0116591 15.8489 85.0938 
0.0116591 18.4785 85.2798 
0.0116591 21.5443 85.321 
0.0116591 25.1189 85.3274 
0.0116591 29.2864 85.3282 
0.0116591 34.1455 85.3283 
0.0116591 39.8107 85.3283 
0.0116591 46.4159 85.3283 
0.0116591 54.117 85.3283 
0.0116591 63.0957 85.3283 
0.0116591 73.5642 85.3283 
0.0116591 85.7696 85.3283 
0.0116591 100 85.3283 
0.0135936 0.01 45.6293 
0.0135936 0.0116591 45.629 
0.0135936 0.0135936 45.6285 
0.0135936 0.0158489 45.6279 
0.0135936 0.0184785 45.627 
0.0135936 0.0215443 45.6258 
0.0135936 0.0251189 45.6242 
0.0135936 0.0292864 45.6221 
0.0135936 0.0341455 45.6191 
0.0135936 0.0398107 45.6151 
0.0135936 0.0464159 45.6097 
0.0135936 0.054117 45.6023 
0.0135936 0.0630957 45.5923 
0.0135936 0.0735642 45.5787 
0.0135936 0.0857696 45.5602 
0.0135936 0.1 45.535 
0.0135936 0.116591 45.5008 
0.0135936 0.135936 45.4545 
0.0135936 0.158489 45.3915 
0.0135936 0.184785 45.3061 
0.0135936 0.215443 45.1905 
0.0135936 0.251189 45.0339 
0.0135936 0.292864 44.8222 
0.0135936 0.341455 44.5367 
0.0135936 0.398107 44.1528 
0.0135936 0.464159 43.6384 
0.0135936 0.54117 42.9529 
0.0135936 0.630957 42.0462 
0.0135936 0.735642 40.8589 
0.0135936 0.857696 39.3264 
0.0135936 1 37.3874 
0.0135936 1.16591 35.0037 
0.0135936 1.35936 32.1945 
0.0135936 1.58489 29.091 
0.0135936 1.84785 26.0086 
0.0135936 2.15443 23.5194 
0.0135936 2.51189 22.4723 
0.0135936 2.92864 23.884 
0.0135936 3.41455 28.6373 
0.0135936 3.98107 37.0439 
0.0135936 4.64159 48.5189 
0.0135936 5.4117 61.6549 
0.0135936 6.30957 74.7057 
0.0135936 7.35642 86.1523 
0.0135936 8.57696 95.0585 
0.0135936 10 101.17 
0.0135936 11.6591 104.804 
0.0135936 13.5936 106.621 
0.0135936 15.8489 107.352 
0.0135936 18.4785 107.576 
0.0135936 21.5443 107.626 
0.0135936 25.1189 107.634 
0.0135936 29.2864 107.635 
0.0135936 34.1455 107.635 
0.0135936 39.8107 107.635 
0.0135936 46.4159 107.635 
0.0135936 54.117 107.635 
0.0135936 63.0957 107.635 
0.0135936 73.5642 107.635 
0.0135936 85.7696 107.635 
0.0135936 100 107.635 
0.0158489 0.01 45.6291 
0.0158489 0.0116591 45.6287 
0.0158489 0.0135936 45.6282 
0.0158489 0.0158489 45.6275 
0.0158489 0.0184785 45.6265 
0.0158489 0.0215443 45.6251 
0.0158489 0.0251189 45.6232 
0.0158489 0.0292864 45.6207 
0.0158489 0.0341455 45.6173 
0.0158489 0.0398107 45.6126 
0.0158489 0.0464159 45.6063 
0.0158489 0.054117 45.5977 
0.0158489 0.0630957 45.586 
0.0158489 0.0735642 45.5701 
0.0158489 0.0857696 45.5485 
0.0158489 0.1 45.5192 
0.0158489 0.116591 45.4794 
0.0158489 0.135936 45.4254 
0.0158489 0.158489 45.352 
0.0158489 0.184785 45.2526 
0.0158489 0.215443 45.1179 
0.0158489 0.251189 44.9357 
0.0158489 0.292864 44.6896 
0.0158489 0.341455 44.3579 
0.0158489 0.398107 43.9125 
0.0158489 0.464159 43.3169 
0.0158489 0.54117 42.5253 
0.0158489 0.630957 41.4819 
0.0158489 0.735642 40.1227 
0.0158489 0.857696 38.3811 
0.0158489 1 36.2012 
0.0158489 1.16591 33.5649 
0.0158489 1.35936 30.5372 
0.0158489 1.58489 27.3367 
0.0158489 1.84785 24.4229 
0.0158489 2.15443 22.5715 
0.0158489 2.51189 22.8657 
0.0158489 2.92864 26.5045 
0.0158489 3.41455 34.3761 
0.0158489 3.98107 46.5293 
0.0158489 4.64159 61.9069 
0.0158489 5.4117 78.6373 
0.0158489 6.30957 94.7064 
0.0158489 7.35642 108.518 
0.0158489 8.57696 119.151 
0.0158489 10 126.41 
0.0158489 11.6591 130.716 
0.0158489 13.5936 132.867 
0.0158489 15.8489 133.733 
0.0158489 18.4785 134 
0.0158489 21.5443 134.06 
0.0158489 25.1189 134.069 
0.0158489 29.2864 134.07 
0.0158489 34.1455 134.071 
0.0158489 39.8107 134.071 
0.0158489 46.4159 134.071 
0.0158489 54.117 134.071 
0.0158489 63.0957 134.071 
0.0158489 73.5642 134.071 
0.0158489 85.7696 134.071 
0.0158489 100 134.071 
0.0184785 0.01 45.629 
0.0184785 0.0116591 45.6285 
0.0184785 0.0135936 45.6279 
0.0184785 0.0158489 45.627 
0.0184785 0.0184785 45.6258 
0.0184785 0.0215443 45.6242 
0.0184785 0.0251189 45.6221 
0.0184785 0.0292864 45.6191 
0.0184785 0.0341455 45.6151 
0.0184785 0.0398107 45.6097 
0.0184785 0.0464159 45.6023 
0.0184785 0.054117 45.5923 
0.0184785 0.0630957 45.5787 
0.0184785 0.0735642 45.5601 
0.0184785 0.0857696 45.535 
0.0184785 0.1 45.5008 
0.0184785 0.116591 45.4544 
0.0184785 0.135936 45.3914 
0.0184785 0.158489 45.306 
0.0184785 0.184785 45.1902 
0.0184785 0.215443 45.0335 
0.0184785 0.251189 44.8215 
0.0184785 0.292864 44.5355 
0.0184785 0.341455 44.1505 
0.0184785 0.398107 43.6342 
0.0184785 0.464159 42.9454 
0.0184785 0.54117 42.0326 
0.0184785 0.630957 40.8348 
0.0184785 0.735642 39.2841 
0.0184785 0.857696 37.3147 
0.0184785 1 34.8825 
0.0184785 1.16591 32.0011 
0.0184785 1.35936 28.8026 
0.0184785 1.58489 25.626 
0.0184785 1.84785 23.1195 
0.0184785 2.15443 22.3098 
0.0184785 2.51189 24.5387 
0.0184785 2.92864 31.149 
0.0184785 3.41455 42.9011 
0.0184785 3.98107 59.3862 
0.0184785 4.64159 78.9404 
0.0184785 5.4117 99.2663 
0.0184785 6.30957 118.239 
0.0184785 7.35642 134.318 
0.0184785 8.57696 146.637 
0.0184785 10 155.045 
0.0184785 11.6591 160.042 
0.0184785 13.5936 162.544 
0.0184785 15.8489 163.554 
0.0184785 18.4785 163.866 
0.0184785 21.5443 163.937 
0.0184785 25.1189 163.949 
0.0184785 29.2864 163.951 
0.0184785 34.1455 163.951 
0.0184785 39.8107 163.951 
0.0184785 46.4159 163.951 
0.0184785 54.117 163.951 
0.0184785 63.0957 163.951 
0.0184785 73.5642 163.951 
0.0184785 85.7696 163.951 
0.0184785 100 163.951 
0.0215443 0.01 45.6287 
0.0215443 0.0116591 45.6282 
0.0215443 0.0135936 45.6275 
0.0215443 0.0158489 45.6265 
0.0215443 0.0184785 45.6251 
0.0215443 0.0215443 45.6232 
0.0215443 0.0251189 45.6207 
0.0215443 0.0292864 45.6173 
0.0215443 0.0341455 45.6126 
0.0215443 0.0398107 45.6063 
0.0215443 0.0464159 45.5977 
0.0215443 0.054117 45.586 
0.0215443 0.0630957 45.5701 
0.0215443 0.0735642 45.5485 
0.0215443 0.0857696 45.5192 
0.0215443 0.1 45.4794 
0.0215443 0.116591 45.4253 
0.0215443 0.135936 45.352 
0.0215443 0.158489 45.2525 
0.0215443 0.184785 45.1177 
0.0215443 0.215443 44.9353 
0.0215443 0.251189 44.6888 
0.0215443 0.292864 44.3565 
0.0215443 0.341455 43.9099 
0.0215443 0.398107 43.3121 
0.0215443 0.464159 42.5166 
0.0215443 0.54117 41.4663 
0.0215443 0.630957 40.0951 
0.0215443 0.735642 38.3331 
0.0215443 0.857696 36.1198 
0.0215443 1 33.4314 
0.0215443 1.16591 30.3303 
0.0215443 1.35936 27.0433 
0.0215443 1.58489 24.0716 
0.0215443 1.84785 22.3042 
0.0215443 2.15443 23.0634 
0.0215443 2.51189 27.9478 
0.0215443 2.92864 38.3421 
0.0215443 3.41455 54.659 
0.0215443 3.98107 75.7928 
0.0215443 4.64159 99.4193 
0.0215443 5.4117 123.011 
0.0215443 6.30957 144.572 
0.0215443 7.35642 162.713 
0.0215443 8.57696 176.616 
0.0215443 10 186.136 
0.0215443 11.6591 191.816 
0.0215443 13.5936 194.672 
0.0215443 15.8489 195.83 
0.0215443 18.4785 196.191 
0.0215443 21.5443 196.274 
0.0215443 25.1189 196.288 
0.0215443 29.2864 196.29 
0.0215443 34.1455 196.29 
0.0215443 39.8107 196.29 
0.0215443 46.4159 196.29 
0.0215443 54.117 196.29 
0.0215443 63.0957 196.29 
0.0215443 73.5642 196.29 
0.0215443 85.7696 196.29 
0.0215443 100 196.29 
0.0251189 0.01 45.6285 
0.0251189 0.0116591 45.6279 
0.0251189 0.0135936 45.627 
0.0251189 0.0158489 45.6258 
0.0251189 0.0184785 45.6242 
0.0251189 0.0215443 45.6221 
0.0251189 0.0251189 45.6191 
0.0251189 0.0292864 45.6151 
0.0251189 0.0341455 45.6097 
0.0251189 0.0398107 45.6023 
0.0251189 0.0464159 45.5923 
0.0251189 0.054117 45.5787 
0.0251189 0.0630957 45.5601 
0.0251189 0.0735642 45.535 
0.0251189 0.0857696 45.5008 
0.0251189 0.1 45.4544 
0.0251189 0.116591 45.3914 
0.0251189 0.135936 45.3059 
0.0251189 0.158489 45.1901 
0.0251189 0.184785 45.0332 
0.0251189 0.215443 44.821 
0.0251189 0.251189 44.5345 
0.0251189 0.292864 44.1488 
0.0251189 0.341455 43.6311 
0.0251189 0.398107 42.9398 
0.0251189 0.464159 42.0226 
0.0251189 0.54117 40.817 
0.0251189 0.630957 39.2527 
0.0251189 0.735642 37.2606 
0.0251189 0.857696 34.7919 
0.0251189 1 31.8561 
0.0251189 1.16591 28.5862 
0.0251189 1.35936 25.3406 
0.0251189 1.58489 22.8333 
0.0251189 1.84785 22.2501 
0.0251189 2.15443 25.2395 
0.0251189 2.51189 33.6031 
0.0251189 2.92864 48.5678 
0.0251189 3.41455 69.8829 
0.0251189 3.98107 95.5439 
0.0251189 4.64159 122.731 
0.0251189 5.4117 149.059 
0.0251189 6.30957 172.855 
0.0251189 7.35642 192.861 
0.0251189 8.57696 208.236 
0.0251189 10 218.806 
0.0251189 11.6591 225.139 
0.0251189 13.5936 228.336 
0.0251189 15.8489 229.639 
0.0251189 18.4785 230.049 
0.0251189 21.5443 230.144 
0.0251189 25.1189 230.161 
0.0251189 29.2864 230.164 
0.0251189 34.1455 230.164 
0.0251189 39.8107 230.164 
0.0251189 46.4159 230.164 
0.0251189 54.117 230.164 
0.0251189 63.0957 230.164 
0.0251189 73.5642 230.164 
0.0251189 85.7696 230.164 
0.0251189 100 230.164 
0.0292864 0.01 45.6282 
0.0292864 0.0116591 45.6275 
0.0292864 0.0135936 45.6265 
0.0292864 0.0158489 45.6251 
0.0292864 0.0184785 45.6232 
0.0292864 0.0215443 45.6207 
0.0292864 0.0251189 45.6173 
0.0292864 0.0292864 45.6126 
0.0292864 0.0341455 45.6063 
0.0292864 0.0398107 45.5977 
0.0292864 0.0464159 45.586 
0.0292864 0.054117 45.5701 
0.0292864 0.0630957 45.5485 
0.0292864 0.0735642 45.5192 
0.0292864 0.0857696 45.4794 
0.0292864 0.1 45.4253 
0.0292864 0.116591 45.3519 
0.0292864 0.135936 45.2524 
0.0292864 0.158489 45.1175 
0.0292864 0.184785 44.9349 
0.0292864 0.215443 44.6882 
0.0292864 0.251189 44.3554 
0.0292864 0.292864 43.9079 
0.0292864 0.341455 43.3086 
0.0292864 0.398107 42.5102 
0.0292864 0.464159 41.4548 
0.0292864 0.54117 40.0747 
0.0292864 0.630957 38.2975 
0.0292864 0.735642 36.0591 
0.0292864 0.857696 33.3318 
0.0292864 1 30.1754 
0.0292864 1.16591 26.8241 
0.0292864 1.35936 23.8133 
0.0292864 1.58489 22.1288 
0.0292864 1.84785 23.306 
0.0292864 2.15443 29.3147 
0.0292864 2.51189 42.0166 
0.0292864 2.92864 62.1511 
0.0292864 3.41455 88.4477 
0.0292864 3.98107 118.026 
0.0292864 4.64159 148.056 
0.0292864 5.4117 176.669 
0.0292864 6.30957 202.487 
0.0292864 7.35642 224.23 
0.0292864 8.57696 240.972 
0.0292864 10 252.509 
0.0292864 11.6591 259.441 
0.0292864 13.5936 262.953 
0.0292864 15.8489 264.392 
0.0292864 18.4785 264.847 
0.0292864 21.5443 264.955 
0.0292864 25.1189 264.975 
0.0292864 29.2864 264.978 
0.0292864 34.1455 264.978 
0.0292864 39.8107 264.978 
0.0292864 46.4159 264.978 
0.0292864 54.117 264.978 
0.0292864 63.0957 264.978 
0.0292864 73.5642 264.978 
0.0292864 85.7696 264.978 
0.0292864 100 264.978 
0.0341455 0.01 45.6279 
0.0341455 0.0116591 45.627 
0.0341455 0.0135936 45.6258 
0.0341455 0.0158489 45.6242 
0.0341455 0.0184785 45.6221 
0.0341455 0.0215443 45.6191 
0.0341455 0.0251189 45.6151 
0.0341455 0.0292864 45.6097 
0.0341455 0.0341455 45.6023 
0.0341455 0.0398107 45.5923 
0.0341455 0.0464159 45.5787 
0.0341455 0.054117 45.5601 
0.0341455 0.0630957 45.535 
0.0341455 0.0735642 45.5008 
0.0341455 0.0857696 45.4544 
0.0341455 0.1 45.3914 
0.0341455 0.116591 45.3059 
0.0341455 0.135936 45.19 
0.0341455 0.158489 45.033 
0.0341455 0.184785 44.8206 
0.0341455 0.215443 44.5339 
0.0341455 0.251189 44.1476 
0.0341455 0.292864 43.6289 
0.0341455 0.341455 42.9357 
0.0341455 0.398107 42.0152 
0.0341455 0.464159 40.8037 
0.0341455 0.54117 39.2294 
0.0341455 0.630957 37.2204 
0.0341455 0.735642 34.7245 
0.0341455 0.857696 31.7479 
0.0341455 1 28.4247 
0.0341455 1.16591 25.1288 
0.0341455 1.35936 22.6285 
0.0341455 1.58489 22.2452 
0.0341455 1.84785 25.8974 
0.0341455 2.15443 35.8041 
0.0341455 2.51189 53.6082 
0.0341455 2.92864 79.1112 
0.0341455 3.41455 109.812 
0.0341455 3.98107 142.425 
0.0341455 4.64159 174.745 
0.0341455 5.4117 205.47 
0.0341455 6.30957 233.241 
0.0341455 7.35642 256.62 
0.0341455 8.57696 274.605 
0.0341455 10 286.999 
0.0341455 11.6591 294.457 
0.0341455 13.5936 298.245 
0.0341455 15.8489 299.803 
0.0341455 18.4785 300.301 
0.0341455 21.5443 300.42 
0.0341455 25.1189 300.442 
0.0341455 29.2864 300.446 
0.0341455 34.1455 300.446 
0.0341455 39.8107 300.446 
0.0341455 46.4159 300.446 
0.0341455 54.117 300.446 
0.0341455 63.0957 300.446 
0.0341455 73.5642 300.446 
0.0341455 85.7696 300.446 
0.0341455 100 300.446 
0.0398107 0.01 45.6275 
0.0398107 0.0116591 45.6265 
0.0398107 0.0135936 45.6251 
0.0398107 0.0158489 45.6232 
0.0398107 0.0184785 45.6207 
0.0398107 0.0215443 45.6173 
0.0398107 0.0251189 45.6126 
0.0398107 0.0292864 45.6063 
0.0398107 0.0341455 45.5977 
0.0398107 0.0398107 45.586 
0.0398107 0.0464159 45.5701 
0.0398107 0.054117 45.5485 
0.0398107 0.0630957 45.5192 
0.0398107 0.0735642 45.4794 
0.0398107 0.0857696 45.4253 
0.0398107 0.1 45.3519 
0.0398107 0.116591 45.2523 
0.0398107 0.135936 45.1174 
0.0398107 0.158489 44.9347 
0.0398107 0.184785 44.6878 
0.0398107 0.215443 44.3546 
0.0398107 0.251189 43.9065 
0.0398107 0.292864 43.3059 
0.0398107 0.341455 42.5054 
0.0398107 0.398107 41.4463 
0.0398107 0.464159 40.0596 
0.0398107 0.54117 38.2711 
0.0398107 0.630957 36.0141 
0.0398107 0.735642 33.2577 
0.0398107 0.857696 30.0601 
0.0398107 1 26.661 
0.0398107 1.16591 23.6236 
0.0398107 1.35936 22.0135 
0.0398107 1.58489 23.5457 
0.0398107 1.84785 30.5135 
0.0398107 2.15443 45.1957 
0.0398107 2.51189 68.5698 
0.0398107 2.92864 99.0555 
0.0398107 3.41455 133.173 
0.0398107 3.98107 168.105 
0.0398107 4.64159 202.567 
0.0398107 5.4117 235.433 
0.0398107 6.30957 265.092 
0.0398107 7.35642 289.953 
0.0398107 8.57696 309.015 
0.0398107 10 322.134 
0.0398107 11.6591 330.034 
0.0398107 13.5936 334.054 
0.0398107 15.8489 335.714 
0.0398107 18.4785 336.247 
0.0398107 21.5443 336.377 
0.0398107 25.1189 336.402 
0.0398107 29.2864 336.406 
0.0398107 34.1455 336.406 
0.0398107 39.8107 336.406 
0.0398107 46.4159 336.406 
0.0398107 54.117 336.406 
0.0398107 63.0957 336.406 
0.0398107 73.5642 336.406 
0.0398107 85.7696 336.406 
0.0398107 100 336.406 
0.0464159 0.01 45.627 
0.0464159 0.0116591 45.6258 
0.0464159 0.0135936 45.6242 
0.0464159 0.0158489 45.6221 
0.0464159 0.0184785 45.6191 
0.0464159 0.0215443 45.6151 
0.0464159 0.0251189 45.6097 
0.0464159 0.0292864 45.6023 
0.0464159 0.0341455 45.5923 
0.0464159 0.0398107 45.5787 
0.0464159 0.0464159 45.5601 
0.0464159 0.054117 45.535 
0.0464159 0.0630957 45.5008 
0.0464159 0.0735642 45.4544 
0.0464159 0.0857696 45.3913 
0.0464159 0.1 45.3058 
0.0464159 0.116591 45.1899 
0.0464159 0.135936 45.0329 
0.0464159 0.158489 44.8204 
0.0464159 0.184785 44.5334 
0.0464159 0.215443 44.1466 
0.0464159 0.251189 43.6272 
0.0464159 0.292864 42.9327 
0.0464159 0.341455 42.0097 
0.0464159 0.398107 40.794 
0.0464159 0.464159 39.2122 
0.0464159 0.54117 37.1907 
0.0464159 0.630957 34.6745 
0.0464159 0.735642 31.6675 
0.0464159 0.857696 28.3045 
0.0464159 1 24.972 
0.0464159 1.16591 22.4816 
0.0464159 1.35936 22.2656 
0.0464159 1.58489 26.4694 
0.0464159 1.84785 37.6674 
0.0464159 2.15443 57.8394 
0.0464159 2.51189 86.7252 
0.0464159 2.92864 121.243 
0.0464159 3.41455 157.833 
0.0464159 3.98107 194.87 
0.0464159 4.64159 231.605 
0.0464159 5.4117 266.607 
0.0464159 6.30957 297.978 
0.0464159 7.35642 324.097 
0.0464159 8.57696 344.043 
0.0464159 10 357.754 
0.0464159 11.6591 366.014 
0.0464159 13.5936 370.225 
0.0464159 15.8489 371.968 
0.0464159 18.4785 372.531 
0.0464159 21.5443 372.67 
0.0464159 25.1189 372.696 
0.0464159 29.2864 372.701 
0.0464159 34.1455 372.701 
0.0464159 39.8107 372.702 
0.0464159 46.4159 372.702 
0.0464159 54.117 372.702 
0.0464159 63.0957 372.702 
0.0464159 73.5642 372.702 
0.0464159 85.7696 372.702 
0.0464159 100 372.702 
0.054117 0.01 45.6265 
0.054117 0.0116591 45.6251 
0.054117 0.0135936 45.6232 
0.054117 0.0158489 45.6207 
0.054117 0.0184785 45.6173 
0.054117 0.0215443 45.6126 
0.054117 0.0251189 45.6063 
0.054117 0.0292864 45.5977 
0.054117 0.0341455 45.586 
0.054117 0.0398107 45.5701 
0.054117 0.0464159 45.5485 
0.054117 0.054117 45.5192 
0.054117 0.0630957 45.4793 
0.054117 0.0735642 45.4253 
0.054117 0.0857696 45.3518 
0.054117 0.1 45.2523 
0.054117 0.116591 45.1173 
0.054117 0.135936 44.9345 
0.054117 0.158489 44.6874 
0.054117 0.184785 44.3541 
0.054117 0.215443 43.9054 
0.054117 0.251189 43.304 
0.054117 0.292864 42.5019 
0.054117 0.341455 41.44 
0.054117 0.398107 40.0484 
0.054117 0.464159 38.2516 
0.054117 0.54117 35.9808 
0.054117 0.630957 33.2028 
0.054117 0.735642 29.9745 
0.054117 0.857696 26.5401 
0.054117 1 23.4844 
0.054117 1.16591 21.9369 
0.054117 1.35936 23.7592 
0.054117 1.58489 31.5125 
0.054117 1.84785 47.819 
0.054117 2.15443 73.8029 
0.054117 2.51189 107.489 
0.054117 2.92864 144.886 
0.054117 3.41455 183.521 
0.054117 3.98107 222.859 
0.054117 4.64159 261.96 
0.054117 5.4117 298.918 
0.054117 6.30957 331.717 
0.054117 7.35642 358.84 
0.054117 8.57696 379.488 
0.054117 10 393.674 
0.054117 11.6591 402.227 
0.054117 13.5936 406.594 
0.054117 15.8489 408.407 
0.054117 18.4785 408.994 
0.054117 21.5443 409.14 
0.054117 25.1189 409.168 
0.054117 29.2864 409.173 
0.054117 34.1455 409.174 
0.054117 39.8107 409.174 
0.054117 46.4159 409.174 
0.054117 54.117 409.174 
0.054117 63.0957 409.174 
0.054117 73.5642 409.174 
0.054117 85.7696 409.174 
0.054117 100 409.174 
0.0630957 0.01 45.6258 
0.0630957 0.0116591 45.6242 
0.0630957 0.0135936 45.6221 
0.0630957 0.0158489 45.6191 
0.0630957 0.0184785 45.6151 
0.0630957 0.0215443 45.6097 
0.0630957 0.0251189 45.6023 
0.0630957 0.0292864 45.5923 
0.0630957 0.0341455 45.5787 
0.0630957 0.0398107 45.5601 
0.0630957 0.0464159 45.535 
0.0630957 0.054117 45.5008 
0.0630957 0.0630957 45.4544 
0.0630957 0.0735642 45.3913 
0.0630957 0.0857696 45.3058 
0.0630957 0.1 45.1899 
0.0630957 0.116591 45.0327 
0.0630957 0.135936 44.8202 
0.0630957 0.158489 44.533 
0.0630957 0.184785 44.146 
0.0630957 0.215443 43.626 
0.0630957 0.251189 42.9304 
0.0630957 0.292864 42.0057 
0.0630957 0.341455 40.7868 
0.0630957 0.398107 39.1995 
0.0630957 0.464159 37.1687 
0.0630957 0.54117 34.6375 
0.0630957 0.630957 31.608 
0.0630957 0.735642 28.2155 
0.0630957 0.857696 24.8562 
0.0630957 1 22.3758 
0.0630957 1.16591 22.2949 
0.0630957 1.35936 26.9425 
0.0630957 1.58489 39.1829 
0.0630957 1.84785 61.2523 
0.0630957 2.15443 92.7539 
0.0630957 2.51189 130.047 
0.0630957 2.92864 169.539 
0.0630957 3.41455 210.369 
0.0630957 3.98107 252.235 
0.0630957 4.64159 293.56 
0.0630957 5.4117 332.141 
0.0630957 6.30957 366.052 
0.0630957 7.35642 393.955 
0.0630957 8.57696 415.165 
0.0630957 10 429.742 
0.0630957 11.6591 438.539 
0.0630957 13.5936 443.037 
0.0630957 15.8489 444.908 
0.0630957 18.4785 445.516 
0.0630957 21.5443 445.667 
0.0630957 25.1189 445.696 
0.0630957 29.2864 445.702 
0.0630957 34.1455 445.702 
0.0630957 39.8107 445.702 
0.0630957 46.4159 445.702 
0.0630957 54.117 445.702 
0.0630957 63.0957 445.702 
0.0630957 73.5642 445.702 
0.0630957 85.7696 445.702 
0.0630957 100 445.702 
0.0735642 0.01 45.6251 
0.0735642 0.0116591 45.6232 
0.0735642 0.0135936 45.6207 
0.0735642 0.0158489 45.6173 
0.0735642 0.0184785 45.6126 
0.0735642 0.0215443 45.6063 
0.0735642 0.0251189 45.5977 
0.0735642 0.0292864 45.586 
0.0735642 0.0341455 45.5701 
0.0735642 0.0398107 45.5485 
0.0735642 0.0464159 45.5192 
0.0735642 0.054117 45.4793 
0.0735642 0.0630957 45.4252 
0.0735642 0.0735642 45.3518 
0.0735642 0.0857696 45.2522 
0.0735642 0.1 45.1172 
0.0735642 0.116591 44.9344 
0.0735642 0.135936 44.6872 
0.0735642 0.158489 44.3536 
0.0735642 0.184785 43.9047 
0.0735642 0.215443 43.3026 
0.0735642 0.251189 42.4993 
0.0735642 0.292864 41.4354 
0.0735642 0.341455 40.0402 
0.0735642 0.398107 38.2372 
0.0735642 0.464159 35.9562 
0.0735642 0.54117 33.1621 
0.0735642 0.630957 29.9111 
0.0735642 0.735642 26.4506 
0.0735642 0.857696 23.3823 
0.0735642 1 21.8855 
0.0735642 1.16591 23.938 
0.0735642 1.35936 32.3161 
0.0735642 1.58489 49.9133 
0.0735642 1.84785 77.9307 
0.0735642 2.15443 113.987 
0.0735642 2.51189 153.732 
0.0735642 2.92864 195.229 
0.0735642 3.41455 238.613 
0.0735642 3.98107 282.974 
0.0735642 4.64159 326.167 
0.0735642 5.4117 365.989 
0.0735642 6.30957 400.744 
0.0735642 7.35642 429.271 
0.0735642 8.57696 450.955 
0.0735642 10 465.872 
0.0735642 11.6591 474.883 
0.0735642 13.5936 479.495 
0.0735642 15.8489 481.414 
0.0735642 18.4785 482.04 
0.0735642 21.5443 482.195 
0.0735642 25.1189 482.226 
0.0735642 29.2864 482.231 
0.0735642 34.1455 482.232 
0.0735642 39.8107 482.232 
0.0735642 46.4159 482.232 
0.0735642 54.117 482.232 
0.0735642 63.0957 482.232 
0.0735642 73.5642 482.232 
0.0735642 85.7696 482.232 
0.0735642 100 482.232 
0.0857696 0.01 45.6242 
0.0857696 0.0116591 45.6221 
0.0857696 0.0135936 45.6191 
0.0857696 0.0158489 45.6151 
0.0857696 0.0184785 45.6097 
0.0857696 0.0215443 45.6023 
0.0857696 0.0251189 45.5923 
0.0857696 0.0292864 45.5787 
0.0857696 0.0341455 45.5601 
0.0857696 0.0398107 45.535 
0.0857696 0.0464159 45.5008 
0.0857696 0.054117 45.4544 
0.0857696 0.0630957 45.3913 
0.0857696 0.0735642 45.3058 
0.0857696 0.0857696 45.1898 
0.0857696 0.1 45.0327 
0.0857696 0.116591 44.82 
0.0857696 0.135936 44.5327 
0.0857696 0.158489 44.1455 
0.0857696 0.184785 43.6251 
0.0857696 0.215443 42.9288 
0.0857696 0.251189 42.0028 
0.0857696 0.292864 40.7815 
0.0857696 0.341455 39.1901 
0.0857696 0.398107 37.1524 
0.0857696 0.464159 34.6102 
0.0857696 0.54117 31.5639 
0.0857696 0.630957 28.1496 
0.0857696 0.735642 24.7707 
0.0857696 0.857696 22.2993 
0.0857696 1 22.3248 
0.0857696 1.16591 27.321 
0.0857696 1.35936 40.3814 
0.0857696 1.58489 63.9309 
0.0857696 1.84785 97.4049 
0.0857696 2.15443 136.69 
0.0857696 2.51189 178.339 
0.0857696 2.92864 222.228 
0.0857696 3.41455 268.32 
0.0857696 3.98107 314.853 
0.0857696 4.64159 359.472 
0.0857696 5.4117 400.211 
0.0857696 6.30957 435.631 
0.0857696 7.35642 464.699 
0.0857696 8.57696 486.818 
0.0857696 10 502.049 
0.0857696 11.6591 511.256 
0.0857696 13.5936 515.97 
0.0857696 15.8489 517.933 
0.0857696 18.4785 518.572 
0.0857696 21.5443 518.732 
0.0857696 25.1189 518.763 
0.0857696 29.2864 518.768 
0.0857696 34.1455 518.769 
0.0857696 39.8107 518.769 
0.0857696 46.4159 518.769 
0.0857696 54.117 518.769 
0.0857696 63.0957 518.769 
0.0857696 73.5642 518.769 
0.0857696 85.7696 518.769 
0.0857696 100 518.769 
0.1 0.01 45.6232 
0.1 0.0116591 45.6207 
0.1 0.0135936 45.6173 
0.1 0.0158489 45.6126 
0.1 0.0184785 45.6063 
0.1 0.0215443 45.5977 
0.1 0.0251189 45.586 
0.1 0.0292864 45.5701 
0.1 0.0341455 45.5485 
0.1 0.0398107 45.5192 
0.1 0.0464159 45.4793 
0.1 0.054117 45.4252 
0.1 0.0630957 45.3518 
0.1 0.0735642 45.2522 
0.1 0.0857696 45.1172 
0.1 0.1 44.9343 
0.1 0.116591 44.687 
0.1 0.135936 44.3533 
0.1 0.158489 43.9041 
0.1 0.184785 43.3015 
0.1 0.215443 42.4974 
0.1 0.251189 41.432 
0.1 0.292864 40.0341 
0.1 0.341455 38.2266 
0.1 0.398107 35.938 
0.1 0.464159 33.1321 
0.1 0.54117 29.8642 
0.1 0.630957 26.3845 
0.1 0.735642 23.3074 
0.1 0.857696 21.8505 
0.1 1 24.082 
0.1 1.16591 32.9467 
0.1 1.35936 51.547 
0.1 1.58489 81.1155 
0.1 1.84785 118.902 
0.1 2.15443 160.343 
0.1 2.51189 204.075 
0.1 2.92864 250.731 
0.1 3.41455 299.329 
0.1 3.98107 347.555 
0.1 4.64159 393.201 
0.1 5.4117 434.641 
0.1 6.30957 470.647 
0.1 7.35642 500.233 
0.1 8.57696 522.777 
0.1 10 538.309 
0.1 11.6591 547.697 
0.1 13.5936 552.501 
0.1 15.8489 554.501 
0.1 18.4785 555.153 
0.1 21.5443 555.315 
0.1 25.1189 555.347 
0.1 29.2864 555.352 
0.1 34.1455 555.353 
0.1 39.8107 555.353 
0.1 46.4159 555.353 
0.1 54.117 555.353 
0.1 63.0957 555.353 
0.1 73.5642 555.353 
0.1 85.7696 555.353 
0.1 100 555.353 
0.116591 0.01 45.6221 
0.116591 0.0116591 45.6191 
0.116591 0.0135936 45.6151 
0.116591 0.0158489 45.6097 
0.116591 0.0184785 45.6023 
0.116591 0.0215443 45.5923 
0.116591 0.0251189 45.5787 
0.116591 0.0292864 45.5601 
0.116591 0.0341455 45.535 
0.116591 0.0398107 45.5008 
0.116591 0.0464159 45.4543 
0.116591 0.054117 45.3913 
0.116591 0.0630957 45.3058 
0.116591 0.0735642 45.1898 
0.116591 0.0857696 45.0326 
0.116591 0.1 44.8199 
0.116591 0.116591 44.5325 
0.116591 0.135936 44.1451 
0.116591 0.158489 43.6244 
0.116591 0.184785 42.9276 
0.116591 0.215443 42.0006 
0.116591 0.251189 40.7776 
0.116591 0.292864 39.1832 
0.116591 0.341455 37.1404 
0.116591 0.398107 34.59 
0.116591 0.464159 31.5314 
0.116591 0.54117 28.101 
0.116591 0.630957 24.7077 
0.116591 0.735642 22.2439 
0.116591 0.857696 22.3515 
0.116591 1 27.6167 
0.116591 1.16591 41.3104 
0.116591 1.35936 65.9937 
0.116591 1.58489 100.935 
0.116591 1.84785 141.65 
0.116591 2.15443 184.923 
0.116591 2.51189 231.244 
0.116591 2.92864 280.692 
0.116591 3.41455 331.335 
0.116591 3.98107 380.774 
0.116591 4.64159 427.171 
0.116591 5.4117 469.218 
0.116591 6.30957 505.804 
0.116591 7.35642 535.917 
0.116591 8.57696 558.878 
0.116591 10 574.691 
0.116591 11.6591 584.24 
0.116591 13.5936 589.122 
0.116591 15.8489 591.152 
0.116591 18.4785 591.813 
0.116591 21.5443 591.978 
0.116591 25.1189 592.01 
0.116591 29.2864 592.016 
0.116591 34.1455 592.016 
0.116591 39.8107 592.017 
0.116591 46.4159 592.017 
0.116591 54.117 592.017 
0.116591 63.0957 592.017 
0.116591 73.5642 592.017 
0.116591 85.7696 592.017 
0.116591 100 592.017 
0.135936 0.01 45.6207 
0.135936 0.0116591 45.6173 
0.135936 0.0135936 45.6126 
0.135936 0.0158489 45.6063 
0.135936 0.0184785 45.5977 
0.135936 0.0215443 45.586 
0.135936 0.0251189 45.5701 
0.135936 0.0292864 45.5485 
0.135936 0.0341455 45.5192 
0.135936 0.0398107 45.4793 
0.135936 0.0464159 45.4252 
0.135936 0.054117 45.3518 
0.135936 0.0630957 45.2522 
0.135936 0.0735642 45.1171 
0.135936 0.0857696 44.9342 
0.135936 0.1 44.6869 
0.135936 0.116591 44.3531 
0.135936 0.135936 43.9037 
0.135936 0.158489 43.3008 
0.135936 0.184785 42.4961 
0.135936 0.215443 41.4294 
0.135936 0.251189 40.0297 
0.135936 0.292864 38.2187 
0.135936 0.341455 35.9246 
0.135936 0.398107 33.1099 
0.135936 0.464159 29.8296 
0.135936 0.54117 26.3357 
0.135936 0.630957 23.2524 
0.135936 0.735642 21.8264 
0.135936 0.857696 24.1951 
0.135936 1 33.4328 
0.135936 1.16591 52.8006 
0.135936 1.35936 83.537 
0.135936 1.58489 122.581 
0.135936 1.84785 165.26 
0.135936 2.15443 210.731 
0.135936 2.51189 259.962 
0.135936 2.92864 311.859 
0.135936 3.41455 364.005 
0.135936 3.98107 414.291 
0.135936 4.64159 461.306 
0.135936 5.4117 503.961 
0.135936 6.30957 541.157 
0.135936 7.35642 571.801 
0.135936 8.57696 595.149 
0.135936 10 611.202 
0.135936 11.6591 620.878 
0.135936 13.5936 625.817 
0.135936 15.8489 627.869 
0.135936 18.4785 628.537 
0.135936 21.5443 628.703 
0.135936 25.1189 628.735 
0.135936 29.2864 628.74 
0.135936 34.1455 628.741 
0.135936 39.8107 628.741 
0.135936 46.4159 628.741 
0.135936 54.117 628.741 
0.135936 63.0957 628.741 
0.135936 73.5642 628.741 
0.135936 85.7696 628.741 
0.135936 100 628.741 
0.158489 0.01 45.6191 
0.158489 0.0116591 45.6151 
0.158489 0.0135936 45.6097 
0.158489 0.0158489 45.6023 
0.158489 0.0184785 45.5923 
0.158489 0.0215443 45.5787 
0.158489 0.0251189 45.5601 
0.158489 0.0292864 45.535 
0.158489 0.0341455 45.5008 
0.158489 0.0398107 45.4543 
0.158489 0.0464159 45.3913 
0.158489 0.054117 45.3058 
0.158489 0.0630957 45.1898 
0.158489 0.0735642 45.0326 
0.158489 0.0857696 44.8198 
0.158489 0.1 44.5324 
0.158489 0.116591 44.1448 
0.158489 0.135936 43.6239 
0.158489 0.158489 42.9267 
0.158489 0.184785 41.999 
0.158489 0.215443 40.7747 
0.158489 0.251189 39.1781 
0.158489 0.292864 37.1316 
0.158489 0.341455 34.5751 
0.158489 0.398107 31.5074 
0.158489 0.464159 28.0651 
0.158489 0.54117 24.6613 
0.158489 0.630957 22.2035 
0.158489 0.735642 22.3738 
0.158489 0.857696 27.8439 
0.158489 1 42.0202 
0.158489 1.16591 67.5615 
0.158489 1.35936 103.586 
0.158489 1.58489 145.334 
0.158489 1.84785 189.834 
0.158489 2.15443 238.051 
0.158489 2.51189 290.096 
0.158489 2.92864 343.894 
0.158489 3.41455 397.071 
0.158489 3.98107 447.998 
0.158489 4.64159 495.617 
0.158489 5.4117 538.933 
0.158489 6.30957 576.758 
0.158489 7.35642 607.894 
0.158489 8.57696 631.554 
0.158489 10 647.772 
0.158489 11.6591 657.52 
0.158489 13.5936 662.485 
0.158489 15.8489 664.546 
0.158489 18.4785 665.217 
0.158489 21.5443 665.384 
0.158489 25.1189 665.417 
0.158489 29.2864 665.422 
0.158489 34.1455 665.423 
0.158489 39.8107 665.423 
0.158489 46.4159 665.423 
0.158489 54.117 665.423 
0.158489 63.0957 665.423 
0.158489 73.5642 665.423 
0.158489 85.7696 665.423 
0.158489 100 665.423 
0.184785 0.01 45.6173 
0.184785 0.0116591 45.6126 
0.184785 0.0135936 45.6063 
0.184785 0.0158489 45.5977 
0.184785 0.0184785 45.586 
0.184785 0.0215443 45.5701 
0.184785 0.0251189 45.5485 
0.184785 0.0292864 45.5192 
0.184785 0.0341455 45.4793 
0.184785 0.0398107 45.4252 
0.184785 0.0464159 45.3518 
0.184785 0.054117 45.2522 
0.184785 0.0630957 45.1171 
0.184785 0.0735642 44.9342 
0.184785 0.0857696 44.6868 
0.184785 0.1 44.3529 
0.184785 0.116591 43.9033 
0.184785 0.135936 43.3002 
0.184785 0.158489 42.495 
0.184785 0.184785 41.4276 
0.184785 0.215443 40.0264 
0.184785 0.251189 38.213 
0.184785 0.292864 35.9147 
0.184785 0.341455 33.0936 
0.184785 0.398107 29.804 
0.184785 0.464159 26.2997 
0.184785 0.54117 23.212 
0.184785 0.630957 21.8095 
0.184785 0.735642 24.2821 
0.184785 0.857696 33.8029 
0.184785 1 53.7514 
0.184785 1.16591 85.36 
0.184785 1.35936 125.319 
0.184785 1.58489 168.907 
0.184785 1.84785 215.717 
0.184785 2.15443 266.931 
0.184785 2.51189 321.343 
0.184785 2.92864 376.478 
0.184785 3.41455 430.372 
0.184785 3.98107 481.882 
0.184785 4.64159 530.169 
0.184785 5.4117 574.191 
0.184785 6.30957 612.611 
0.184785 7.35642 644.128 
0.184785 8.57696 667.965 
0.184785 10 684.228 
0.184785 11.6591 693.97 
0.184785 13.5936 698.922 
0.184785 15.8489 700.977 
0.184785 18.4785 701.646 
0.184785 21.5443 701.813 
0.184785 25.1189 701.845 
0.184785 29.2864 701.851 
0.184785 34.1455 701.851 
0.184785 39.8107 701.852 
0.184785 46.4159 701.852 
0.184785 54.117 701.852 
0.184785 63.0957 701.852 
0.184785 73.5642 701.852 
0.184785 85.7696 701.852 
0.184785 100 701.852 
0.215443 0.01 45.6151 
0.215443 0.0116591 45.6097 
0.215443 0.0135936 45.6023 
0.215443 0.0158489 45.5923 
0.215443 0.0184785 45.5787 
0.215443 0.0215443 45.5601 
0.215443 0.0251189 45.535 
0.215443 0.0292864 45.5008 
0.215443 0.0341455 45.4543 
0.215443 0.0398107 45.3913 
0.215443 0.0464159 45.3058 
0.215443 0.054117 45.1897 
0.215443 0.0630957 45.0325 
0.215443 0.0735642 44.8198 
0.215443 0.0857696 44.5323 
0.215443 0.1 44.1446 
0.215443 0.116591 43.6236 
0.215443 0.135936 42.926 
0.215443 0.158489 41.9978 
0.215443 0.184785 40.7726 
0.215443 0.215443 39.1744 
0.215443 0.251189 37.1251 
0.215443 0.292864 34.5641 
0.215443 0.341455 31.4897 
0.215443 0.398107 28.0386 
0.215443 0.464159 24.6272 
0.215443 0.54117 22.174 
0.215443 0.630957 22.3917 
0.215443 0.735642 28.0165 
0.215443 0.857696 42.5571 
0.215443 1 68.7421 
0.215443 1.16591 105.565 
0.215443 1.35936 148.06 
0.215443 1.58489 193.487 
0.215443 1.84785 243.16 
0.215443 2.15443 297.177 
0.215443 2.51189 353.359 
0.215443 2.92864 409.386 
0.215443 3.41455 463.855 
0.215443 3.98107 516 
0.215443 4.64159 565.032 
0.215443 5.4117 609.748 
0.215443 6.30957 648.633 
0.215443 7.35642 680.331 
0.215443 8.57696 704.141 
0.215443 10 720.292 
0.215443 11.6591 729.93 
0.215443 13.5936 734.82 
0.215443 15.8489 736.849 
0.215443 18.4785 737.511 
0.215443 21.5443 737.677 
0.215443 25.1189 737.709 
0.215443 29.2864 737.714 
0.215443 34.1455 737.715 
0.215443 39.8107 737.715 
0.215443 46.4159 737.715 
0.215443 54.117 737.715 
0.215443 63.0957 737.715 
0.215443 73.5642 737.715 
0.215443 85.7696 737.715 
0.215443 100 737.715 
0.251189 0.01 45.6126 
0.251189 0.0116591 45.6063 
0.251189 0.0135936 45.5977 
0.251189 0.0158489 45.586 
0.251189 0.0184785 45.5701 
0.251189 0.0215443 45.5485 
0.251189 0.0251189 45.5192 
0.251189 0.0292864 45.4793 
0.251189 0.0341455 45.4252 
0.251189 0.0398107 45.3518 
0.251189 0.0464159 45.2521 
0.251189 0.054117 45.1171 
0.251189 0.0630957 44.9342 
0.251189 0.0735642 44.6868 
0.251189 0.0857696 44.3528 
0.251189 0.1 43.9031 
0.251189 0.116591 43.2998 
0.251189 0.135936 42.4943 
0.251189 0.158489 41.4262 
0.251189 0.184785 40.024 
0.251189 0.215443 38.2087 
0.251189 0.251189 35.9074 
0.251189 0.292864 33.0815 
0.251189 0.341455 29.7852 
0.251189 0.398107 26.2732 
0.251189 0.464159 23.1823 
0.251189 0.54117 21.7976 
0.251189 0.630957 24.3484 
0.251189 0.735642 34.082 
0.251189 0.857696 54.4666 
0.251189 1 86.7231 
0.251189 1.16591 127.347 
0.251189 1.35936 171.606 
0.251189 1.58489 219.436 
0.251189 1.84785 272.158 
0.251189 2.15443 328.461 
0.251189 2.51189 385.847 
0.251189 2.92864 442.5 
0.251189 3.41455 497.55 
0.251189 3.98107 550.431 
0.251189 4.64159 600.238 
0.251189 5.4117 645.529 
0.251189 6.30957 684.634 
0.251189 7.35642 716.222 
0.251189 8.57696 739.746 
0.251189 10 755.599 
0.251189 11.6591 765.021 
0.251189 13.5936 769.794 
0.251189 15.8489 771.776 
0.251189 18.4785 772.424 
0.251189 21.5443 772.587 
0.251189 25.1189 772.619 
0.251189 29.2864 772.624 
0.251189 34.1455 772.625 
0.251189 39.8107 772.625 
0.251189 46.4159 772.625 
0.251189 54.117 772.625 
0.251189 63.0957 772.625 
0.251189 73.5642 772.625 
0.251189 85.7696 772.625 
0.251189 100 772.625 
0.292864 0.01 45.6097 
0.292864 0.0116591 45.6023 
0.292864 0.0135936 45.5923 
0.292864 0.0158489 45.5787 
0.292864 0.0184785 45.5601 
0.292864 0.0215443 45.535 
0.292864 0.0251189 45.5008 
0.292864 0.0292864 45.4543 
0.292864 0.0341455 45.3913 
0.292864 0.0398107 45.3057 
0.292864 0.0464159 45.1897 
0.292864 0.054117 45.0325 
0.292864 0.0630957 44.8197 
0.292864 0.0735642 44.5322 
0.292864 0.0857696 44.1445 
0.292864 0.1 43.6233 
0.292864 0.116591 42.9256 
0.292864 0.135936 41.9969 
0.292864 0.158489 40.771 
0.292864 0.184785 39.1716 
0.292864 0.215443 37.1203 
0.292864 0.251189 34.5561 
0.292864 0.292864 31.4766 
0.292864 0.341455 28.0191 
0.292864 0.398107 24.602 
0.292864 0.464159 22.1525 
0.292864 0.54117 22.4057 
0.292864 0.630957 28.1464 
0.292864 0.735642 42.9601 
0.292864 0.857696 69.6254 
0.292864 1 107.034 
0.292864 1.16591 150.075 
0.292864 1.35936 196.198 
0.292864 1.58489 246.975 
0.292864 1.84785 302.475 
0.292864 2.15443 360.44 
0.292864 2.51189 418.614 
0.292864 2.92864 475.809 
0.292864 3.41455 531.536 
0.292864 3.98107 585.232 
0.292864 4.64159 635.739 
0.292864 5.4117 681.349 
0.292864 6.30957 720.313 
0.292864 7.35642 751.43 
0.292864 8.57696 774.377 
0.292864 10 789.735 
0.292864 11.6591 798.827 
0.292864 13.5936 803.429 
0.292864 15.8489 805.341 
0.292864 18.4785 805.97 
0.292864 21.5443 806.129 
0.292864 25.1189 806.16 
0.292864 29.2864 806.165 
0.292864 34.1455 806.166 
0.292864 39.8107 806.166 
0.292864 46.4159 806.166 
0.292864 54.117 806.166 
0.292864 63.0957 806.166 
0.292864 73.5642 806.166 
0.292864 85.7696 806.166 
0.292864 100 806.166 
0.341455 0.01 45.6063 
0.341455 0.0116591 45.5977 
0.341455 0.0135936 45.586 
0.341455 0.0158489 45.5701 
0.341455 0.0184785 45.5485 
0.341455 0.0215443 45.5192 
0.341455 0.0251189 45.4793 
0.341455 0.0292864 45.4252 
0.341455 0.0341455 45.3518 
0.341455 0.0398107 45.2521 
0.341455 0.0464159 45.1171 
0.341455 0.054117 44.9341 
0.341455 0.0630957 44.6867 
0.341455 0.0735642 44.3527 
0.341455 0.0857696 43.9029 
0.341455 0.1 43.2995 
0.341455 0.116591 42.4937 
0.341455 0.135936 41.4252 
0.341455 0.158489 40.0222 
0.341455 0.184785 38.2056 
0.341455 0.215443 35.9021 
0.341455 0.251189 33.0727 
0.341455 0.292864 29.7714 
0.341455 0.341455 26.2537 
0.341455 0.398107 23.1605 
0.341455 0.464159 21.7891 
0.341455 0.54117 24.3983 
0.341455 0.630957 34.2911 
0.341455 0.735642 55.0013 
0.341455 0.857696 87.7376 
0.341455 1 128.847 
0.341455 1.16591 173.601 
0.341455 1.35936 222.202 
0.341455 1.58489 276.056 
0.341455 1.84785 333.771 
0.341455 2.15443 392.839 
0.341455 2.51189 451.581 
0.341455 2.92864 509.369 
0.341455 3.41455 565.892 
0.341455 3.98107 620.395 
0.341455 4.64159 671.379 
0.341455 5.4117 716.913 
0.341455 6.30957 755.286 
0.341455 7.35642 785.535 
0.341455 8.57696 807.614 
0.341455 10 822.29 
0.341455 11.6591 830.949 
0.341455 13.5936 835.329 
0.341455 15.8489 837.153 
0.341455 18.4785 837.755 
0.341455 21.5443 837.908 
0.341455 25.1189 837.939 
0.341455 29.2864 837.944 
0.341455 34.1455 837.945 
0.341455 39.8107 837.945 
0.341455 46.4159 837.945 
0.341455 54.117 837.945 
0.341455 63.0957 837.945 
0.341455 73.5642 837.945 
0.341455 85.7696 837.945 
0.341455 100 837.945 
0.398107 0.01 45.6023 
0.398107 0.0116591 45.5923 
0.398107 0.0135936 45.5787 
0.398107 0.0158489 45.5601 
0.398107 0.0184785 45.535 
0.398107 0.0215443 45.5008 
0.398107 0.0251189 45.4543 
0.398107 0.0292864 45.3913 
0.398107 0.0341455 45.3057 
0.398107 0.0398107 45.1897 
0.398107 0.0464159 45.0325 
0.398107 0.054117 44.8197 
0.398107 0.0630957 44.5321 
0.398107 0.0735642 44.1444 
0.398107 0.0857696 43.6231 
0.398107 0.1 42.9252 
0.398107 0.116591 41.9963 
0.398107 0.135936 40.7699 
0.398107 0.158489 39.1696 
0.398107 0.184785 37.1168 
0.398107 0.215443 34.5501 
0.398107 0.251189 31.467 
0.398107 0.292864 28.0047 
0.398107 0.341455 24.5835 
0.398107 0.398107 22.1368 
0.398107 0.464159 22.4164 
0.398107 0.54117 28.2437 
0.398107 0.630957 43.2609 
0.398107 0.735642 70.2832 
0.398107 0.857696 108.123 
0.398107 1 151.561 
0.398107 1.16591 198.205 
0.398107 1.35936 249.813 
0.398107 1.58489 306.42 
0.398107 1.84785 365.71 
0.398107 2.15443 425.492 
0.398107 2.51189 484.759 
0.398107 2.92864 543.267 
0.398107 3.41455 600.653 
0.398107 3.98107 655.814 
0.398107 4.64159 706.89 
0.398107 5.4117 751.837 
0.398107 6.30957 789.125 
0.398107 7.35642 818.121 
0.398107 8.57696 839.072 
0.398107 10 852.909 
0.398107 11.6591 861.049 
0.398107 13.5936 865.166 
0.398107 15.8489 866.885 
0.398107 18.4785 867.456 
0.398107 21.5443 867.603 
0.398107 25.1189 867.633 
0.398107 29.2864 867.638 
0.398107 34.1455 867.638 
0.398107 39.8107 867.639 
0.398107 46.4159 867.639 
0.398107 54.117 867.639 
0.398107 63.0957 867.639 
0.398107 73.5642 867.639 
0.398107 85.7696 867.639 
0.398107 100 867.639 
0.464159 0.01 45.5977 
0.464159 0.0116591 45.586 
0.464159 0.0135936 45.5701 
0.464159 0.0158489 45.5485 
0.464159 0.0184785 45.5192 
0.464159 0.0215443 45.4793 
0.464159 0.0251189 45.4252 
0.464159 0.0292864 45.3518 
0.464159 0.0341455 45.2521 
0.464159 0.0398107 45.117 
0.464159 0.0464159 44.9341 
0.464159 0.054117 44.6867 
0.464159 0.0630957 44.3526 
0.464159 0.0735642 43.9028 
0.464159 0.0857696 43.2992 
0.464159 0.1 42.4933 
0.464159 0.116591 41.4245 
0.464159 0.135936 40.0209 
0.464159 0.158489 38.2033 
0.464159 0.184785 35.8981 
0.464159 0.215443 33.0661 
0.464159 0.251189 29.7612 
0.464159 0.292864 26.2393 
0.464159 0.341455 23.1444 
0.464159 0.398107 21.783 
0.464159 0.464159 24.4357 
0.464159 0.54117 34.447 
0.464159 0.630957 55.3992 
0.464159 0.735642 88.4902 
0.464159 0.857696 129.955 
0.464159 1 175.075 
0.464159 1.16591 224.253 
0.464159 1.35936 278.953 
0.464159 1.58489 337.717 
0.464159 1.84785 398.034 
0.464159 2.15443 458.345 
0.464159 2.51189 518.223 
0.464159 2.92864 577.575 
0.464159 3.41455 635.772 
0.464159 3.98107 691.267 
0.464159 4.64159 741.905 
0.464159 5.4117 785.691 
0.464159 6.30957 821.416 
0.464159 7.35642 848.824 
0.464159 8.57696 868.441 
0.464159 10 881.324 
0.464159 11.6591 888.885 
0.464159 13.5936 892.711 
0.464159 15.8489 894.313 
0.464159 18.4785 894.847 
0.464159 21.5443 894.987 
0.464159 25.1189 895.015 
0.464159 29.2864 895.02 
0.464159 34.1455 895.021 
0.464159 39.8107 895.021 
0.464159 46.4159 895.021 
0.464159 54.117 895.021 
0.464159 63.0957 895.021 
0.464159 73.5642 895.021 
0.464159 85.7696 895.021 
0.464159 100 895.021 
0.54117 0.01 45.5923 
0.54117 0.0116591 45.5787 
0.54117 0.0135936 45.5601 
0.54117 0.0158489 45.535 
0.54117 0.0184785 45.5008 
0.54117 0.0215443 45.4543 
0.54117 0.0251189 45.3913 
0.54117 0.0292864 45.3057 
0.54117 0.0341455 45.1897 
0.54117 0.0398107 45.0325 
0.54117 0.0464159 44.8197 
0.54117 0.054117 44.5321 
0.54117 0.0630957 44.1443 
0.54117 0.0735642 43.623 
0.54117 0.0857696 42.9249 
0.54117 0.1 41.9958 
0.54117 0.116591 40.769 
0.54117 0.135936 39.1681 
0.54117 0.158489 37.1142 
0.54117 0.184785 34.5457 
0.54117 0.215443 31.46 
0.54117 0.251189 27.9941 
0.54117 0.292864 24.5699 
0.54117 0.341455 22.1252 
0.54117 0.398107 22.4246 
0.54117 0.464159 28.3161 
0.54117 0.54117 43.4847 
0.54117 0.630957 70.7714 
0.54117 0.735642 108.928 
0.54117 0.857696 152.657 
0.54117 1 199.69 
0.54117 1.16591 251.918 
0.54117 1.35936 309.346 
0.54117 1.58489 369.619 
0.54117 1.84785 430.599 
0.54117 2.15443 491.428 
0.54117 2.51189 552.062 
0.54117 2.92864 612.306 
0.54117 3.41455 671.093 
0.54117 3.98107 726.423 
0.54117 4.64159 775.997 
0.54117 5.4117 818.052 
0.54117 6.30957 851.801 
0.54117 7.35642 877.37 
0.54117 8.57696 895.514 
0.54117 10 907.373 
0.54117 11.6591 914.32 
0.54117 13.5936 917.838 
0.54117 15.8489 919.316 
0.54117 18.4785 919.812 
0.54117 21.5443 919.943 
0.54117 25.1189 919.97 
0.54117 29.2864 919.975 
0.54117 34.1455 919.976 
0.54117 39.8107 919.976 
0.54117 46.4159 919.976 
0.54117 54.117 919.976 
0.54117 63.0957 919.976 
0.54117 73.5642 919.976 
0.54117 85.7696 919.976 
0.54117 100 919.976 
0.630957 0.01 45.586 
0.630957 0.0116591 45.5701 
0.630957 0.0135936 45.5485 
0.630957 0.0158489 45.5192 
0.630957 0.0184785 45.4793 
0.630957 0.0215443 45.4252 
0.630957 0.0251189 45.3518 
0.630957 0.0292864 45.2521 
0.630957 0.0341455 45.117 
0.630957 0.0398107 44.9341 
0.630957 0.0464159 44.6866 
0.630957 0.054117 44.3526 
0.630957 0.0630957 43.9027 
0.630957 0.0735642 43.2991 
0.630957 0.0857696 42.493 
0.630957 0.1 41.424 
0.630957 0.116591 40.0199 
0.630957 0.135936 38.2016 
0.630957 0.158489 35.8952 
0.630957 0.184785 33.0613 
0.630957 0.215443 29.7536 
0.630957 0.251189 26.2288 
0.630957 0.292864 23.1326 
0.630957 0.341455 21.7786 
0.630957 0.398107 24.4636 
0.630957 0.464159 34.5628 
0.630957 0.54117 55.6946 
0.630957 0.630957 89.0472 
0.630957 0.735642 130.771 
0.630957 0.857696 176.161 
0.630957 1 225.772 
0.630957 1.16591 281.1 
0.630957 1.35936 340.64 
0.630957 1.58489 401.884 
0.630957 1.84785 463.367 
0.630957 2.15443 524.824 
0.630957 2.51189 586.338 
0.630957 2.92864 647.38 
0.630957 3.41455 706.344 
0.630957 3.98107 760.873 
0.630957 4.64159 808.733 
0.630957 5.4117 848.556 
0.630957 6.30957 880.019 
0.630957 7.35642 903.587 
0.630957 8.57696 920.189 
0.630957 10 930.997 
0.630957 11.6591 937.32 
0.630957 13.5936 940.525 
0.630957 15.8489 941.876 
0.630957 18.4785 942.332 
0.630957 21.5443 942.453 
0.630957 25.1189 942.479 
0.630957 29.2864 942.484 
0.630957 34.1455 942.485 
0.630957 39.8107 942.485 
0.630957 46.4159 942.485 
0.630957 54.117 942.485 
0.630957 63.0957 942.485 
0.630957 73.5642 942.485 
0.630957 85.7696 942.485 
0.630957 100 942.485 
0.735642 0.01 45.5787 
0.735642 0.0116591 45.5601 
0.735642 0.0135936 45.535 
0.735642 0.0158489 45.5008 
0.735642 0.0184785 45.4543 
0.735642 0.0215443 45.3913 
0.735642 0.0251189 45.3057 
0.735642 0.0292864 45.1897 
0.735642 0.0341455 45.0325 
0.735642 0.0398107 44.8197 
0.735642 0.0464159 44.5321 
0.735642 0.054117 44.1442 
0.735642 0.0630957 43.6229 
0.735642 0.0735642 42.9248 
0.735642 0.0857696 41.9954 
0.735642 0.1 40.7684 
0.735642 0.116591 39.167 
0.735642 0.135936 37.1123 
0.735642 0.158489 34.5425 
0.735642 0.184785 31.4548 
0.735642 0.215443 27.9863 
0.735642 0.251189 24.5599 
0.735642 0.292864 22.1167 
0.735642 0.341455 22.4307 
0.735642 0.398107 28.3699 
0.735642 0.464159 43.6506 
0.735642 0.54117 71.1329 
0.735642 0.630957 109.522 
0.735642 0.735642 153.465 
0.735642 0.857696 200.786 
0.735642 1 253.476 
0.735642 1.16591 311.513 
0.735642 1.35936 372.512 
0.735642 1.58489 434.381 
0.735642 1.84785 496.38 
0.735642 2.15443 558.623 
0.735642 2.51189 621.046 
0.735642 2.92864 682.602 
0.735642 3.41455 741.152 
0.735642 3.98107 794.176 
0.735642 4.64159 839.723 
0.735642 5.4117 876.928 
0.735642 6.30957 905.911 
0.735642 7.35642 927.41 
0.735642 8.57696 942.46 
0.735642 10 952.225 
0.735642 11.6591 957.933 
0.735642 13.5936 960.83 
0.735642 15.8489 962.055 
0.735642 18.4785 962.471 
0.735642 21.5443 962.582 
0.735642 25.1189 962.606 
0.735642 29.2864 962.611 
0.735642 34.1455 962.612 
0.735642 39.8107 962.612 
0.735642 46.4159 962.612 
0.735642 54.117 962.612 
0.735642 63.0957 962.612 
0.735642 73.5642 962.612 
0.735642 85.7696 962.612 
0.735642 100 962.612 
0.857696 0.01 45.5701 
0.857696 0.0116591 45.5485 
0.857696 0.0135936 45.5192 
0.857696 0.0158489 45.4793 
0.857696 0.0184785 45.4252 
0.857696 0.0215443 45.3518 
0.857696 0.0251189 45.2521 
0.857696 0.0292864 45.117 
0.857696 0.0341455 44.9341 
0.857696 0.0398107 44.6866 
0.857696 0.0464159 44.3525 
0.857696 0.054117 43.9027 
0.857696 0.0630957 43.299 
0.857696 0.0735642 42.4928 
0.857696 0.0857696 41.4236 
0.857696 0.1 40.0192 
0.857696 0.116591 38.2003 
0.857696 0.135936 35.8931 
0.857696 0.158489 33.0578 
0.857696 0.184785 29.7481 
0.857696 0.215443 26.221 
0.857696 0.251189 23.124 
0.857696 0.292864 21.7754 
0.857696 0.341455 24.4843 
0.857696 0.398107 34.6486 
0.857696 0.464159 55.9132 
0.857696 0.54117 89.4587 
0.857696 0.630957 131.373 
0.857696 0.735642 176.962 
0.857696 0.857696 226.893 
0.857696 1 282.688 
0.857696 1.16591 342.802 
0.857696 1.35936 404.731 
0.857696 1.58489 467.085 
0.857696 1.84785 529.728 
0.857696 2.15443 592.878 
0.857696 2.51189 656.078 
0.857696 2.92864 717.661 
0.857696 3.41455 775.085 
0.857696 3.98107 825.914 
0.857696 4.64159 868.664 
0.857696 5.4117 903 
0.857696 6.30957 929.422 
0.857696 7.35642 948.859 
0.857696 8.57696 962.395 
0.857696 10 971.154 
0.857696 11.6591 976.271 
0.857696 13.5936 978.872 
0.857696 15.8489 979.975 
0.857696 18.4785 980.351 
0.857696 21.5443 980.453 
0.857696 25.1189 980.475 
0.857696 29.2864 980.479 
0.857696 34.1455 980.48 
0.857696 39.8107 980.48 
0.857696 46.4159 980.48 
0.857696 54.117 980.48 
0.857696 63.0957 980.48 
0.857696 73.5642 980.48 
0.857696 85.7696 980.48 
0.857696 100 980.48 
