0.0001 0.01 16.8371 
0.0001 0.0120226 16.8371 
0.0001 0.0144544 16.8371 
0.0001 0.017378 16.8371 
0.0001 0.020893 16.8371 
0.0001 0.0251189 16.8371 
0.0001 0.0301995 16.8371 
0.0001 0.0363078 16.8371 
0.0001 0.0436516 16.8371 
0.0001 0.0524807 16.8371 
0.0001 0.0630957 16.8371 
0.0001 0.0758578 16.837 
0.0001 0.0912011 16.837 
0.0001 0.109648 16.8369 
0.0001 0.131826 16.8369 
0.0001 0.158489 16.8367 
0.0001 0.190546 16.8365 
0.0001 0.229087 16.8363 
0.0001 0.275423 16.8359 
0.0001 0.331131 16.8353 
0.0001 0.398107 16.8346 
0.0001 0.47863 16.8334 
0.0001 0.57544 16.8318 
0.0001 0.691831 16.8295 
0.0001 0.831764 16.8262 
0.0001 1 16.8215 
0.0001 1.20226 16.815 
0.0001 1.44544 16.8061 
0.0001 1.7378 16.7941 
0.0001 2.0893 16.7784 
0.0001 2.51189 16.7589 
0.0001 3.01995 16.7358 
0.0001 3.63078 16.7107 
0.0001 4.36516 16.6861 
0.0001 5.24807 16.6651 
0.0001 6.30957 16.65 
0.0001 7.58578 16.6413 
0.0001 9.12011 16.6374 
0.0001 10.9648 16.6362 
0.0001 13.1826 16.6359 
0.0001 15.8489 16.6358 
0.0001 19.0546 16.6358 
0.0001 22.9087 16.6358 
0.0001 27.5423 16.6358 
0.0001 33.1131 16.6358 
0.0001 39.8107 16.6358 
0.0001 47.863 16.6358 
0.0001 57.544 16.6358 
0.0001 69.1831 16.6358 
0.0001 83.1764 16.6358 
0.000120226 0.01 16.8371 
0.000120226 0.0120226 16.8371 
0.000120226 0.0144544 16.8371 
0.000120226 0.017378 16.8371 
0.000120226 0.020893 16.8371 
0.000120226 0.0251189 16.8371 
0.000120226 0.0301995 16.8371 
0.000120226 0.0363078 16.8371 
0.000120226 0.0436516 16.8371 
0.000120226 0.0524807 16.8371 
0.000120226 0.0630957 16.8371 
0.000120226 0.0758578 16.837 
0.000120226 0.0912011 16.837 
0.000120226 0.109648 16.8369 
0.000120226 0.131826 16.8368 
0.000120226 0.158489 16.8366 
0.000120226 0.190546 16.8364 
0.000120226 0.229087 16.8361 
0.000120226 0.275423 16.8356 
0.000120226 0.331131 16.835 
0.000120226 0.398107 16.834 
0.000120226 0.47863 16.8327 
0.000120226 0.57544 16.8307 
0.000120226 0.691831 16.8279 
0.000120226 0.831764 16.8239 
0.000120226 1 16.8183 
0.000120226 1.20226 16.8105 
0.000120226 1.44544 16.7998 
0.000120226 1.7378 16.7854 
0.000120226 2.0893 16.7666 
0.000120226 2.51189 16.7431 
0.000120226 3.01995 16.7154 
0.000120226 3.63078 16.6853 
0.000120226 4.36516 16.6558 
0.000120226 5.24807 16.6306 
0.000120226 6.30957 16.6125 
0.000120226 7.58578 16.602 
0.000120226 9.12011 16.5974 
0.000120226 10.9648 16.5959 
0.000120226 13.1826 16.5955 
0.000120226 15.8489 16.5955 
0.000120226 19.0546 16.5955 
0.000120226 22.9087 16.5955 
0.000120226 27.5423 16.5955 
0.000120226 33.1131 16.5955 
0.000120226 39.8107 16.5955 
0.000120226 47.863 16.5955 
0.000120226 57.544 16.5955 
0.000120226 69.1831 16.5955 
0.000120226 83.1764 16.5955 
0.000144544 0.01 16.8371 
0.000144544 0.0120226 16.8371 
0.000144544 0.0144544 16.8371 
0.000144544 0.017378 16.8371 
0.000144544 0.020893 16.8371 
0.000144544 0.0251189 16.8371 
0.000144544 0.0301995 16.8371 
0.000144544 0.0363078 16.8371 
0.000144544 0.0436516 16.8371 
0.000144544 0.0524807 16.8371 
0.000144544 0.0630957 16.837 
0.000144544 0.0758578 16.837 
0.000144544 0.0912011 16.8369 
0.000144544 0.109648 16.8369 
0.000144544 0.131826 16.8367 
0.000144544 0.158489 16.8365 
0.000144544 0.190546 16.8363 
0.000144544 0.229087 16.8359 
0.000144544 0.275423 16.8353 
0.000144544 0.331131 16.8346 
0.000144544 0.398107 16.8334 
0.000144544 0.47863 16.8318 
0.000144544 0.57544 16.8294 
0.000144544 0.691831 16.8261 
0.000144544 0.831764 16.8213 
0.000144544 1 16.8146 
0.000144544 1.20226 16.8052 
0.000144544 1.44544 16.7923 
0.000144544 1.7378 16.7749 
0.000144544 2.0893 16.7523 
0.000144544 2.51189 16.7241 
0.000144544 3.01995 16.6909 
0.000144544 3.63078 16.6548 
0.000144544 4.36516 16.6194 
0.000144544 5.24807 16.5892 
0.000144544 6.30957 16.5675 
0.000144544 7.58578 16.555 
0.000144544 9.12011 16.5495 
0.000144544 10.9648 16.5477 
0.000144544 13.1826 16.5473 
0.000144544 15.8489 16.5472 
0.000144544 19.0546 16.5472 
0.000144544 22.9087 16.5472 
0.000144544 27.5423 16.5472 
0.000144544 33.1131 16.5472 
0.000144544 39.8107 16.5472 
0.000144544 47.863 16.5472 
0.000144544 57.544 16.5472 
0.000144544 69.1831 16.5472 
0.000144544 83.1764 16.5472 
0.00017378 0.01 16.8371 
0.00017378 0.0120226 16.8371 
0.00017378 0.0144544 16.8371 
0.00017378 0.017378 16.8371 
0.00017378 0.020893 16.8371 
0.00017378 0.0251189 16.8371 
0.00017378 0.0301995 16.8371 
0.00017378 0.0363078 16.8371 
0.00017378 0.0436516 16.8371 
0.00017378 0.0524807 16.8371 
0.00017378 0.0630957 16.837 
0.00017378 0.0758578 16.837 
0.00017378 0.0912011 16.8369 
0.00017378 0.109648 16.8368 
0.00017378 0.131826 16.8366 
0.00017378 0.158489 16.8364 
0.00017378 0.190546 16.8361 
0.00017378 0.229087 16.8356 
0.00017378 0.275423 16.835 
0.00017378 0.331131 16.834 
0.00017378 0.398107 16.8327 
0.00017378 0.47863 16.8307 
0.00017378 0.57544 16.8279 
0.00017378 0.691831 16.8238 
0.00017378 0.831764 16.8181 
0.00017378 1 16.81 
0.00017378 1.20226 16.7987 
0.00017378 1.44544 16.7832 
0.00017378 1.7378 16.7624 
0.00017378 2.0893 16.7353 
0.00017378 2.51189 16.7014 
0.00017378 3.01995 16.6615 
0.00017378 3.63078 16.6182 
0.00017378 4.36516 16.5758 
0.00017378 5.24807 16.5396 
0.00017378 6.30957 16.5136 
0.00017378 7.58578 16.4987 
0.00017378 9.12011 16.4921 
0.00017378 10.9648 16.49 
0.00017378 13.1826 16.4895 
0.00017378 15.8489 16.4894 
0.00017378 19.0546 16.4894 
0.00017378 22.9087 16.4894 
0.00017378 27.5423 16.4894 
0.00017378 33.1131 16.4894 
0.00017378 39.8107 16.4894 
0.00017378 47.863 16.4894 
0.00017378 57.544 16.4894 
0.00017378 69.1831 16.4894 
0.00017378 83.1764 16.4894 
0.00020893 0.01 16.8371 
0.00020893 0.0120226 16.8371 
0.00020893 0.0144544 16.8371 
0.00020893 0.017378 16.8371 
0.00020893 0.020893 16.8371 
0.00020893 0.0251189 16.8371 
0.00020893 0.0301995 16.8371 
0.00020893 0.0363078 16.8371 
0.00020893 0.0436516 16.8371 
0.00020893 0.0524807 16.837 
0.00020893 0.0630957 16.837 
0.00020893 0.0758578 16.8369 
0.00020893 0.0912011 16.8369 
0.00020893 0.109648 16.8367 
0.00020893 0.131826 16.8365 
0.00020893 0.158489 16.8363 
0.00020893 0.190546 16.8359 
0.00020893 0.229087 16.8353 
0.00020893 0.275423 16.8345 
0.00020893 0.331131 16.8334 
0.00020893 0.398107 16.8318 
0.00020893 0.47863 16.8294 
0.00020893 0.57544 16.826 
0.00020893 0.691831 16.8211 
0.00020893 0.831764 16.8142 
0.00020893 1 16.8045 
0.00020893 1.20226 16.7909 
0.00020893 1.44544 16.7723 
0.00020893 1.7378 16.7473 
0.00020893 2.0893 16.7147 
0.00020893 2.51189 16.6741 
0.00020893 3.01995 16.6263 
0.00020893 3.63078 16.5743 
0.00020893 4.36516 16.5235 
0.00020893 5.24807 16.4802 
0.00020893 6.30957 16.4492 
0.00020893 7.58578 16.4314 
0.00020893 9.12011 16.4235 
0.00020893 10.9648 16.421 
0.00020893 13.1826 16.4204 
0.00020893 15.8489 16.4203 
0.00020893 19.0546 16.4202 
0.00020893 22.9087 16.4202 
0.00020893 27.5423 16.4202 
0.00020893 33.1131 16.4202 
0.00020893 39.8107 16.4202 
0.00020893 47.863 16.4202 
0.00020893 57.544 16.4202 
0.00020893 69.1831 16.4202 
0.00020893 83.1764 16.4202 
0.000251189 0.01 16.8371 
0.000251189 0.0120226 16.8371 
0.000251189 0.0144544 16.8371 
0.000251189 0.017378 16.8371 
0.000251189 0.020893 16.8371 
0.000251189 0.0251189 16.8371 
0.000251189 0.0301995 16.8371 
0.000251189 0.0363078 16.8371 
0.000251189 0.0436516 16.8371 
0.000251189 0.0524807 16.837 
0.000251189 0.0630957 16.837 
0.000251189 0.0758578 16.8369 
0.000251189 0.0912011 16.8368 
0.000251189 0.109648 16.8366 
0.000251189 0.131826 16.8364 
0.000251189 0.158489 16.8361 
0.000251189 0.190546 16.8356 
0.000251189 0.229087 16.835 
0.000251189 0.275423 16.834 
0.000251189 0.331131 16.8326 
0.000251189 0.398107 16.8307 
0.000251189 0.47863 16.8278 
0.000251189 0.57544 16.8237 
0.000251189 0.691831 16.8179 
0.000251189 0.831764 16.8096 
0.000251189 1 16.7979 
0.000251189 1.20226 16.7816 
0.000251189 1.44544 16.7592 
0.000251189 1.7378 16.7292 
0.000251189 2.0893 16.6901 
0.000251189 2.51189 16.6413 
0.000251189 3.01995 16.584 
0.000251189 3.63078 16.5218 
0.000251189 4.36516 16.461 
0.000251189 5.24807 16.4092 
0.000251189 6.30957 16.3722 
0.000251189 7.58578 16.3509 
0.000251189 9.12011 16.3416 
0.000251189 10.9648 16.3385 
0.000251189 13.1826 16.3378 
0.000251189 15.8489 16.3377 
0.000251189 19.0546 16.3377 
0.000251189 22.9087 16.3377 
0.000251189 27.5423 16.3377 
0.000251189 33.1131 16.3377 
0.000251189 39.8107 16.3377 
0.000251189 47.863 16.3377 
0.000251189 57.544 16.3377 
0.000251189 69.1831 16.3377 
0.000251189 83.1764 16.3377 
0.000301995 0.01 16.8371 
0.000301995 0.0120226 16.8371 
0.000301995 0.0144544 16.8371 
0.000301995 0.017378 16.8371 
0.000301995 0.020893 16.8371 
0.000301995 0.0251189 16.8371 
0.000301995 0.0301995 16.8371 
0.000301995 0.0363078 16.8371 
0.000301995 0.0436516 16.837 
0.000301995 0.0524807 16.837 
0.000301995 0.0630957 16.8369 
0.000301995 0.0758578 16.8369 
0.000301995 0.0912011 16.8367 
0.000301995 0.109648 16.8365 
0.000301995 0.131826 16.8363 
0.000301995 0.158489 16.8359 
0.000301995 0.190546 16.8353 
0.000301995 0.229087 16.8345 
0.000301995 0.275423 16.8334 
0.000301995 0.331131 16.8317 
0.000301995 0.398107 16.8294 
0.000301995 0.47863 16.8259 
0.000301995 0.57544 16.821 
0.000301995 0.691831 16.814 
0.000301995 0.831764 16.804 
0.000301995 1 16.79 
0.000301995 1.20226 16.7704 
0.000301995 1.44544 16.7435 
0.000301995 1.7378 16.7075 
0.000301995 2.0893 16.6605 
0.000301995 2.51189 16.602 
0.000301995 3.01995 16.5333 
0.000301995 3.63078 16.4588 
0.000301995 4.36516 16.3861 
0.000301995 5.24807 16.3243 
0.000301995 6.30957 16.2802 
0.000301995 7.58578 16.2549 
0.000301995 9.12011 16.2438 
0.000301995 10.9648 16.2402 
0.000301995 13.1826 16.2394 
0.000301995 15.8489 16.2392 
0.000301995 19.0546 16.2392 
0.000301995 22.9087 16.2392 
0.000301995 27.5423 16.2392 
0.000301995 33.1131 16.2392 
0.000301995 39.8107 16.2392 
0.000301995 47.863 16.2392 
0.000301995 57.544 16.2392 
0.000301995 69.1831 16.2392 
0.000301995 83.1764 16.2392 
0.000363078 0.01 16.8371 
0.000363078 0.0120226 16.8371 
0.000363078 0.0144544 16.8371 
0.000363078 0.017378 16.8371 
0.000363078 0.020893 16.8371 
0.000363078 0.0251189 16.8371 
0.000363078 0.0301995 16.8371 
0.000363078 0.0363078 16.8371 
0.000363078 0.0436516 16.837 
0.000363078 0.0524807 16.837 
0.000363078 0.0630957 16.8369 
0.000363078 0.0758578 16.8368 
0.000363078 0.0912011 16.8366 
0.000363078 0.109648 16.8364 
0.000363078 0.131826 16.8361 
0.000363078 0.158489 16.8356 
0.000363078 0.190546 16.835 
0.000363078 0.229087 16.834 
0.000363078 0.275423 16.8326 
0.000363078 0.331131 16.8306 
0.000363078 0.398107 16.8278 
0.000363078 0.47863 16.8237 
0.000363078 0.57544 16.8178 
0.000363078 0.691831 16.8093 
0.000363078 0.831764 16.7973 
0.000363078 1 16.7805 
0.000363078 1.20226 16.7569 
0.000363078 1.44544 16.7247 
0.000363078 1.7378 16.6814 
0.000363078 2.0893 16.6251 
0.000363078 2.51189 16.5549 
0.000363078 3.01995 16.4727 
0.000363078 3.63078 16.3836 
0.000363078 4.36516 16.2967 
0.000363078 5.24807 16.223 
0.000363078 6.30957 16.1705 
0.000363078 7.58578 16.1405 
0.000363078 9.12011 16.1273 
0.000363078 10.9648 16.1231 
0.000363078 13.1826 16.1221 
0.000363078 15.8489 16.1219 
0.000363078 19.0546 16.1219 
0.000363078 22.9087 16.1219 
0.000363078 27.5423 16.1219 
0.000363078 33.1131 16.1219 
0.000363078 39.8107 16.1219 
0.000363078 47.863 16.1219 
0.000363078 57.544 16.1219 
0.000363078 69.1831 16.1219 
0.000363078 83.1764 16.1219 
0.000436516 0.01 16.8371 
0.000436516 0.0120226 16.8371 
0.000436516 0.0144544 16.8371 
0.000436516 0.017378 16.8371 
0.000436516 0.020893 16.8371 
0.000436516 0.0251189 16.8371 
0.000436516 0.0301995 16.8371 
0.000436516 0.0363078 16.837 
0.000436516 0.0436516 16.837 
0.000436516 0.0524807 16.8369 
0.000436516 0.0630957 16.8369 
0.000436516 0.0758578 16.8367 
0.000436516 0.0912011 16.8365 
0.000436516 0.109648 16.8363 
0.000436516 0.131826 16.8359 
0.000436516 0.158489 16.8353 
0.000436516 0.190546 16.8345 
0.000436516 0.229087 16.8334 
0.000436516 0.275423 16.8317 
0.000436516 0.331131 16.8293 
0.000436516 0.398107 16.8259 
0.000436516 0.47863 16.8209 
0.000436516 0.57544 16.8138 
0.000436516 0.691831 16.8037 
0.000436516 0.831764 16.7893 
0.000436516 1 16.769 
0.000436516 1.20226 16.7408 
0.000436516 1.44544 16.702 
0.000436516 1.7378 16.6501 
0.000436516 2.0893 16.5825 
0.000436516 2.51189 16.4985 
0.000436516 3.01995 16.4001 
0.000436516 3.63078 16.2936 
0.000436516 4.36516 16.19 
0.000436516 5.24807 16.1023 
0.000436516 6.30957 16.04 
0.000436516 7.58578 16.0044 
0.000436516 9.12011 15.9889 
0.000436516 10.9648 15.9839 
0.000436516 13.1826 15.9827 
0.000436516 15.8489 15.9825 
0.000436516 19.0546 15.9825 
0.000436516 22.9087 15.9825 
0.000436516 27.5423 15.9825 
0.000436516 33.1131 15.9825 
0.000436516 39.8107 15.9825 
0.000436516 47.863 15.9825 
0.000436516 57.544 15.9825 
0.000436516 69.1831 15.9825 
0.000436516 83.1764 15.9825 
0.000524807 0.01 16.8371 
0.000524807 0.0120226 16.8371 
0.000524807 0.0144544 16.8371 
0.000524807 0.017378 16.8371 
0.000524807 0.020893 16.8371 
0.000524807 0.0251189 16.8371 
0.000524807 0.0301995 16.8371 
0.000524807 0.0363078 16.837 
0.000524807 0.0436516 16.837 
0.000524807 0.0524807 16.8369 
0.000524807 0.0630957 16.8368 
0.000524807 0.0758578 16.8366 
0.000524807 0.0912011 16.8364 
0.000524807 0.109648 16.8361 
0.000524807 0.131826 16.8356 
0.000524807 0.158489 16.835 
0.000524807 0.190546 16.834 
0.000524807 0.229087 16.8326 
0.000524807 0.275423 16.8306 
0.000524807 0.331131 16.8278 
0.000524807 0.398107 16.8236 
0.000524807 0.47863 16.8177 
0.000524807 0.57544 16.8091 
0.000524807 0.691831 16.7969 
0.000524807 0.831764 16.7797 
0.000524807 1 16.7553 
0.000524807 1.20226 16.7214 
0.000524807 1.44544 16.6748 
0.000524807 1.7378 16.6125 
0.000524807 2.0893 16.5316 
0.000524807 2.51189 16.431 
0.000524807 3.01995 16.3133 
0.000524807 3.63078 16.1862 
0.000524807 4.36516 16.0629 
0.000524807 5.24807 15.9588 
0.000524807 6.30957 15.8849 
0.000524807 7.58578 15.843 
0.000524807 9.12011 15.8247 
0.000524807 10.9648 15.8188 
0.000524807 13.1826 15.8175 
0.000524807 15.8489 15.8172 
0.000524807 19.0546 15.8172 
0.000524807 22.9087 15.8172 
0.000524807 27.5423 15.8172 
0.000524807 33.1131 15.8172 
0.000524807 39.8107 15.8172 
0.000524807 47.863 15.8172 
0.000524807 57.544 15.8172 
0.000524807 69.1831 15.8172 
0.000524807 83.1764 15.8172 
0.000630957 0.01 16.8371 
0.000630957 0.0120226 16.8371 
0.000630957 0.0144544 16.8371 
0.000630957 0.017378 16.8371 
0.000630957 0.020893 16.8371 
0.000630957 0.0251189 16.8371 
0.000630957 0.0301995 16.837 
0.000630957 0.0363078 16.837 
0.000630957 0.0436516 16.8369 
0.000630957 0.0524807 16.8369 
0.000630957 0.0630957 16.8367 
0.000630957 0.0758578 16.8365 
0.000630957 0.0912011 16.8363 
0.000630957 0.109648 16.8359 
0.000630957 0.131826 16.8353 
0.000630957 0.158489 16.8345 
0.000630957 0.190546 16.8334 
0.000630957 0.229087 16.8317 
0.000630957 0.275423 16.8293 
0.000630957 0.331131 16.8259 
0.000630957 0.398107 16.8209 
0.000630957 0.47863 16.8137 
0.000630957 0.57544 16.8035 
0.000630957 0.691831 16.7888 
0.000630957 0.831764 16.7681 
0.000630957 1 16.7388 
0.000630957 1.20226 16.698 
0.000630957 1.44544 16.6422 
0.000630957 1.7378 16.5675 
0.000630957 2.0893 16.4705 
0.000630957 2.51189 16.3502 
0.000630957 3.01995 16.2097 
0.000630957 3.63078 16.0583 
0.000630957 4.36516 15.9118 
0.000630957 5.24807 15.7884 
0.000630957 6.30957 15.7013 
0.000630957 7.58578 15.6519 
0.000630957 9.12011 15.6306 
0.000630957 10.9648 15.6237 
0.000630957 13.1826 15.6222 
0.000630957 15.8489 15.6219 
0.000630957 19.0546 15.6218 
0.000630957 22.9087 15.6218 
0.000630957 27.5423 15.6218 
0.000630957 33.1131 15.6218 
0.000630957 39.8107 15.6218 
0.000630957 47.863 15.6218 
0.000630957 57.544 15.6218 
0.000630957 69.1831 15.6218 
0.000630957 83.1764 15.6218 
0.000758578 0.01 16.8371 
0.000758578 0.0120226 16.8371 
0.000758578 0.0144544 16.8371 
0.000758578 0.017378 16.8371 
0.000758578 0.020893 16.8371 
0.000758578 0.0251189 16.8371 
0.000758578 0.0301995 16.837 
0.000758578 0.0363078 16.837 
0.000758578 0.0436516 16.8369 
0.000758578 0.0524807 16.8368 
0.000758578 0.0630957 16.8366 
0.000758578 0.0758578 16.8364 
0.000758578 0.0912011 16.8361 
0.000758578 0.109648 16.8356 
0.000758578 0.131826 16.835 
0.000758578 0.158489 16.834 
0.000758578 0.190546 16.8326 
0.000758578 0.229087 16.8306 
0.000758578 0.275423 16.8277 
0.000758578 0.331131 16.8236 
0.000758578 0.398107 16.8176 
0.000758578 0.47863 16.809 
0.000758578 0.57544 16.7967 
0.000758578 0.691831 16.7791 
0.000758578 0.831764 16.7541 
0.000758578 1 16.719 
0.000758578 1.20226 16.6701 
0.000758578 1.44544 16.6031 
0.000758578 1.7378 16.5135 
0.000758578 2.0893 16.3974 
0.000758578 2.51189 16.2537 
0.000758578 3.01995 16.0861 
0.000758578 3.63078 15.9061 
0.000758578 4.36516 15.7325 
0.000758578 5.24807 15.5868 
0.000758578 6.30957 15.4844 
0.000758578 7.58578 15.4267 
0.000758578 9.12011 15.4018 
0.000758578 10.9648 15.3939 
0.000758578 13.1826 15.3921 
0.000758578 15.8489 15.3918 
0.000758578 19.0546 15.3917 
0.000758578 22.9087 15.3917 
0.000758578 27.5423 15.3917 
0.000758578 33.1131 15.3917 
0.000758578 39.8107 15.3917 
0.000758578 47.863 15.3917 
0.000758578 57.544 15.3917 
0.000758578 69.1831 15.3917 
0.000758578 83.1764 15.3917 
0.000912011 0.01 16.8371 
0.000912011 0.0120226 16.8371 
0.000912011 0.0144544 16.8371 
0.000912011 0.017378 16.8371 
0.000912011 0.020893 16.8371 
0.000912011 0.0251189 16.837 
0.000912011 0.0301995 16.837 
0.000912011 0.0363078 16.8369 
0.000912011 0.0436516 16.8369 
0.000912011 0.0524807 16.8367 
0.000912011 0.0630957 16.8365 
0.000912011 0.0758578 16.8363 
0.000912011 0.0912011 16.8359 
0.000912011 0.109648 16.8353 
0.000912011 0.131826 16.8345 
0.000912011 0.158489 16.8334 
0.000912011 0.190546 16.8317 
0.000912011 0.229087 16.8293 
0.000912011 0.275423 16.8258 
0.000912011 0.331131 16.8208 
0.000912011 0.398107 16.8136 
0.000912011 0.47863 16.8033 
0.000912011 0.57544 16.7885 
0.000912011 0.691831 16.7674 
0.000912011 0.831764 16.7374 
0.000912011 1 16.6952 
0.000912011 1.20226 16.6365 
0.000912011 1.44544 16.5562 
0.000912011 1.7378 16.4489 
0.000912011 2.0893 16.3101 
0.000912011 2.51189 16.1385 
0.000912011 3.01995 15.9391 
0.000912011 3.63078 15.7255 
0.000912011 4.36516 15.5204 
0.000912011 5.24807 15.3491 
0.000912011 6.30957 15.2293 
0.000912011 7.58578 15.1622 
0.000912011 9.12011 15.1335 
0.000912011 10.9648 15.1245 
0.000912011 13.1826 15.1224 
0.000912011 15.8489 15.1221 
0.000912011 19.0546 15.122 
0.000912011 22.9087 15.122 
0.000912011 27.5423 15.122 
0.000912011 33.1131 15.122 
0.000912011 39.8107 15.122 
0.000912011 47.863 15.122 
0.000912011 57.544 15.122 
0.000912011 69.1831 15.122 
0.000912011 83.1764 15.122 
0.00109648 0.01 16.8371 
0.00109648 0.0120226 16.8371 
0.00109648 0.0144544 16.8371 
0.00109648 0.017378 16.8371 
0.00109648 0.020893 16.8371 
0.00109648 0.0251189 16.837 
0.00109648 0.0301995 16.837 
0.00109648 0.0363078 16.8369 
0.00109648 0.0436516 16.8368 
0.00109648 0.0524807 16.8366 
0.00109648 0.0630957 16.8364 
0.00109648 0.0758578 16.8361 
0.00109648 0.0912011 16.8356 
0.00109648 0.109648 16.835 
0.00109648 0.131826 16.834 
0.00109648 0.158489 16.8326 
0.00109648 0.190546 16.8306 
0.00109648 0.229087 16.8277 
0.00109648 0.275423 16.8236 
0.00109648 0.331131 16.8176 
0.00109648 0.398107 16.8089 
0.00109648 0.47863 16.7965 
0.00109648 0.57544 16.7787 
0.00109648 0.691831 16.7533 
0.00109648 0.831764 16.7173 
0.00109648 1 16.6666 
0.00109648 1.20226 16.5962 
0.00109648 1.44544 16.5 
0.00109648 1.7378 16.3716 
0.00109648 2.0893 16.2058 
0.00109648 2.51189 16.0013 
0.00109648 3.01995 15.7644 
0.00109648 3.63078 15.5118 
0.00109648 4.36516 15.2704 
0.00109648 5.24807 15.07 
0.00109648 6.30957 14.9308 
0.00109648 7.58578 14.8534 
0.00109648 9.12011 14.8206 
0.00109648 10.9648 14.8104 
0.00109648 13.1826 14.8081 
0.00109648 15.8489 14.8077 
0.00109648 19.0546 14.8076 
0.00109648 22.9087 14.8076 
0.00109648 27.5423 14.8076 
0.00109648 33.1131 14.8076 
0.00109648 39.8107 14.8076 
0.00109648 47.863 14.8076 
0.00109648 57.544 14.8076 
0.00109648 69.1831 14.8076 
0.00109648 83.1764 14.8076 
0.00131826 0.01 16.8371 
0.00131826 0.0120226 16.8371 
0.00131826 0.0144544 16.8371 
0.00131826 0.017378 16.8371 
0.00131826 0.020893 16.837 
0.00131826 0.0251189 16.837 
0.00131826 0.0301995 16.8369 
0.00131826 0.0363078 16.8369 
0.00131826 0.0436516 16.8367 
0.00131826 0.0524807 16.8365 
0.00131826 0.0630957 16.8363 
0.00131826 0.0758578 16.8359 
0.00131826 0.0912011 16.8353 
0.00131826 0.109648 16.8345 
0.00131826 0.131826 16.8334 
0.00131826 0.158489 16.8317 
0.00131826 0.190546 16.8293 
0.00131826 0.229087 16.8258 
0.00131826 0.275423 16.8208 
0.00131826 0.331131 16.8136 
0.00131826 0.398107 16.8032 
0.00131826 0.47863 16.7883 
0.00131826 0.57544 16.7669 
0.00131826 0.691831 16.7364 
0.00131826 0.831764 16.6931 
0.00131826 1 16.6324 
0.00131826 1.20226 16.548 
0.00131826 1.44544 16.4327 
0.00131826 1.7378 16.2792 
0.00131826 2.0893 16.0814 
0.00131826 2.51189 15.8382 
0.00131826 3.01995 15.5575 
0.00131826 3.63078 15.2598 
0.00131826 4.36516 14.977 
0.00131826 5.24807 14.7439 
0.00131826 6.30957 14.5834 
0.00131826 7.58578 14.4952 
0.00131826 9.12011 14.4582 
0.00131826 10.9648 14.4469 
0.00131826 13.1826 14.4443 
0.00131826 15.8489 14.4438 
0.00131826 19.0546 14.4438 
0.00131826 22.9087 14.4438 
0.00131826 27.5423 14.4438 
0.00131826 33.1131 14.4438 
0.00131826 39.8107 14.4438 
0.00131826 47.863 14.4438 
0.00131826 57.544 14.4438 
0.00131826 69.1831 14.4438 
0.00131826 83.1764 14.4438 
0.00158489 0.01 16.8371 
0.00158489 0.0120226 16.8371 
0.00158489 0.0144544 16.8371 
0.00158489 0.017378 16.8371 
0.00158489 0.020893 16.837 
0.00158489 0.0251189 16.837 
0.00158489 0.0301995 16.8369 
0.00158489 0.0363078 16.8368 
0.00158489 0.0436516 16.8366 
0.00158489 0.0524807 16.8364 
0.00158489 0.0630957 16.8361 
0.00158489 0.0758578 16.8356 
0.00158489 0.0912011 16.835 
0.00158489 0.109648 16.834 
0.00158489 0.131826 16.8326 
0.00158489 0.158489 16.8306 
0.00158489 0.190546 16.8277 
0.00158489 0.229087 16.8235 
0.00158489 0.275423 16.8175 
0.00158489 0.331131 16.8088 
0.00158489 0.398107 16.7963 
0.00158489 0.47863 16.7784 
0.00158489 0.57544 16.7527 
0.00158489 0.691831 16.7161 
0.00158489 0.831764 16.6642 
0.00158489 1 16.5913 
0.00158489 1.20226 16.4901 
0.00158489 1.44544 16.3522 
0.00158489 1.7378 16.1689 
0.00158489 2.0893 15.9333 
0.00158489 2.51189 15.6447 
0.00158489 3.01995 15.3132 
0.00158489 3.63078 14.9638 
0.00158489 4.36516 14.6344 
0.00158489 5.24807 14.3655 
0.00158489 6.30957 14.1824 
0.00158489 7.58578 14.083 
0.00158489 9.12011 14.0421 
0.00158489 10.9648 14.0299 
0.00158489 13.1826 14.0271 
0.00158489 15.8489 14.0266 
0.00158489 19.0546 14.0265 
0.00158489 22.9087 14.0265 
0.00158489 27.5423 14.0265 
0.00158489 33.1131 14.0265 
0.00158489 39.8107 14.0265 
0.00158489 47.863 14.0265 
0.00158489 57.544 14.0265 
0.00158489 69.1831 14.0265 
0.00158489 83.1764 14.0265 
0.00190546 0.01 16.8371 
0.00190546 0.0120226 16.8371 
0.00190546 0.0144544 16.8371 
0.00190546 0.017378 16.837 
0.00190546 0.020893 16.837 
0.00190546 0.0251189 16.8369 
0.00190546 0.0301995 16.8369 
0.00190546 0.0363078 16.8367 
0.00190546 0.0436516 16.8365 
0.00190546 0.0524807 16.8363 
0.00190546 0.0630957 16.8359 
0.00190546 0.0758578 16.8353 
0.00190546 0.0912011 16.8345 
0.00190546 0.109648 16.8334 
0.00190546 0.131826 16.8317 
0.00190546 0.158489 16.8293 
0.00190546 0.190546 16.8258 
0.00190546 0.229087 16.8208 
0.00190546 0.275423 16.8136 
0.00190546 0.331131 16.8031 
0.00190546 0.398107 16.7881 
0.00190546 0.47863 16.7665 
0.00190546 0.57544 16.7357 
0.00190546 0.691831 16.6917 
0.00190546 0.831764 16.6294 
0.00190546 1 16.542 
0.00190546 1.20226 16.4209 
0.00190546 1.44544 16.2561 
0.00190546 1.7378 16.0374 
0.00190546 2.0893 15.7573 
0.00190546 2.51189 15.4158 
0.00190546 3.01995 15.0259 
0.00190546 3.63078 14.618 
0.00190546 4.36516 14.2373 
0.00190546 5.24807 13.9301 
0.00190546 6.30957 13.724 
0.00190546 7.58578 13.6141 
0.00190546 9.12011 13.57 
0.00190546 10.9648 13.5571 
0.00190546 13.1826 13.5543 
0.00190546 15.8489 13.5538 
0.00190546 19.0546 13.5537 
0.00190546 22.9087 13.5537 
0.00190546 27.5423 13.5537 
0.00190546 33.1131 13.5537 
0.00190546 39.8107 13.5537 
0.00190546 47.863 13.5537 
0.00190546 57.544 13.5537 
0.00190546 69.1831 13.5537 
0.00190546 83.1764 13.5537 
0.00229087 0.01 16.8371 
0.00229087 0.0120226 16.8371 
0.00229087 0.0144544 16.8371 
0.00229087 0.017378 16.837 
0.00229087 0.020893 16.837 
0.00229087 0.0251189 16.8369 
0.00229087 0.0301995 16.8368 
0.00229087 0.0363078 16.8366 
0.00229087 0.0436516 16.8364 
0.00229087 0.0524807 16.8361 
0.00229087 0.0630957 16.8356 
0.00229087 0.0758578 16.835 
0.00229087 0.0912011 16.834 
0.00229087 0.109648 16.8326 
0.00229087 0.131826 16.8306 
0.00229087 0.158489 16.8277 
0.00229087 0.190546 16.8235 
0.00229087 0.229087 16.8175 
0.00229087 0.275423 16.8088 
0.00229087 0.331131 16.7962 
0.00229087 0.398107 16.7782 
0.00229087 0.47863 16.7523 
0.00229087 0.57544 16.7152 
0.00229087 0.691831 16.6625 
0.00229087 0.831764 16.5878 
0.00229087 1 16.483 
0.00229087 1.20226 16.3381 
0.00229087 1.44544 16.1413 
0.00229087 1.7378 15.8809 
0.00229087 2.0893 15.5488 
0.00229087 2.51189 15.146 
0.00229087 3.01995 14.6896 
0.00229087 3.63078 14.2167 
0.00229087 4.36516 13.7807 
0.00229087 5.24807 13.4343 
0.00229087 6.30957 13.2065 
0.00229087 7.58578 13.0881 
0.00229087 9.12011 13.0421 
0.00229087 10.9648 13.0293 
0.00229087 13.1826 13.0267 
0.00229087 15.8489 13.0262 
0.00229087 19.0546 13.0261 
0.00229087 22.9087 13.026 
0.00229087 27.5423 13.026 
0.00229087 33.1131 13.026 
0.00229087 39.8107 13.026 
0.00229087 47.863 13.026 
0.00229087 57.544 13.026 
0.00229087 69.1831 13.026 
0.00229087 83.1764 13.026 
0.00275423 0.01 16.8371 
0.00275423 0.0120226 16.8371 
0.00275423 0.0144544 16.837 
0.00275423 0.017378 16.837 
0.00275423 0.020893 16.8369 
0.00275423 0.0251189 16.8369 
0.00275423 0.0301995 16.8367 
0.00275423 0.0363078 16.8365 
0.00275423 0.0436516 16.8363 
0.00275423 0.0524807 16.8359 
0.00275423 0.0630957 16.8353 
0.00275423 0.0758578 16.8345 
0.00275423 0.0912011 16.8334 
0.00275423 0.109648 16.8317 
0.00275423 0.131826 16.8293 
0.00275423 0.158489 16.8258 
0.00275423 0.190546 16.8208 
0.00275423 0.229087 16.8135 
0.00275423 0.275423 16.8031 
0.00275423 0.331131 16.788 
0.00275423 0.398107 16.7663 
0.00275423 0.47863 16.7352 
0.00275423 0.57544 16.6907 
0.00275423 0.691831 16.6274 
0.00275423 0.831764 16.5378 
0.00275423 1 16.4124 
0.00275423 1.20226 16.2392 
0.00275423 1.44544 16.0045 
0.00275423 1.7378 15.6951 
0.00275423 2.0893 15.3025 
0.00275423 2.51189 14.8295 
0.00275423 3.01995 14.2983 
0.00275423 3.63078 13.7547 
0.00275423 4.36516 13.2615 
0.00275423 5.24807 12.8777 
0.00275423 6.30957 12.632 
0.00275423 7.58578 12.509 
0.00275423 9.12011 12.4638 
0.00275423 10.9648 12.4522 
0.00275423 13.1826 12.45 
0.00275423 15.8489 12.4496 
0.00275423 19.0546 12.4495 
0.00275423 22.9087 12.4495 
0.00275423 27.5423 12.4495 
0.00275423 33.1131 12.4495 
0.00275423 39.8107 12.4495 
0.00275423 47.863 12.4495 
0.00275423 57.544 12.4495 
0.00275423 69.1831 12.4495 
0.00275423 83.1764 12.4495 
0.00331131 0.01 16.8371 
0.00331131 0.0120226 16.8371 
0.00331131 0.0144544 16.837 
0.00331131 0.017378 16.837 
0.00331131 0.020893 16.8369 
0.00331131 0.0251189 16.8368 
0.00331131 0.0301995 16.8366 
0.00331131 0.0363078 16.8364 
0.00331131 0.0436516 16.8361 
0.00331131 0.0524807 16.8356 
0.00331131 0.0630957 16.835 
0.00331131 0.0758578 16.834 
0.00331131 0.0912011 16.8326 
0.00331131 0.109648 16.8306 
0.00331131 0.131826 16.8277 
0.00331131 0.158489 16.8235 
0.00331131 0.190546 16.8175 
0.00331131 0.229087 16.8088 
0.00331131 0.275423 16.7962 
0.00331131 0.331131 16.7781 
0.00331131 0.398107 16.752 
0.00331131 0.47863 16.7147 
0.00331131 0.57544 16.6613 
0.00331131 0.691831 16.5853 
0.00331131 0.831764 16.478 
0.00331131 1 16.3279 
0.00331131 1.20226 16.1211 
0.00331131 1.44544 15.8418 
0.00331131 1.7378 15.4751 
0.00331131 2.0893 15.0125 
0.00331131 2.51189 14.46 
0.00331131 3.01995 13.8466 
0.00331131 3.63078 13.2285 
0.00331131 4.36516 12.6795 
0.00331131 5.24807 12.2643 
0.00331131 6.30957 12.0086 
0.00331131 7.58578 11.888 
0.00331131 9.12011 11.8478 
0.00331131 10.9648 11.8392 
0.00331131 13.1826 11.838 
0.00331131 15.8489 11.8377 
0.00331131 19.0546 11.8376 
0.00331131 22.9087 11.8376 
0.00331131 27.5423 11.8376 
0.00331131 33.1131 11.8376 
0.00331131 39.8107 11.8376 
0.00331131 47.863 11.8376 
0.00331131 57.544 11.8376 
0.00331131 69.1831 11.8376 
0.00331131 83.1764 11.8376 
0.00398107 0.01 16.8371 
0.00398107 0.0120226 16.837 
0.00398107 0.0144544 16.837 
0.00398107 0.017378 16.8369 
0.00398107 0.020893 16.8369 
0.00398107 0.0251189 16.8367 
0.00398107 0.0301995 16.8365 
0.00398107 0.0363078 16.8363 
0.00398107 0.0436516 16.8359 
0.00398107 0.0524807 16.8353 
0.00398107 0.0630957 16.8345 
0.00398107 0.0758578 16.8334 
0.00398107 0.0912011 16.8317 
0.00398107 0.109648 16.8293 
0.00398107 0.131826 16.8258 
0.00398107 0.158489 16.8208 
0.00398107 0.190546 16.8135 
0.00398107 0.229087 16.803 
0.00398107 0.275423 16.7879 
0.00398107 0.331131 16.7661 
0.00398107 0.398107 16.7349 
0.00398107 0.47863 16.69 
0.00398107 0.57544 16.6259 
0.00398107 0.691831 16.5348 
0.00398107 0.831764 16.4064 
0.00398107 1 16.227 
0.00398107 1.20226 15.9804 
0.00398107 1.44544 15.6486 
0.00398107 1.7378 15.2154 
0.00398107 2.0893 14.6729 
0.00398107 2.51189 14.0316 
0.00398107 3.01995 13.33 
0.00398107 3.63078 12.6375 
0.00398107 4.36516 12.0394 
0.00398107 5.24807 11.6051 
0.00398107 6.30957 11.3536 
0.00398107 7.58578 11.2467 
0.00398107 9.12011 11.2181 
0.00398107 10.9648 11.2153 
0.00398107 13.1826 11.2158 
0.00398107 15.8489 11.2158 
0.00398107 19.0546 11.2157 
0.00398107 22.9087 11.2157 
0.00398107 27.5423 11.2157 
0.00398107 33.1131 11.2157 
0.00398107 39.8107 11.2157 
0.00398107 47.863 11.2157 
0.00398107 57.544 11.2157 
0.00398107 69.1831 11.2157 
0.00398107 83.1764 11.2157 
0.0047863 0.01 16.8371 
0.0047863 0.0120226 16.837 
0.0047863 0.0144544 16.837 
0.0047863 0.017378 16.8369 
0.0047863 0.020893 16.8368 
0.0047863 0.0251189 16.8366 
0.0047863 0.0301995 16.8364 
0.0047863 0.0363078 16.8361 
0.0047863 0.0436516 16.8356 
0.0047863 0.0524807 16.835 
0.0047863 0.0630957 16.834 
0.0047863 0.0758578 16.8326 
0.0047863 0.0912011 16.8306 
0.0047863 0.109648 16.8277 
0.0047863 0.131826 16.8235 
0.0047863 0.158489 16.8175 
0.0047863 0.190546 16.8087 
0.0047863 0.229087 16.7961 
0.0047863 0.275423 16.778 
0.0047863 0.331131 16.7518 
0.0047863 0.398107 16.7142 
0.0047863 0.47863 16.6604 
0.0047863 0.57544 16.5835 
0.0047863 0.691831 16.4744 
0.0047863 0.831764 16.3207 
0.0047863 1 16.1066 
0.0047863 1.20226 15.8132 
0.0047863 1.44544 15.4201 
0.0047863 1.7378 14.9101 
0.0047863 2.0893 14.2774 
0.0047863 2.51189 13.5392 
0.0047863 3.01995 12.7468 
0.0047863 3.63078 11.9855 
0.0047863 4.36516 11.3537 
0.0047863 5.24807 10.9223 
0.0047863 6.30957 10.6977 
0.0047863 7.58578 10.6221 
0.0047863 9.12011 10.6152 
0.0047863 10.9648 10.6222 
0.0047863 13.1826 10.6255 
0.0047863 15.8489 10.626 
0.0047863 19.0546 10.626 
0.0047863 22.9087 10.6259 
0.0047863 27.5423 10.6259 
0.0047863 33.1131 10.6259 
0.0047863 39.8107 10.6259 
0.0047863 47.863 10.6259 
0.0047863 57.544 10.6259 
0.0047863 69.1831 10.6259 
0.0047863 83.1764 10.6259 
0.0057544 0.01 16.837 
0.0057544 0.0120226 16.837 
0.0057544 0.0144544 16.8369 
0.0057544 0.017378 16.8369 
0.0057544 0.020893 16.8367 
0.0057544 0.0251189 16.8365 
0.0057544 0.0301995 16.8363 
0.0057544 0.0363078 16.8359 
0.0057544 0.0436516 16.8353 
0.0057544 0.0524807 16.8345 
0.0057544 0.0630957 16.8334 
0.0057544 0.0758578 16.8317 
0.0057544 0.0912011 16.8293 
0.0057544 0.109648 16.8258 
0.0057544 0.131826 16.8208 
0.0057544 0.158489 16.8135 
0.0057544 0.190546 16.803 
0.0057544 0.229087 16.7879 
0.0057544 0.275423 16.766 
0.0057544 0.331131 16.7346 
0.0057544 0.398107 16.6895 
0.0057544 0.47863 16.6249 
0.0057544 0.57544 16.5328 
0.0057544 0.691831 16.4021 
0.0057544 0.831764 16.2184 
0.0057544 1 15.9632 
0.0057544 1.20226 15.6147 
0.0057544 1.44544 15.1505 
0.0057544 1.7378 14.553 
0.0057544 2.0893 13.8202 
0.0057544 2.51189 12.9795 
0.0057544 3.01995 12.099 
0.0057544 3.63078 11.284 
0.0057544 4.36516 10.6464 
0.0057544 5.24807 10.2537 
0.0057544 6.30957 10.091 
0.0057544 7.58578 10.0729 
0.0057544 9.12011 10.1025 
0.0057544 10.9648 10.1252 
0.0057544 13.1826 10.1329 
0.0057544 15.8489 10.1341 
0.0057544 19.0546 10.1342 
0.0057544 22.9087 10.1341 
0.0057544 27.5423 10.1341 
0.0057544 33.1131 10.1341 
0.0057544 39.8107 10.1341 
0.0057544 47.863 10.1341 
0.0057544 57.544 10.1341 
0.0057544 69.1831 10.1341 
0.0057544 83.1764 10.1341 
0.00691831 0.01 16.837 
0.00691831 0.0120226 16.837 
0.00691831 0.0144544 16.8369 
0.00691831 0.017378 16.8368 
0.00691831 0.020893 16.8366 
0.00691831 0.0251189 16.8364 
0.00691831 0.0301995 16.8361 
0.00691831 0.0363078 16.8356 
0.00691831 0.0436516 16.835 
0.00691831 0.0524807 16.834 
0.00691831 0.0630957 16.8326 
0.00691831 0.0758578 16.8306 
0.00691831 0.0912011 16.8277 
0.00691831 0.109648 16.8235 
0.00691831 0.131826 16.8175 
0.00691831 0.158489 16.8087 
0.00691831 0.190546 16.7961 
0.00691831 0.229087 16.7779 
0.00691831 0.275423 16.7517 
0.00691831 0.331131 16.714 
0.00691831 0.398107 16.6598 
0.00691831 0.47863 16.5823 
0.00691831 0.57544 16.4719 
0.00691831 0.691831 16.3156 
0.00691831 0.831764 16.0963 
0.00691831 1 15.7926 
0.00691831 1.20226 15.3799 
0.00691831 1.44544 14.8338 
0.00691831 1.7378 14.1378 
0.00691831 2.0893 13.2966 
0.00691831 2.51189 12.3522 
0.00691831 3.01995 11.3954 
0.00691831 3.63078 10.5557 
0.00691831 4.36516 9.95807 
0.00691831 5.24807 9.65926 
0.00691831 6.30957 9.61031 
0.00691831 7.58578 9.6876 
0.00691831 9.12011 9.77455 
0.00691831 10.9648 9.82136 
0.00691831 13.1826 9.83574 
0.00691831 15.8489 9.8381 
0.00691831 19.0546 9.83823 
0.00691831 22.9087 9.83822 
0.00691831 27.5423 9.83822 
0.00691831 33.1131 9.83822 
0.00691831 39.8107 9.83822 
0.00691831 47.863 9.83822 
0.00691831 57.544 9.83822 
0.00691831 69.1831 9.83822 
0.00691831 83.1764 9.83822 
0.00831764 0.01 16.837 
0.00831764 0.0120226 16.8369 
0.00831764 0.0144544 16.8369 
0.00831764 0.017378 16.8367 
0.00831764 0.020893 16.8365 
0.00831764 0.0251189 16.8363 
0.00831764 0.0301995 16.8359 
0.00831764 0.0363078 16.8353 
0.00831764 0.0436516 16.8345 
0.00831764 0.0524807 16.8334 
0.00831764 0.0630957 16.8317 
0.00831764 0.0758578 16.8293 
0.00831764 0.0912011 16.8258 
0.00831764 0.109648 16.8208 
0.00831764 0.131826 16.8135 
0.00831764 0.158489 16.803 
0.00831764 0.190546 16.7878 
0.00831764 0.229087 16.7659 
0.00831764 0.275423 16.7345 
0.00831764 0.331131 16.6892 
0.00831764 0.398107 16.6242 
0.00831764 0.47863 16.5313 
0.00831764 0.57544 16.3991 
0.00831764 0.691831 16.2123 
0.00831764 0.831764 15.9509 
0.00831764 1 15.5904 
0.00831764 1.20226 15.1031 
0.00831764 1.44544 14.4638 
0.00831764 1.7378 13.6589 
0.00831764 2.0893 12.7041 
0.00831764 2.51189 11.6624 
0.00831764 3.01995 10.6546 
0.00831764 3.63078 9.83956 
0.00831764 4.36516 9.35295 
0.00831764 5.24807 9.22908 
0.00831764 6.30957 9.36794 
0.00831764 7.58578 9.59386 
0.00831764 9.12011 9.76724 
0.00831764 10.9648 9.84965 
0.00831764 13.1826 9.87382 
0.00831764 15.8489 9.87785 
0.00831764 19.0546 9.87816 
0.00831764 22.9087 9.87816 
0.00831764 27.5423 9.87816 
0.00831764 33.1131 9.87816 
0.00831764 39.8107 9.87816 
0.00831764 47.863 9.87816 
0.00831764 57.544 9.87816 
0.00831764 69.1831 9.87816 
0.00831764 83.1764 9.87816 
0.01 0.01 16.837 
0.01 0.0120226 16.8369 
0.01 0.0144544 16.8368 
0.01 0.017378 16.8366 
0.01 0.020893 16.8364 
0.01 0.0251189 16.8361 
0.01 0.0301995 16.8356 
0.01 0.0363078 16.835 
0.01 0.0436516 16.834 
0.01 0.0524807 16.8326 
0.01 0.0630957 16.8306 
0.01 0.0758578 16.8277 
0.01 0.0912011 16.8235 
0.01 0.109648 16.8175 
0.01 0.131826 16.8087 
0.01 0.158489 16.7961 
0.01 0.190546 16.7779 
0.01 0.229087 16.7516 
0.01 0.275423 16.7138 
0.01 0.331131 16.6594 
0.01 0.398107 16.5815 
0.01 0.47863 16.4702 
0.01 0.57544 16.312 
0.01 0.691831 16.089 
0.01 0.831764 15.7781 
0.01 1 15.3511 
0.01 1.20226 14.7782 
0.01 1.44544 14.0341 
0.01 1.7378 13.1121 
0.01 2.0893 12.0441 
0.01 2.51189 10.9234 
0.01 3.01995 9.91003 
0.01 3.63078 9.19729 
0.01 4.36516 8.92664 
0.01 5.24807 9.09288 
0.01 6.30957 9.52198 
0.01 7.58578 9.96891 
0.01 9.12011 10.2679 
0.01 10.9648 10.4014 
0.01 13.1826 10.4396 
0.01 15.8489 10.446 
0.01 19.0546 10.4466 
0.01 22.9087 10.4466 
0.01 27.5423 10.4466 
0.01 33.1131 10.4466 
0.01 39.8107 10.4466 
0.01 47.863 10.4466 
0.01 57.544 10.4466 
0.01 69.1831 10.4466 
0.01 83.1764 10.4466 
0.0120226 0.01 16.8369 
0.0120226 0.0120226 16.8369 
0.0120226 0.0144544 16.8367 
0.0120226 0.017378 16.8365 
0.0120226 0.020893 16.8363 
0.0120226 0.0251189 16.8359 
0.0120226 0.0301995 16.8353 
0.0120226 0.0363078 16.8345 
0.0120226 0.0436516 16.8334 
0.0120226 0.0524807 16.8317 
0.0120226 0.0630957 16.8293 
0.0120226 0.0758578 16.8258 
0.0120226 0.0912011 16.8208 
0.0120226 0.109648 16.8135 
0.0120226 0.131826 16.803 
0.0120226 0.158489 16.7878 
0.0120226 0.190546 16.7659 
0.0120226 0.229087 16.7343 
0.0120226 0.275423 16.6889 
0.0120226 0.331131 16.6237 
0.0120226 0.398107 16.5303 
0.0120226 0.47863 16.397 
0.0120226 0.57544 16.208 
0.0120226 0.691831 15.9423 
0.0120226 0.831764 15.5731 
0.0120226 1 15.0692 
0.0120226 1.20226 14.3988 
0.0120226 1.44544 13.5394 
0.0120226 1.7378 12.4955 
0.0120226 2.0893 11.3245 
0.0120226 2.51189 10.1608 
0.0120226 3.01995 9.2157 
0.0120226 3.63078 8.72139 
0.0120226 4.36516 8.81572 
0.0120226 5.24807 9.42987 
0.0120226 6.30957 10.2862 
0.0120226 7.58578 11.0495 
0.0120226 9.12011 11.5255 
0.0120226 10.9648 11.7303 
0.0120226 13.1826 11.788 
0.0120226 15.8489 11.7978 
0.0120226 19.0546 11.7988 
0.0120226 22.9087 11.7988 
0.0120226 27.5423 11.7988 
0.0120226 33.1131 11.7988 
0.0120226 39.8107 11.7988 
0.0120226 47.863 11.7988 
0.0120226 57.544 11.7988 
0.0120226 69.1831 11.7988 
0.0120226 83.1764 11.7988 
0.0144544 0.01 16.8369 
0.0144544 0.0120226 16.8368 
0.0144544 0.0144544 16.8366 
0.0144544 0.017378 16.8364 
0.0144544 0.020893 16.8361 
0.0144544 0.0251189 16.8356 
0.0144544 0.0301995 16.835 
0.0144544 0.0363078 16.834 
0.0144544 0.0436516 16.8326 
0.0144544 0.0524807 16.8306 
0.0144544 0.0630957 16.8277 
0.0144544 0.0758578 16.8235 
0.0144544 0.0912011 16.8175 
0.0144544 0.109648 16.8087 
0.0144544 0.131826 16.7961 
0.0144544 0.158489 16.7778 
0.0144544 0.190546 16.7515 
0.0144544 0.229087 16.7136 
0.0144544 0.275423 16.6591 
0.0144544 0.331131 16.5809 
0.0144544 0.398107 16.469 
0.0144544 0.47863 16.3095 
0.0144544 0.57544 16.084 
0.0144544 0.691831 15.7678 
0.0144544 0.831764 15.3307 
0.0144544 1 14.7383 
0.0144544 1.20226 13.9588 
0.0144544 1.44544 12.9756 
0.0144544 1.7378 11.8121 
0.0144544 2.0893 10.5624 
0.0144544 2.51189 9.41779 
0.0144544 3.01995 8.65385 
0.0144544 3.63078 8.5443 
0.0144544 4.36516 9.20738 
0.0144544 5.24807 10.4779 
0.0144544 6.30957 11.9379 
0.0144544 7.58578 13.1389 
0.0144544 9.12011 13.8568 
0.0144544 10.9648 14.1586 
0.0144544 13.1826 14.2427 
0.0144544 15.8489 14.2572 
0.0144544 19.0546 14.2587 
0.0144544 22.9087 14.2587 
0.0144544 27.5423 14.2587 
0.0144544 33.1131 14.2587 
0.0144544 39.8107 14.2587 
0.0144544 47.863 14.2587 
0.0144544 57.544 14.2587 
0.0144544 69.1831 14.2587 
0.0144544 83.1764 14.2587 
0.017378 0.01 16.8369 
0.017378 0.0120226 16.8367 
0.017378 0.0144544 16.8365 
0.017378 0.017378 16.8363 
0.017378 0.020893 16.8359 
0.017378 0.0251189 16.8353 
0.017378 0.0301995 16.8345 
0.017378 0.0363078 16.8334 
0.017378 0.0436516 16.8317 
0.017378 0.0524807 16.8293 
0.017378 0.0630957 16.8258 
0.017378 0.0758578 16.8208 
0.017378 0.0912011 16.8135 
0.017378 0.109648 16.803 
0.017378 0.131826 16.7878 
0.017378 0.158489 16.7659 
0.017378 0.190546 16.7343 
0.017378 0.229087 16.6888 
0.017378 0.275423 16.6234 
0.017378 0.331131 16.5296 
0.017378 0.398107 16.3956 
0.017378 0.47863 16.2051 
0.017378 0.57544 15.9362 
0.017378 0.691831 15.5609 
0.017378 0.831764 15.045 
0.017378 1 14.3522 
0.017378 1.20226 13.4526 
0.017378 1.44544 12.3418 
0.017378 1.7378 11.0717 
0.017378 2.0893 9.78953 
0.017378 2.51189 8.76209 
0.017378 3.01995 8.34376 
0.017378 3.63078 8.84786 
0.017378 4.36516 10.3477 
0.017378 5.24807 12.539 
0.017378 6.30957 14.8212 
0.017378 7.58578 16.6076 
0.017378 9.12011 17.6461 
0.017378 10.9648 18.0761 
0.017378 13.1826 18.1953 
0.017378 15.8489 18.216 
0.017378 19.0546 18.2181 
0.017378 22.9087 18.2183 
0.017378 27.5423 18.2183 
0.017378 33.1131 18.2183 
0.017378 39.8107 18.2183 
0.017378 47.863 18.2183 
0.017378 57.544 18.2183 
0.017378 69.1831 18.2183 
0.017378 83.1764 18.2183 
0.020893 0.01 16.8368 
0.020893 0.0120226 16.8366 
0.020893 0.0144544 16.8364 
0.020893 0.017378 16.8361 
0.020893 0.020893 16.8356 
0.020893 0.0251189 16.835 
0.020893 0.0301995 16.834 
0.020893 0.0363078 16.8326 
0.020893 0.0436516 16.8306 
0.020893 0.0524807 16.8277 
0.020893 0.0630957 16.8235 
0.020893 0.0758578 16.8175 
0.020893 0.0912011 16.8087 
0.020893 0.109648 16.7961 
0.020893 0.131826 16.7778 
0.020893 0.158489 16.7515 
0.020893 0.190546 16.7135 
0.020893 0.229087 16.6589 
0.020893 0.275423 16.5805 
0.020893 0.331131 16.4681 
0.020893 0.398107 16.3078 
0.020893 0.47863 16.0804 
0.020893 0.57544 15.7606 
0.020893 0.691831 15.3162 
0.020893 0.831764 14.71 
0.020893 1 13.9047 
0.020893 1.20226 12.8767 
0.020893 1.44544 11.6417 
0.020893 1.7378 10.295 
0.020893 2.0893 9.0574 
0.020893 2.51189 8.29399 
0.020893 3.01995 8.45102 
0.020893 3.63078 9.87134 
0.020893 4.36516 12.5457 
0.020893 5.24807 15.9784 
0.020893 6.30957 19.3404 
0.020893 7.58578 21.8837 
0.020893 9.12011 23.3338 
0.020893 10.9648 23.9282 
0.020893 13.1826 24.0925 
0.020893 15.8489 24.1212 
0.020893 19.0546 24.1242 
0.020893 22.9087 24.1245 
0.020893 27.5423 24.1245 
0.020893 33.1131 24.1245 
0.020893 39.8107 24.1245 
0.020893 47.863 24.1245 
0.020893 57.544 24.1245 
0.020893 69.1831 24.1245 
0.020893 83.1764 24.1245 
0.0251189 0.01 16.8367 
0.0251189 0.0120226 16.8365 
0.0251189 0.0144544 16.8363 
0.0251189 0.017378 16.8359 
0.0251189 0.020893 16.8353 
0.0251189 0.0251189 16.8345 
0.0251189 0.0301995 16.8334 
0.0251189 0.0363078 16.8317 
0.0251189 0.0436516 16.8293 
0.0251189 0.0524807 16.8258 
0.0251189 0.0630957 16.8208 
0.0251189 0.0758578 16.8135 
0.0251189 0.0912011 16.803 
0.0251189 0.109648 16.7878 
0.0251189 0.131826 16.7658 
0.0251189 0.158489 16.7342 
0.0251189 0.190546 16.6887 
0.0251189 0.229087 16.6231 
0.0251189 0.275423 16.5291 
0.0251189 0.331131 16.3946 
0.0251189 0.398107 16.203 
0.0251189 0.47863 15.932 
0.0251189 0.57544 15.5523 
0.0251189 0.691831 15.0281 
0.0251189 0.831764 14.3192 
0.0251189 1 13.3905 
0.0251189 1.20226 12.2305 
0.0251189 1.44544 10.8871 
0.0251189 1.7378 9.51842 
0.0251189 2.0893 8.44509 
0.0251189 2.51189 8.15553 
0.0251189 3.01995 9.19592 
0.0251189 3.63078 11.9154 
0.0251189 4.36516 16.1701 
0.0251189 5.24807 21.2127 
0.0251189 6.30957 25.9409 
0.0251189 7.58578 29.4288 
0.0251189 9.12011 31.3896 
0.0251189 10.9648 32.188 
0.0251189 13.1826 32.4087 
0.0251189 15.8489 32.4474 
0.0251189 19.0546 32.4516 
0.0251189 22.9087 32.4519 
0.0251189 27.5423 32.452 
0.0251189 33.1131 32.452 
0.0251189 39.8107 32.452 
0.0251189 47.863 32.452 
0.0251189 57.544 32.452 
0.0251189 69.1831 32.452 
0.0251189 83.1764 32.452 
0.0301995 0.01 16.8366 
0.0301995 0.0120226 16.8364 
0.0301995 0.0144544 16.8361 
0.0301995 0.017378 16.8356 
0.0301995 0.020893 16.835 
0.0301995 0.0251189 16.834 
0.0301995 0.0301995 16.8326 
0.0301995 0.0363078 16.8306 
0.0301995 0.0436516 16.8277 
0.0301995 0.0524807 16.8235 
0.0301995 0.0630957 16.8175 
0.0301995 0.0758578 16.8087 
0.0301995 0.0912011 16.796 
0.0301995 0.109648 16.7778 
0.0301995 0.131826 16.7514 
0.0301995 0.158489 16.7135 
0.0301995 0.190546 16.6588 
0.0301995 0.229087 16.5802 
0.0301995 0.275423 16.4675 
0.0301995 0.331131 16.3066 
0.0301995 0.398107 16.0779 
0.0301995 0.47863 15.7555 
0.0301995 0.57544 15.3061 
0.0301995 0.691831 14.6901 
0.0301995 0.831764 13.8664 
0.0301995 1 12.806 
0.0301995 1.20226 11.5188 
0.0301995 1.44544 10.1012 
0.0301995 1.7378 8.80021 
0.0301995 2.0893 8.06763 
0.0301995 2.51189 8.53934 
0.0301995 3.01995 10.8584 
0.0301995 3.63078 15.3385 
0.0301995 4.36516 21.6342 
0.0301995 5.24807 28.6841 
0.0301995 6.30957 35.0762 
0.0301995 7.58578 39.699 
0.0301995 9.12011 42.2707 
0.0301995 10.9648 43.3136 
0.0301995 13.1826 43.6021 
0.0301995 15.8489 43.6531 
0.0301995 19.0546 43.6587 
0.0301995 22.9087 43.6592 
0.0301995 27.5423 43.6592 
0.0301995 33.1131 43.6592 
0.0301995 39.8107 43.6592 
0.0301995 47.863 43.6592 
0.0301995 57.544 43.6592 
0.0301995 69.1831 43.6592 
0.0301995 83.1764 43.6592 
0.0363078 0.01 16.8365 
0.0363078 0.0120226 16.8363 
0.0363078 0.0144544 16.8359 
0.0363078 0.017378 16.8353 
0.0363078 0.020893 16.8345 
0.0363078 0.0251189 16.8334 
0.0363078 0.0301995 16.8317 
0.0363078 0.0363078 16.8293 
0.0363078 0.0436516 16.8258 
0.0363078 0.0524807 16.8208 
0.0363078 0.0630957 16.8135 
0.0363078 0.0758578 16.8029 
0.0363078 0.0912011 16.7877 
0.0363078 0.109648 16.7658 
0.0363078 0.131826 16.7342 
0.0363078 0.158489 16.6886 
0.0363078 0.190546 16.623 
0.0363078 0.229087 16.5288 
0.0363078 0.275423 16.3939 
0.0363078 0.331131 16.2015 
0.0363078 0.398107 15.929 
0.0363078 0.47863 15.5463 
0.0363078 0.57544 15.0161 
0.0363078 0.691831 14.2959 
0.0363078 0.831764 13.3465 
0.0363078 1 12.1512 
0.0363078 1.20226 10.7545 
0.0363078 1.44544 9.32418 
0.0363078 1.7378 8.22839 
0.0363078 2.0893 8.08508 
0.0363078 2.51189 9.6952 
0.0363078 3.01995 13.7765 
0.0363078 3.63078 20.5427 
0.0363078 4.36516 29.3686 
0.0363078 5.24807 38.8223 
0.0363078 6.30957 47.1605 
0.0363078 7.58578 53.0935 
0.0363078 9.12011 56.3675 
0.0363078 10.9648 57.6922 
0.0363078 13.1826 58.0596 
0.0363078 15.8489 58.125 
0.0363078 19.0546 58.1324 
0.0363078 22.9087 58.133 
0.0363078 27.5423 58.133 
0.0363078 33.1131 58.133 
0.0363078 39.8107 58.133 
0.0363078 47.863 58.133 
0.0363078 57.544 58.133 
0.0363078 69.1831 58.133 
0.0363078 83.1764 58.133 
0.0436516 0.01 16.8364 
0.0436516 0.0120226 16.8361 
0.0436516 0.0144544 16.8356 
0.0436516 0.017378 16.835 
0.0436516 0.020893 16.834 
0.0436516 0.0251189 16.8326 
0.0436516 0.0301995 16.8306 
0.0436516 0.0363078 16.8277 
0.0436516 0.0436516 16.8235 
0.0436516 0.0524807 16.8175 
0.0436516 0.0630957 16.8087 
0.0436516 0.0758578 16.796 
0.0436516 0.0912011 16.7778 
0.0436516 0.109648 16.7514 
0.0436516 0.131826 16.7134 
0.0436516 0.158489 16.6587 
0.0436516 0.190546 16.58 
0.0436516 0.229087 16.4671 
0.0436516 0.275423 16.3058 
0.0436516 0.331131 16.0762 
0.0436516 0.398107 15.752 
0.0436516 0.47863 15.2991 
0.0436516 0.57544 14.6761 
0.0436516 0.691831 13.8395 
0.0436516 0.831764 12.756 
0.0436516 1 11.4313 
0.0436516 1.20226 9.96286 
0.0436516 1.44544 8.6194 
0.0436516 1.7378 7.92933 
0.0436516 2.0893 8.71062 
0.0436516 2.51189 11.9315 
0.0436516 3.01995 18.3346 
0.0436516 3.63078 27.9463 
0.0436516 4.36516 39.7809 
0.0436516 5.24807 51.9957 
0.0436516 6.30957 62.5166 
0.0436516 7.58578 69.8991 
0.0436516 9.12011 73.9465 
0.0436516 10.9648 75.5827 
0.0436516 13.1826 76.0381 
0.0436516 15.8489 76.1199 
0.0436516 19.0546 76.1293 
0.0436516 22.9087 76.1301 
0.0436516 27.5423 76.1301 
0.0436516 33.1131 76.1301 
0.0436516 39.8107 76.1301 
0.0436516 47.863 76.1301 
0.0436516 57.544 76.1301 
0.0436516 69.1831 76.1301 
0.0436516 83.1764 76.1301 
0.0524807 0.01 16.8363 
0.0524807 0.0120226 16.8359 
0.0524807 0.0144544 16.8353 
0.0524807 0.017378 16.8345 
0.0524807 0.020893 16.8334 
0.0524807 0.0251189 16.8317 
0.0524807 0.0301995 16.8293 
0.0524807 0.0363078 16.8258 
0.0524807 0.0436516 16.8208 
0.0524807 0.0524807 16.8135 
0.0524807 0.0630957 16.8029 
0.0524807 0.0758578 16.7877 
0.0524807 0.0912011 16.7658 
0.0524807 0.109648 16.7341 
0.0524807 0.131826 16.6885 
0.0524807 0.158489 16.6229 
0.0524807 0.190546 16.5285 
0.0524807 0.229087 16.3934 
0.0524807 0.275423 16.2005 
0.0524807 0.331131 15.927 
0.0524807 0.398107 15.5422 
0.0524807 0.47863 15.0078 
0.0524807 0.57544 14.2797 
0.0524807 0.691831 13.3155 
0.0524807 0.831764 12.095 
0.0524807 1 10.6604 
0.0524807 1.20226 9.18672 
0.0524807 1.44544 8.08163 
0.0524807 1.7378 8.07672 
0.0524807 2.0893 10.2153 
0.0524807 2.51189 15.6084 
0.0524807 3.01995 24.9402 
0.0524807 3.63078 37.946 
0.0524807 4.36516 53.2101 
0.0524807 5.24807 68.4639 
0.0524807 6.30957 81.3271 
0.0524807 7.58578 90.2412 
0.0524807 9.12011 95.1017 
0.0524807 10.9648 97.0667 
0.0524807 13.1826 97.6161 
0.0524807 15.8489 97.7157 
0.0524807 19.0546 97.7274 
0.0524807 22.9087 97.7284 
0.0524807 27.5423 97.7285 
0.0524807 33.1131 97.7285 
0.0524807 39.8107 97.7285 
0.0524807 47.863 97.7285 
0.0524807 57.544 97.7285 
0.0524807 69.1831 97.7285 
0.0524807 83.1764 97.7285 
0.0630957 0.01 16.8361 
0.0630957 0.0120226 16.8356 
0.0630957 0.0144544 16.835 
0.0630957 0.017378 16.834 
0.0630957 0.020893 16.8326 
0.0630957 0.0251189 16.8306 
0.0630957 0.0301995 16.8277 
0.0630957 0.0363078 16.8235 
0.0630957 0.0436516 16.8175 
0.0630957 0.0524807 16.8087 
0.0630957 0.0630957 16.796 
0.0630957 0.0758578 16.7778 
0.0630957 0.0912011 16.7514 
0.0630957 0.109648 16.7134 
0.0630957 0.131826 16.6586 
0.0630957 0.158489 16.5799 
0.0630957 0.190546 16.4669 
0.0630957 0.229087 16.3052 
0.0630957 0.275423 16.075 
0.0630957 0.331131 15.7496 
0.0630957 0.398107 15.2942 
0.0630957 0.47863 14.6664 
0.0630957 0.57544 13.8206 
0.0630957 0.691831 12.7208 
0.0630957 0.831764 11.3695 
0.0630957 1 9.86505 
0.0630957 1.20226 8.49334 
0.0630957 1.44544 7.84572 
0.0630957 1.7378 8.89871 
0.0630957 2.0893 12.926 
0.0630957 2.51189 21.1192 
0.0630957 3.01995 33.9885 
0.0630957 3.63078 50.8733 
0.0630957 4.36516 69.8834 
0.0630957 5.24807 88.3378 
0.0630957 6.30957 103.599 
0.0630957 7.58578 114.053 
0.0630957 9.12011 119.725 
0.0630957 10.9648 122.02 
0.0630957 13.1826 122.664 
0.0630957 15.8489 122.783 
0.0630957 19.0546 122.797 
0.0630957 22.9087 122.798 
0.0630957 27.5423 122.798 
0.0630957 33.1131 122.798 
0.0630957 39.8107 122.798 
0.0630957 47.863 122.798 
0.0630957 57.544 122.798 
0.0630957 69.1831 122.798 
0.0630957 83.1764 122.798 
0.0758578 0.01 16.8359 
0.0758578 0.0120226 16.8353 
0.0758578 0.0144544 16.8345 
0.0758578 0.017378 16.8334 
0.0758578 0.020893 16.8317 
0.0758578 0.0251189 16.8293 
0.0758578 0.0301995 16.8258 
0.0758578 0.0363078 16.8208 
0.0758578 0.0436516 16.8135 
0.0758578 0.0524807 16.8029 
0.0758578 0.0630957 16.7877 
0.0758578 0.0758578 16.7658 
0.0758578 0.0912011 16.7341 
0.0758578 0.109648 16.6885 
0.0758578 0.131826 16.6228 
0.0758578 0.158489 16.5284 
0.0758578 0.190546 16.393 
0.0758578 0.229087 16.1998 
0.0758578 0.275423 15.9255 
0.0758578 0.331131 15.5393 
0.0758578 0.398107 15.0021 
0.0758578 0.47863 14.2683 
0.0758578 0.57544 13.2938 
0.0758578 0.691831 12.0556 
0.0758578 0.831764 10.5941 
0.0758578 1 9.09019 
0.0758578 1.20226 7.98242 
0.0758578 1.44544 8.09527 
0.0758578 1.7378 10.681 
0.0758578 2.0893 17.2142 
0.0758578 2.51189 28.8605 
0.0758578 3.01995 45.8216 
0.0758578 3.63078 66.9552 
0.0758578 4.36516 89.8843 
0.0758578 5.24807 111.557 
0.0758578 6.30957 129.151 
0.0758578 7.58578 141.067 
0.0758578 9.12011 147.501 
0.0758578 10.9648 150.107 
0.0758578 13.1826 150.843 
0.0758578 15.8489 150.98 
0.0758578 19.0546 150.997 
0.0758578 22.9087 150.998 
0.0758578 27.5423 150.998 
0.0758578 33.1131 150.998 
0.0758578 39.8107 150.998 
0.0758578 47.863 150.998 
0.0758578 57.544 150.998 
0.0758578 69.1831 150.998 
0.0758578 83.1764 150.998 
0.0912011 0.01 16.8356 
0.0912011 0.0120226 16.835 
0.0912011 0.0144544 16.834 
0.0912011 0.017378 16.8326 
0.0912011 0.020893 16.8306 
0.0912011 0.0251189 16.8277 
0.0912011 0.0301995 16.8235 
0.0912011 0.0363078 16.8174 
0.0912011 0.0436516 16.8087 
0.0912011 0.0524807 16.796 
0.0912011 0.0630957 16.7778 
0.0912011 0.0758578 16.7514 
0.0912011 0.0912011 16.7134 
0.0912011 0.109648 16.6586 
0.0912011 0.131826 16.5798 
0.0912011 0.158489 16.4667 
0.0912011 0.190546 16.3048 
0.0912011 0.229087 16.0742 
0.0912011 0.275423 15.7479 
0.0912011 0.331131 15.2908 
0.0912011 0.398107 14.6596 
0.0912011 0.47863 13.8075 
0.0912011 0.57544 12.6962 
0.0912011 0.691831 11.3262 
0.0912011 0.831764 9.79638 
0.0912011 1 8.40581 
0.0912011 1.20226 7.79498 
0.0912011 1.44544 9.06909 
0.0912011 1.7378 13.7621 
0.0912011 2.0893 23.4726 
0.0912011 2.51189 39.1944 
0.0912011 3.01995 60.6904 
0.0912011 3.63078 86.2858 
0.0912011 4.36516 113.137 
0.0912011 5.24807 137.886 
0.0912011 6.30957 157.616 
0.0912011 7.58578 170.828 
0.0912011 9.12011 177.927 
0.0912011 10.9648 180.804 
0.0912011 13.1826 181.623 
0.0912011 15.8489 181.777 
0.0912011 19.0546 181.797 
0.0912011 22.9087 181.799 
0.0912011 27.5423 181.799 
0.0912011 33.1131 181.799 
0.0912011 39.8107 181.799 
0.0912011 47.863 181.799 
0.0912011 57.544 181.799 
0.0912011 69.1831 181.799 
0.0912011 83.1764 181.799 
0.109648 0.01 16.8353 
0.109648 0.0120226 16.8345 
0.109648 0.0144544 16.8334 
0.109648 0.017378 16.8317 
0.109648 0.020893 16.8293 
0.109648 0.0251189 16.8258 
0.109648 0.0301995 16.8208 
0.109648 0.0363078 16.8135 
0.109648 0.0436516 16.8029 
0.109648 0.0524807 16.7877 
0.109648 0.0630957 16.7658 
0.109648 0.0758578 16.7341 
0.109648 0.0912011 16.6885 
0.109648 0.109648 16.6227 
0.109648 0.131826 16.5283 
0.109648 0.158489 16.3928 
0.109648 0.190546 16.1994 
0.109648 0.229087 15.9246 
0.109648 0.275423 15.5373 
0.109648 0.331131 14.998 
0.109648 0.398107 14.2604 
0.109648 0.47863 13.2787 
0.109648 0.57544 12.0281 
0.109648 0.691831 10.5477 
0.109648 0.831764 9.02275 
0.109648 1 7.91521 
0.109648 1.20226 8.12172 
0.109648 1.44544 11.0628 
0.109648 1.7378 18.5187 
0.109648 2.0893 32.0817 
0.109648 2.51189 52.4092 
0.109648 3.01995 78.7257 
0.109648 3.63078 108.813 
0.109648 4.36516 139.406 
0.109648 5.24807 166.923 
0.109648 6.30957 188.467 
0.109648 7.58578 202.725 
0.109648 9.12011 210.348 
0.109648 10.9648 213.44 
0.109648 13.1826 214.326 
0.109648 15.8489 214.495 
0.109648 19.0546 214.517 
0.109648 22.9087 214.519 
0.109648 27.5423 214.52 
0.109648 33.1131 214.52 
0.109648 39.8107 214.52 
0.109648 47.863 214.52 
0.109648 57.544 214.52 
0.109648 69.1831 214.52 
0.109648 83.1764 214.52 
0.131826 0.01 16.835 
0.131826 0.0120226 16.834 
0.131826 0.0144544 16.8326 
0.131826 0.017378 16.8306 
0.131826 0.020893 16.8277 
0.131826 0.0251189 16.8235 
0.131826 0.0301995 16.8174 
0.131826 0.0363078 16.8087 
0.131826 0.0436516 16.796 
0.131826 0.0524807 16.7778 
0.131826 0.0630957 16.7514 
0.131826 0.0758578 16.7134 
0.131826 0.0912011 16.6586 
0.131826 0.109648 16.5797 
0.131826 0.131826 16.4665 
0.131826 0.158489 16.3045 
0.131826 0.190546 16.0736 
0.131826 0.229087 15.7467 
0.131826 0.275423 15.2884 
0.131826 0.331131 14.6549 
0.131826 0.398107 13.7983 
0.131826 0.47863 12.679 
0.131826 0.57544 11.296 
0.131826 0.691831 9.7484 
0.131826 0.831764 8.34518 
0.131826 1 7.76379 
0.131826 1.20226 9.20892 
0.131826 1.44544 14.4222 
0.131826 1.7378 25.3387 
0.131826 2.0893 43.371 
0.131826 2.51189 68.6887 
0.131826 3.01995 99.9253 
0.131826 3.63078 134.34 
0.131826 4.36516 168.304 
0.131826 5.24807 198.125 
0.131826 6.30957 221.047 
0.131826 7.58578 236.037 
0.131826 9.12011 244.008 
0.131826 10.9648 247.244 
0.131826 13.1826 248.177 
0.131826 15.8489 248.358 
0.131826 19.0546 248.382 
0.131826 22.9087 248.385 
0.131826 27.5423 248.385 
0.131826 33.1131 248.385 
0.131826 39.8107 248.385 
0.131826 47.863 248.385 
0.131826 57.544 248.385 
0.131826 69.1831 248.385 
0.131826 83.1764 248.385 
0.158489 0.01 16.8345 
0.158489 0.0120226 16.8334 
0.158489 0.0144544 16.8317 
0.158489 0.017378 16.8293 
0.158489 0.020893 16.8258 
0.158489 0.0251189 16.8208 
0.158489 0.0301995 16.8135 
0.158489 0.0363078 16.8029 
0.158489 0.0436516 16.7877 
0.158489 0.0524807 16.7658 
0.158489 0.0630957 16.7341 
0.158489 0.0758578 16.6884 
0.158489 0.0912011 16.6227 
0.158489 0.109648 16.5282 
0.158489 0.131826 16.3927 
0.158489 0.158489 16.199 
0.158489 0.190546 15.9239 
0.158489 0.229087 15.5359 
0.158489 0.275423 14.9953 
0.158489 0.331131 14.2549 
0.158489 0.398107 13.2682 
0.158489 0.47863 12.0089 
0.158489 0.57544 10.5153 
0.158489 0.691831 8.97579 
0.158489 0.831764 7.86951 
0.158489 1 8.14728 
0.158489 1.20226 11.3589 
0.158489 1.44544 19.5257 
0.158489 1.7378 34.5864 
0.158489 2.0893 57.5845 
0.158489 2.51189 88.0948 
0.158489 3.01995 124.151 
0.158489 3.63078 162.525 
0.158489 4.36516 199.311 
0.158489 5.24807 230.836 
0.158489 6.30957 254.62 
0.158489 7.58578 269.986 
0.158489 9.12011 278.11 
0.158489 10.9648 281.409 
0.158489 13.1826 282.366 
0.158489 15.8489 282.555 
0.158489 19.0546 282.581 
0.158489 22.9087 282.584 
0.158489 27.5423 282.584 
0.158489 33.1131 282.584 
0.158489 39.8107 282.584 
0.158489 47.863 282.584 
0.158489 57.544 282.584 
0.158489 69.1831 282.584 
0.158489 83.1764 282.584 
0.190546 0.01 16.834 
0.190546 0.0120226 16.8326 
0.190546 0.0144544 16.8306 
0.190546 0.017378 16.8277 
0.190546 0.020893 16.8235 
0.190546 0.0251189 16.8174 
0.190546 0.0301995 16.8087 
0.190546 0.0363078 16.796 
0.190546 0.0436516 16.7778 
0.190546 0.0524807 16.7514 
0.190546 0.0630957 16.7133 
0.190546 0.0758578 16.6585 
0.190546 0.0912011 16.5797 
0.190546 0.109648 16.4664 
0.190546 0.131826 16.3043 
0.190546 0.158489 16.0732 
0.190546 0.190546 15.7459 
0.190546 0.229087 15.2867 
0.190546 0.275423 14.6516 
0.190546 0.331131 13.7919 
0.190546 0.398107 12.6671 
0.190546 0.47863 11.2749 
0.190546 0.57544 9.71497 
0.190546 0.691831 8.30322 
0.190546 0.831764 7.74426 
0.190546 1 9.31716 
0.190546 1.20226 14.9219 
0.190546 1.44544 26.7558 
0.190546 1.7378 46.5647 
0.190546 2.0893 74.8572 
0.190546 2.51189 110.563 
0.190546 3.01995 151.134 
0.190546 3.63078 192.903 
0.190546 4.36516 231.8 
0.190546 5.24807 264.33 
0.190546 6.30957 288.418 
0.190546 7.58578 303.789 
0.190546 9.12011 311.867 
0.190546 10.9648 315.148 
0.190546 13.1826 316.105 
0.190546 15.8489 316.297 
0.190546 19.0546 316.324 
0.190546 22.9087 316.327 
0.190546 27.5423 316.327 
0.190546 33.1131 316.327 
0.190546 39.8107 316.327 
0.190546 47.863 316.327 
0.190546 57.544 316.327 
0.190546 69.1831 316.327 
0.190546 83.1764 316.327 
0.229087 0.01 16.8334 
0.229087 0.0120226 16.8317 
0.229087 0.0144544 16.8293 
0.229087 0.017378 16.8258 
0.229087 0.020893 16.8208 
0.229087 0.0251189 16.8135 
0.229087 0.0301995 16.8029 
0.229087 0.0363078 16.7877 
0.229087 0.0436516 16.7658 
0.229087 0.0524807 16.7341 
0.229087 0.0630957 16.6884 
0.229087 0.0758578 16.6227 
0.229087 0.0912011 16.5281 
0.229087 0.109648 16.3925 
0.229087 0.131826 16.1988 
0.229087 0.158489 15.9234 
0.229087 0.190546 15.535 
0.229087 0.229087 14.9933 
0.229087 0.275423 14.2511 
0.229087 0.331131 13.2609 
0.229087 0.398107 11.9955 
0.229087 0.47863 10.4927 
0.229087 0.57544 8.94316 
0.229087 0.691831 7.83832 
0.229087 0.831764 8.1687 
0.229087 1 11.5803 
0.229087 1.20226 20.2767 
0.229087 1.44544 36.4629 
0.229087 1.7378 61.4842 
0.229087 2.0893 95.205 
0.229087 2.51189 135.905 
0.229087 3.01995 180.477 
0.229087 3.63078 224.892 
0.229087 4.36516 265.069 
0.229087 5.24807 297.86 
0.229087 6.30957 321.695 
0.229087 7.58578 336.719 
0.229087 9.12011 344.566 
0.229087 10.9648 347.751 
0.229087 13.1826 348.685 
0.229087 15.8489 348.874 
0.229087 19.0546 348.901 
0.229087 22.9087 348.905 
0.229087 27.5423 348.905 
0.229087 33.1131 348.905 
0.229087 39.8107 348.905 
0.229087 47.863 348.905 
0.229087 57.544 348.905 
0.229087 69.1831 348.905 
0.229087 83.1764 348.905 
0.275423 0.01 16.8326 
0.275423 0.0120226 16.8306 
0.275423 0.0144544 16.8277 
0.275423 0.017378 16.8235 
0.275423 0.020893 16.8174 
0.275423 0.0251189 16.8087 
0.275423 0.0301995 16.796 
0.275423 0.0363078 16.7778 
0.275423 0.0436516 16.7514 
0.275423 0.0524807 16.7133 
0.275423 0.0630957 16.6585 
0.275423 0.0758578 16.5796 
0.275423 0.0912011 16.4664 
0.275423 0.109648 16.3042 
0.275423 0.131826 16.0729 
0.275423 0.158489 15.7454 
0.275423 0.190546 15.2856 
0.275423 0.229087 14.6494 
0.275423 0.275423 13.7875 
0.275423 0.331131 12.6588 
0.275423 0.398107 11.2602 
0.275423 0.47863 9.69174 
0.275423 0.57544 8.27419 
0.275423 0.691831 7.73181 
0.275423 0.831764 9.3979 
0.275423 1 15.2897 
0.275423 1.20226 27.8007 
0.275423 1.44544 48.9295 
0.275423 1.7378 79.446 
0.275423 2.0893 118.525 
0.275423 2.51189 163.808 
0.275423 3.01995 211.667 
0.275423 3.63078 257.829 
0.275423 4.36516 298.39 
0.275423 5.24807 330.71 
0.275423 6.30957 353.78 
0.275423 7.58578 368.149 
0.275423 9.12011 375.606 
0.275423 10.9648 378.628 
0.275423 13.1826 379.518 
0.275423 15.8489 379.699 
0.275423 19.0546 379.726 
0.275423 22.9087 379.729 
0.275423 27.5423 379.73 
0.275423 33.1131 379.73 
0.275423 39.8107 379.73 
0.275423 47.863 379.73 
0.275423 57.544 379.73 
0.275423 69.1831 379.73 
0.275423 83.1764 379.73 
0.331131 0.01 16.8317 
0.331131 0.0120226 16.8293 
0.331131 0.0144544 16.8258 
0.331131 0.017378 16.8208 
0.331131 0.020893 16.8135 
0.331131 0.0251189 16.8029 
0.331131 0.0301995 16.7877 
0.331131 0.0363078 16.7658 
0.331131 0.0436516 16.7341 
0.331131 0.0524807 16.6884 
0.331131 0.0630957 16.6226 
0.331131 0.0758578 16.5281 
0.331131 0.0912011 16.3925 
0.331131 0.109648 16.1986 
0.331131 0.131826 15.9231 
0.331131 0.158489 15.5343 
0.331131 0.190546 14.992 
0.331131 0.229087 14.2484 
0.331131 0.275423 13.2559 
0.331131 0.331131 11.9863 
0.331131 0.398107 10.4771 
0.331131 0.47863 8.92051 
0.331131 0.57544 7.81696 
0.331131 0.691831 8.1854 
0.331131 0.831764 11.7418 
0.331131 1 20.8238 
0.331131 1.20226 37.8337 
0.331131 1.44544 64.3424 
0.331131 1.7378 100.436 
0.331131 2.0893 144.598 
0.331131 2.51189 193.844 
0.331131 3.01995 244.092 
0.331131 3.63078 291.004 
0.331131 4.36516 331.06 
0.331131 5.24807 362.241 
0.331131 6.30957 384.116 
0.331131 7.58578 397.583 
0.331131 9.12011 404.528 
0.331131 10.9648 407.336 
0.331131 13.1826 408.164 
0.331131 15.8489 408.335 
0.331131 19.0546 408.36 
0.331131 22.9087 408.364 
0.331131 27.5423 408.364 
0.331131 33.1131 408.364 
0.331131 39.8107 408.364 
0.331131 47.863 408.364 
0.331131 57.544 408.364 
0.331131 69.1831 408.364 
0.331131 83.1764 408.364 
0.398107 0.01 16.8306 
0.398107 0.0120226 16.8277 
0.398107 0.0144544 16.8235 
0.398107 0.017378 16.8174 
0.398107 0.020893 16.8087 
0.398107 0.0251189 16.796 
0.398107 0.0301995 16.7778 
0.398107 0.0363078 16.7514 
0.398107 0.0436516 16.7133 
0.398107 0.0524807 16.6585 
0.398107 0.0630957 16.5796 
0.398107 0.0758578 16.4663 
0.398107 0.0912011 16.3041 
0.398107 0.109648 16.0728 
0.398107 0.131826 15.745 
0.398107 0.158489 15.2848 
0.398107 0.190546 14.6478 
0.398107 0.229087 13.7845 
0.398107 0.275423 12.653 
0.398107 0.331131 11.2501 
0.398107 0.398107 9.67561 
0.398107 0.47863 8.2541 
0.398107 0.57544 7.72371 
0.398107 0.691831 9.45668 
0.398107 0.831764 15.5551 
0.398107 1 28.556 
0.398107 1.20226 50.643 
0.398107 1.44544 82.7796 
0.398107 1.7378 124.328 
0.398107 2.0893 173.088 
0.398107 2.51189 225.472 
0.398107 3.01995 277.073 
0.398107 3.63078 323.715 
0.398107 4.36516 362.446 
0.398107 5.24807 391.935 
0.398107 6.30957 412.287 
0.398107 7.58578 424.68 
0.398107 9.12011 431.029 
0.398107 10.9648 433.59 
0.398107 13.1826 434.345 
0.398107 15.8489 434.502 
0.398107 19.0546 434.525 
0.398107 22.9087 434.528 
0.398107 27.5423 434.528 
0.398107 33.1131 434.528 
0.398107 39.8107 434.528 
0.398107 47.863 434.528 
0.398107 57.544 434.528 
0.398107 69.1831 434.528 
0.398107 83.1764 434.528 
0.47863 0.01 16.8293 
0.47863 0.0120226 16.8258 
0.47863 0.0144544 16.8208 
0.47863 0.017378 16.8135 
0.47863 0.020893 16.8029 
0.47863 0.0251189 16.7877 
0.47863 0.0301995 16.7658 
0.47863 0.0363078 16.7341 
0.47863 0.0436516 16.6884 
0.47863 0.0524807 16.6226 
0.47863 0.0630957 16.5281 
0.47863 0.0758578 16.3924 
0.47863 0.0912011 16.1985 
0.47863 0.109648 15.9229 
0.47863 0.131826 15.5338 
0.47863 0.158489 14.9911 
0.47863 0.190546 14.2466 
0.47863 0.229087 13.2523 
0.47863 0.275423 11.9798 
0.47863 0.331131 10.4662 
0.47863 0.398107 8.90482 
0.47863 0.47863 7.80229 
0.47863 0.57544 8.19789 
0.47863 0.691831 11.8577 
0.47863 0.831764 21.2159 
0.47863 1 38.8181 
0.47863 1.20226 66.3988 
0.47863 1.44544 104.208 
0.47863 1.7378 150.884 
0.47863 2.0893 203.543 
0.47863 2.51189 258.062 
0.47863 3.01995 309.911 
0.47863 3.63078 355.316 
0.47863 4.36516 392.033 
0.47863 5.24807 419.412 
0.47863 6.30957 438.025 
0.47863 7.58578 449.245 
0.47863 9.12011 454.957 
0.47863 10.9648 457.252 
0.47863 13.1826 457.929 
0.47863 15.8489 458.069 
0.47863 19.0546 458.09 
0.47863 22.9087 458.093 
0.47863 27.5423 458.093 
0.47863 33.1131 458.093 
0.47863 39.8107 458.093 
0.47863 47.863 458.093 
0.47863 57.544 458.093 
0.47863 69.1831 458.093 
0.47863 83.1764 458.093 
0.57544 0.01 16.8277 
0.57544 0.0120226 16.8235 
0.57544 0.0144544 16.8174 
0.57544 0.017378 16.8087 
0.57544 0.020893 16.796 
0.57544 0.0251189 16.7778 
0.57544 0.0301995 16.7514 
0.57544 0.0363078 16.7133 
0.57544 0.0436516 16.6585 
0.57544 0.0524807 16.5796 
0.57544 0.0630957 16.4663 
0.57544 0.0758578 16.304 
0.57544 0.0912011 16.0726 
0.57544 0.109648 15.7447 
0.57544 0.131826 15.2843 
0.57544 0.158489 14.6467 
0.57544 0.190546 13.7824 
0.57544 0.229087 12.6491 
0.57544 0.275423 11.243 
0.57544 0.331131 9.66443 
0.57544 0.398107 8.24021 
0.57544 0.47863 7.71837 
0.57544 0.57544 9.49879 
0.57544 0.691831 15.7442 
0.57544 0.831764 29.0945 
0.57544 1 51.8665 
0.57544 1.20226 85.1634 
0.57544 1.44544 128.486 
0.57544 1.7378 179.751 
0.57544 2.0893 235.407 
0.57544 2.51189 290.931 
0.57544 3.01995 341.935 
0.57544 3.63078 385.263 
0.57544 4.36516 419.437 
0.57544 5.24807 444.439 
0.57544 6.30957 461.205 
0.57544 7.58578 471.218 
0.57544 9.12011 476.286 
0.57544 10.9648 478.315 
0.57544 13.1826 478.912 
0.57544 15.8489 479.035 
0.57544 19.0546 479.054 
0.57544 22.9087 479.056 
0.57544 27.5423 479.057 
0.57544 33.1131 479.057 
0.57544 39.8107 479.057 
0.57544 47.863 479.057 
0.57544 57.544 479.057 
0.57544 69.1831 479.057 
0.57544 83.1764 479.057 
0.691831 0.01 16.8258 
0.691831 0.0120226 16.8208 
0.691831 0.0144544 16.8135 
0.691831 0.017378 16.8029 
0.691831 0.020893 16.7877 
0.691831 0.0251189 16.7658 
0.691831 0.0301995 16.7341 
0.691831 0.0363078 16.6884 
0.691831 0.0436516 16.6226 
0.691831 0.0524807 16.528 
0.691831 0.0630957 16.3924 
0.691831 0.0758578 16.1985 
0.691831 0.0912011 15.9227 
0.691831 0.109648 15.5335 
0.691831 0.131826 14.9904 
0.691831 0.158489 14.2454 
0.691831 0.190546 13.2499 
0.691831 0.229087 11.9754 
0.691831 0.275423 10.4587 
0.691831 0.331131 8.89394 
0.691831 0.398107 7.79219 
0.691831 0.47863 8.20699 
0.691831 0.57544 11.9399 
0.691831 0.691831 21.494 
0.691831 0.831764 39.5168 
0.691831 1 67.86 
0.691831 1.20226 106.891 
0.691831 1.44544 155.363 
0.691831 1.7378 210.466 
0.691831 2.0893 268.038 
0.691831 2.51189 323.393 
0.691831 3.01995 372.556 
0.691831 3.63078 413.137 
0.691831 4.36516 444.421 
0.691831 5.24807 466.918 
0.691831 6.30957 481.822 
0.691831 7.58578 490.651 
0.691831 9.12011 495.096 
0.691831 10.9648 496.868 
0.691831 13.1826 497.388 
0.691831 15.8489 497.495 
0.691831 19.0546 497.511 
0.691831 22.9087 497.513 
0.691831 27.5423 497.513 
0.691831 33.1131 497.513 
0.691831 39.8107 497.513 
0.691831 47.863 497.513 
0.691831 57.544 497.513 
0.691831 69.1831 497.513 
0.691831 83.1764 497.513 
0.831764 0.01 16.8235 
0.831764 0.0120226 16.8174 
0.831764 0.0144544 16.8087 
0.831764 0.017378 16.796 
0.831764 0.020893 16.7778 
0.831764 0.0251189 16.7514 
0.831764 0.0301995 16.7133 
0.831764 0.0363078 16.6585 
0.831764 0.0436516 16.5796 
0.831764 0.0524807 16.4663 
0.831764 0.0630957 16.304 
0.831764 0.0758578 16.0725 
0.831764 0.0912011 15.7445 
0.831764 0.109648 15.2839 
0.831764 0.131826 14.646 
0.831764 0.158489 13.7809 
0.831764 0.190546 12.6463 
0.831764 0.229087 11.2381 
0.831764 0.275423 9.65668 
0.831764 0.331131 8.2306 
0.831764 0.398107 7.7148 
0.831764 0.47863 9.52862 
0.831764 0.57544 15.8777 
0.831764 0.691831 29.4749 
0.831764 0.831764 52.7316 
0.831764 1 86.8501 
0.831764 1.20226 131.431 
0.831764 1.44544 184.478 
0.831764 1.7378 242.458 
0.831764 2.0893 300.756 
0.831764 2.51189 354.809 
0.831764 3.01995 401.297 
0.831764 3.63078 438.663 
0.831764 4.36516 466.879 
0.831764 5.24807 486.864 
0.831764 6.30957 499.966 
0.831764 7.58578 507.673 
0.831764 9.12011 511.535 
0.831764 10.9648 513.069 
0.831764 13.1826 513.517 
0.831764 15.8489 513.608 
0.831764 19.0546 513.622 
0.831764 22.9087 513.624 
0.831764 27.5423 513.624 
0.831764 33.1131 513.624 
0.831764 39.8107 513.624 
0.831764 47.863 513.624 
0.831764 57.544 513.624 
0.831764 69.1831 513.624 
0.831764 83.1764 513.624 
