-4 -2 46.9065 
-4 -1.92 46.9065 
-4 -1.84 46.9065 
-4 -1.76 46.9065 
-4 -1.68 46.9065 
-4 -1.6 46.9065 
-4 -1.52 46.9064 
-4 -1.44 46.9064 
-4 -1.36 46.9063 
-4 -1.28 46.9062 
-4 -1.2 46.9061 
-4 -1.12 46.9059 
-4 -1.04 46.9056 
-4 -0.96 46.9052 
-4 -0.88 46.9046 
-4 -0.8 46.9037 
-4 -0.72 46.9025 
-4 -0.64 46.9007 
-4 -0.56 46.8981 
-4 -0.48 46.8944 
-4 -0.4 46.889 
-4 -0.32 46.8813 
-4 -0.24 46.8703 
-4 -0.16 46.8544 
-4 -0.08 46.8319 
-4 6.93889e-16 46.8001 
-4 0.08 46.7556 
-4 0.16 46.6942 
-4 0.24 46.6111 
-4 0.32 46.5018 
-4 0.4 46.3634 
-4 0.48 46.1974 
-4 0.56 46.0117 
-4 0.64 45.8225 
-4 0.72 45.6512 
-4 0.8 45.5176 
-4 0.88 45.431 
-4 0.96 45.3863 
-4 1.04 45.3689 
-4 1.12 45.3641 
-4 1.2 45.3632 
-4 1.28 45.363 
-4 1.36 45.363 
-4 1.44 45.363 
-4 1.52 45.363 
-4 1.6 45.363 
-4 1.68 45.363 
-4 1.76 45.363 
-4 1.84 45.363 
-4 1.92 45.363 
-3.92 -2 46.9065 
-3.92 -1.92 46.9065 
-3.92 -1.84 46.9065 
-3.92 -1.76 46.9065 
-3.92 -1.68 46.9065 
-3.92 -1.6 46.9064 
-3.92 -1.52 46.9064 
-3.92 -1.44 46.9064 
-3.92 -1.36 46.9063 
-3.92 -1.28 46.9062 
-3.92 -1.2 46.906 
-3.92 -1.12 46.9058 
-3.92 -1.04 46.9054 
-3.92 -0.96 46.9049 
-3.92 -0.88 46.9042 
-3.92 -0.8 46.9032 
-3.92 -0.72 46.9017 
-3.92 -0.64 46.8995 
-3.92 -0.56 46.8964 
-3.92 -0.48 46.8919 
-3.92 -0.4 46.8855 
-3.92 -0.32 46.8762 
-3.92 -0.24 46.8629 
-3.92 -0.16 46.8439 
-3.92 -0.08 46.8168 
-3.92 6.93889e-16 46.7786 
-3.92 0.08 46.7251 
-3.92 0.16 46.6513 
-3.92 0.24 46.5515 
-3.92 0.32 46.4204 
-3.92 0.4 46.2544 
-3.92 0.48 46.0555 
-3.92 0.56 45.8331 
-3.92 0.64 45.6068 
-3.92 0.72 45.4023 
-3.92 0.8 45.243 
-3.92 0.88 45.1397 
-3.92 0.96 45.0865 
-3.92 1.04 45.0657 
-3.92 1.12 45.0599 
-3.92 1.2 45.0588 
-3.92 1.28 45.0587 
-3.92 1.36 45.0586 
-3.92 1.44 45.0586 
-3.92 1.52 45.0586 
-3.92 1.6 45.0586 
-3.92 1.68 45.0586 
-3.92 1.76 45.0586 
-3.92 1.84 45.0586 
-3.92 1.92 45.0586 
-3.84 -2 46.9065 
-3.84 -1.92 46.9065 
-3.84 -1.84 46.9065 
-3.84 -1.76 46.9065 
-3.84 -1.68 46.9065 
-3.84 -1.6 46.9064 
-3.84 -1.52 46.9064 
-3.84 -1.44 46.9063 
-3.84 -1.36 46.9062 
-3.84 -1.28 46.9061 
-3.84 -1.2 46.9059 
-3.84 -1.12 46.9056 
-3.84 -1.04 46.9052 
-3.84 -0.96 46.9046 
-3.84 -0.88 46.9037 
-3.84 -0.8 46.9025 
-3.84 -0.72 46.9007 
-3.84 -0.64 46.8981 
-3.84 -0.56 46.8944 
-3.84 -0.48 46.889 
-3.84 -0.4 46.8812 
-3.84 -0.32 46.8701 
-3.84 -0.24 46.8541 
-3.84 -0.16 46.8312 
-3.84 -0.08 46.7987 
-3.84 6.93889e-16 46.7528 
-3.84 0.08 46.6885 
-3.84 0.16 46.5999 
-3.84 0.24 46.4801 
-3.84 0.32 46.3227 
-3.84 0.4 46.1238 
-3.84 0.48 45.8855 
-3.84 0.56 45.6195 
-3.84 0.64 45.3492 
-3.84 0.72 45.1053 
-3.84 0.8 44.9155 
-3.84 0.88 44.7927 
-3.84 0.96 44.7293 
-3.84 1.04 44.7046 
-3.84 1.12 44.6977 
-3.84 1.2 44.6964 
-3.84 1.28 44.6962 
-3.84 1.36 44.6962 
-3.84 1.44 44.6962 
-3.84 1.52 44.6962 
-3.84 1.6 44.6962 
-3.84 1.68 44.6962 
-3.84 1.76 44.6962 
-3.84 1.84 44.6962 
-3.84 1.92 44.6962 
-3.76 -2 46.9065 
-3.76 -1.92 46.9065 
-3.76 -1.84 46.9065 
-3.76 -1.76 46.9065 
-3.76 -1.68 46.9064 
-3.76 -1.6 46.9064 
-3.76 -1.52 46.9064 
-3.76 -1.44 46.9063 
-3.76 -1.36 46.9062 
-3.76 -1.28 46.906 
-3.76 -1.2 46.9058 
-3.76 -1.12 46.9054 
-3.76 -1.04 46.9049 
-3.76 -0.96 46.9042 
-3.76 -0.88 46.9032 
-3.76 -0.8 46.9017 
-3.76 -0.72 46.8995 
-3.76 -0.64 46.8964 
-3.76 -0.56 46.8919 
-3.76 -0.48 46.8855 
-3.76 -0.4 46.8761 
-3.76 -0.32 46.8627 
-3.76 -0.24 46.8435 
-3.76 -0.16 46.816 
-3.76 -0.08 46.777 
-3.76 6.93889e-16 46.7217 
-3.76 0.08 46.6446 
-3.76 0.16 46.5381 
-3.76 0.24 46.3944 
-3.76 0.32 46.2056 
-3.76 0.4 45.9673 
-3.76 0.48 45.682 
-3.76 0.56 45.3643 
-3.76 0.64 45.0419 
-3.76 0.72 44.7514 
-3.76 0.8 44.5259 
-3.76 0.88 44.38 
-3.76 0.96 44.3048 
-3.76 1.04 44.2755 
-3.76 1.12 44.2673 
-3.76 1.2 44.2657 
-3.76 1.28 44.2655 
-3.76 1.36 44.2655 
-3.76 1.44 44.2655 
-3.76 1.52 44.2655 
-3.76 1.6 44.2655 
-3.76 1.68 44.2655 
-3.76 1.76 44.2655 
-3.76 1.84 44.2655 
-3.76 1.92 44.2655 
-3.68 -2 46.9065 
-3.68 -1.92 46.9065 
-3.68 -1.84 46.9065 
-3.68 -1.76 46.9065 
-3.68 -1.68 46.9064 
-3.68 -1.6 46.9064 
-3.68 -1.52 46.9063 
-3.68 -1.44 46.9062 
-3.68 -1.36 46.9061 
-3.68 -1.28 46.9059 
-3.68 -1.2 46.9056 
-3.68 -1.12 46.9052 
-3.68 -1.04 46.9046 
-3.68 -0.96 46.9037 
-3.68 -0.88 46.9025 
-3.68 -0.8 46.9007 
-3.68 -0.72 46.8981 
-3.68 -0.64 46.8944 
-3.68 -0.56 46.889 
-3.68 -0.48 46.8812 
-3.68 -0.4 46.87 
-3.68 -0.32 46.8539 
-3.68 -0.24 46.8308 
-3.68 -0.16 46.7978 
-3.68 -0.08 46.7508 
-3.68 6.93889e-16 46.6845 
-3.68 0.08 46.5918 
-3.68 0.16 46.464 
-3.68 0.24 46.2915 
-3.68 0.32 46.0652 
-3.68 0.4 45.7799 
-3.68 0.48 45.4389 
-3.68 0.56 45.0597 
-3.68 0.64 44.6757 
-3.68 0.72 44.3306 
-3.68 0.8 44.0632 
-3.68 0.88 43.8905 
-3.68 0.96 43.8015 
-3.68 1.04 43.7667 
-3.68 1.12 43.7571 
-3.68 1.2 43.7552 
-3.68 1.28 43.7549 
-3.68 1.36 43.7549 
-3.68 1.44 43.7549 
-3.68 1.52 43.7549 
-3.68 1.6 43.7549 
-3.68 1.68 43.7549 
-3.68 1.76 43.7549 
-3.68 1.84 43.7549 
-3.68 1.92 43.7549 
-3.6 -2 46.9065 
-3.6 -1.92 46.9065 
-3.6 -1.84 46.9065 
-3.6 -1.76 46.9064 
-3.6 -1.68 46.9064 
-3.6 -1.6 46.9064 
-3.6 -1.52 46.9063 
-3.6 -1.44 46.9062 
-3.6 -1.36 46.906 
-3.6 -1.28 46.9058 
-3.6 -1.2 46.9054 
-3.6 -1.12 46.9049 
-3.6 -1.04 46.9042 
-3.6 -0.96 46.9032 
-3.6 -0.88 46.9017 
-3.6 -0.8 46.8995 
-3.6 -0.72 46.8964 
-3.6 -0.64 46.8919 
-3.6 -0.56 46.8854 
-3.6 -0.48 46.8761 
-3.6 -0.4 46.8626 
-3.6 -0.32 46.8432 
-3.6 -0.24 46.8155 
-3.6 -0.16 46.7758 
-3.6 -0.08 46.7194 
-3.6 6.93889e-16 46.6397 
-3.6 0.08 46.5284 
-3.6 0.16 46.375 
-3.6 0.24 46.1682 
-3.6 0.32 45.8971 
-3.6 0.4 45.5557 
-3.6 0.48 45.1485 
-3.6 0.56 44.6967 
-3.6 0.64 44.2404 
-3.6 0.72 43.8314 
-3.6 0.8 43.5153 
-3.6 0.88 43.3115 
-3.6 0.96 43.2065 
-3.6 1.04 43.1655 
-3.6 1.12 43.154 
-3.6 1.2 43.1518 
-3.6 1.28 43.1515 
-3.6 1.36 43.1514 
-3.6 1.44 43.1514 
-3.6 1.52 43.1514 
-3.6 1.6 43.1514 
-3.6 1.68 43.1514 
-3.6 1.76 43.1514 
-3.6 1.84 43.1514 
-3.6 1.92 43.1514 
-3.52 -2 46.9065 
-3.52 -1.92 46.9065 
-3.52 -1.84 46.9065 
-3.52 -1.76 46.9064 
-3.52 -1.68 46.9064 
-3.52 -1.6 46.9063 
-3.52 -1.52 46.9062 
-3.52 -1.44 46.9061 
-3.52 -1.36 46.9059 
-3.52 -1.28 46.9056 
-3.52 -1.2 46.9052 
-3.52 -1.12 46.9046 
-3.52 -1.04 46.9037 
-3.52 -0.96 46.9025 
-3.52 -0.88 46.9007 
-3.52 -0.8 46.8981 
-3.52 -0.72 46.8944 
-3.52 -0.64 46.889 
-3.52 -0.56 46.8812 
-3.52 -0.48 46.8699 
-3.52 -0.4 46.8537 
-3.52 -0.32 46.8305 
-3.52 -0.24 46.7971 
-3.52 -0.16 46.7494 
-3.52 -0.08 46.6816 
-3.52 6.93889e-16 46.5859 
-3.52 0.08 46.4523 
-3.52 0.16 46.2683 
-3.52 0.24 46.0204 
-3.52 0.32 45.6959 
-3.52 0.4 45.2879 
-3.52 0.48 44.8023 
-3.52 0.56 44.265 
-3.52 0.64 43.7241 
-3.52 0.72 43.2409 
-3.52 0.8 42.8686 
-3.52 0.88 42.6291 
-3.52 0.96 42.5058 
-3.52 1.04 42.4576 
-3.52 1.12 42.4441 
-3.52 1.2 42.4415 
-3.52 1.28 42.4411 
-3.52 1.36 42.441 
-3.52 1.44 42.441 
-3.52 1.52 42.441 
-3.52 1.6 42.441 
-3.52 1.68 42.441 
-3.52 1.76 42.441 
-3.52 1.84 42.441 
-3.52 1.92 42.441 
-3.44 -2 46.9065 
-3.44 -1.92 46.9065 
-3.44 -1.84 46.9064 
-3.44 -1.76 46.9064 
-3.44 -1.68 46.9064 
-3.44 -1.6 46.9063 
-3.44 -1.52 46.9062 
-3.44 -1.44 46.906 
-3.44 -1.36 46.9058 
-3.44 -1.28 46.9054 
-3.44 -1.2 46.9049 
-3.44 -1.12 46.9042 
-3.44 -1.04 46.9032 
-3.44 -0.96 46.9017 
-3.44 -0.88 46.8995 
-3.44 -0.8 46.8964 
-3.44 -0.72 46.8919 
-3.44 -0.64 46.8854 
-3.44 -0.56 46.876 
-3.44 -0.48 46.8625 
-3.44 -0.4 46.8431 
-3.44 -0.32 46.8151 
-3.44 -0.24 46.775 
-3.44 -0.16 46.7177 
-3.44 -0.08 46.6362 
-3.44 6.93889e-16 46.5214 
-3.44 0.08 46.361 
-3.44 0.16 46.1404 
-3.44 0.24 45.8434 
-3.44 0.32 45.4553 
-3.44 0.4 44.9683 
-3.44 0.48 44.3902 
-3.44 0.56 43.7527 
-3.44 0.64 43.1135 
-3.44 0.72 42.5449 
-3.44 0.8 42.1085 
-3.44 0.88 41.8285 
-3.44 0.96 41.6845 
-3.44 1.04 41.6281 
-3.44 1.12 41.6122 
-3.44 1.2 41.6091 
-3.44 1.28 41.6087 
-3.44 1.36 41.6086 
-3.44 1.44 41.6086 
-3.44 1.52 41.6086 
-3.44 1.6 41.6086 
-3.44 1.68 41.6086 
-3.44 1.76 41.6086 
-3.44 1.84 41.6086 
-3.44 1.92 41.6086 
-3.36 -2 46.9065 
-3.36 -1.92 46.9065 
-3.36 -1.84 46.9064 
-3.36 -1.76 46.9064 
-3.36 -1.68 46.9063 
-3.36 -1.6 46.9062 
-3.36 -1.52 46.9061 
-3.36 -1.44 46.9059 
-3.36 -1.36 46.9056 
-3.36 -1.28 46.9052 
-3.36 -1.2 46.9046 
-3.36 -1.12 46.9037 
-3.36 -1.04 46.9025 
-3.36 -0.96 46.9007 
-3.36 -0.88 46.8981 
-3.36 -0.8 46.8944 
-3.36 -0.72 46.8889 
-3.36 -0.64 46.8811 
-3.36 -0.56 46.8699 
-3.36 -0.48 46.8536 
-3.36 -0.4 46.8302 
-3.36 -0.32 46.7966 
-3.36 -0.24 46.7484 
-3.36 -0.16 46.6796 
-3.36 -0.08 46.5818 
-3.36 6.93889e-16 46.4439 
-3.36 0.08 46.2515 
-3.36 0.16 45.9871 
-3.36 0.24 45.6317 
-3.36 0.32 45.1679 
-3.36 0.4 44.5875 
-3.36 0.48 43.9008 
-3.36 0.56 43.1467 
-3.36 0.64 42.3942 
-3.36 0.72 41.7283 
-3.36 0.8 41.2196 
-3.36 0.88 40.8945 
-3.36 0.96 40.7273 
-3.36 1.04 40.6618 
-3.36 1.12 40.6433 
-3.36 1.2 40.6396 
-3.36 1.28 40.6391 
-3.36 1.36 40.639 
-3.36 1.44 40.639 
-3.36 1.52 40.639 
-3.36 1.6 40.639 
-3.36 1.68 40.639 
-3.36 1.76 40.639 
-3.36 1.84 40.639 
-3.36 1.92 40.639 
-3.28 -2 46.9065 
-3.28 -1.92 46.9064 
-3.28 -1.84 46.9064 
-3.28 -1.76 46.9064 
-3.28 -1.68 46.9063 
-3.28 -1.6 46.9062 
-3.28 -1.52 46.906 
-3.28 -1.44 46.9058 
-3.28 -1.36 46.9054 
-3.28 -1.28 46.9049 
-3.28 -1.2 46.9042 
-3.28 -1.12 46.9032 
-3.28 -1.04 46.9017 
-3.28 -0.96 46.8995 
-3.28 -0.88 46.8964 
-3.28 -0.8 46.8919 
-3.28 -0.72 46.8854 
-3.28 -0.64 46.876 
-3.28 -0.56 46.8624 
-3.28 -0.48 46.8429 
-3.28 -0.4 46.8148 
-3.28 -0.32 46.7744 
-3.28 -0.24 46.7165 
-3.28 -0.16 46.6338 
-3.28 -0.08 46.5164 
-3.28 6.93889e-16 46.3509 
-3.28 0.08 46.1202 
-3.28 0.16 45.8036 
-3.28 0.24 45.3785 
-3.28 0.32 44.8252 
-3.28 0.4 44.1348 
-3.28 0.48 43.3211 
-3.28 0.56 42.4321 
-3.28 0.64 41.5505 
-3.28 0.72 40.7755 
-3.28 0.8 40.187 
-3.28 0.88 39.8125 
-3.28 0.96 39.6202 
-3.28 1.04 39.5446 
-3.28 1.12 39.5232 
-3.28 1.2 39.5189 
-3.28 1.28 39.5183 
-3.28 1.36 39.5182 
-3.28 1.44 39.5182 
-3.28 1.52 39.5182 
-3.28 1.6 39.5182 
-3.28 1.68 39.5182 
-3.28 1.76 39.5182 
-3.28 1.84 39.5182 
-3.28 1.92 39.5182 
-3.2 -2 46.9065 
-3.2 -1.92 46.9064 
-3.2 -1.84 46.9064 
-3.2 -1.76 46.9063 
-3.2 -1.68 46.9062 
-3.2 -1.6 46.9061 
-3.2 -1.52 46.9059 
-3.2 -1.44 46.9056 
-3.2 -1.36 46.9052 
-3.2 -1.28 46.9046 
-3.2 -1.2 46.9037 
-3.2 -1.12 46.9025 
-3.2 -1.04 46.9007 
-3.2 -0.96 46.8981 
-3.2 -0.88 46.8944 
-3.2 -0.8 46.8889 
-3.2 -0.72 46.8811 
-3.2 -0.64 46.8698 
-3.2 -0.56 46.8535 
-3.2 -0.48 46.8301 
-3.2 -0.4 46.7963 
-3.2 -0.32 46.7477 
-3.2 -0.24 46.6782 
-3.2 -0.16 46.5789 
-3.2 -0.08 46.4379 
-3.2 6.93889e-16 46.2394 
-3.2 0.08 45.9629 
-3.2 0.16 45.5839 
-3.2 0.24 45.0762 
-3.2 0.32 44.4171 
-3.2 0.4 43.5976 
-3.2 0.48 42.6367 
-3.2 0.56 41.5934 
-3.2 0.64 40.5666 
-3.2 0.72 39.6716 
-3.2 0.8 38.9973 
-3.2 0.88 38.5704 
-3.2 0.96 38.3516 
-3.2 1.04 38.2654 
-3.2 1.12 38.2408 
-3.2 1.2 38.2358 
-3.2 1.28 38.2351 
-3.2 1.36 38.2349 
-3.2 1.44 38.2349 
-3.2 1.52 38.2349 
-3.2 1.6 38.2349 
-3.2 1.68 38.2349 
-3.2 1.76 38.2349 
-3.2 1.84 38.2349 
-3.2 1.92 38.2349 
-3.12 -2 46.9064 
-3.12 -1.92 46.9064 
-3.12 -1.84 46.9064 
-3.12 -1.76 46.9063 
-3.12 -1.68 46.9062 
-3.12 -1.6 46.906 
-3.12 -1.52 46.9058 
-3.12 -1.44 46.9054 
-3.12 -1.36 46.9049 
-3.12 -1.28 46.9042 
-3.12 -1.2 46.9032 
-3.12 -1.12 46.9017 
-3.12 -1.04 46.8995 
-3.12 -0.96 46.8964 
-3.12 -0.88 46.8919 
-3.12 -0.8 46.8854 
-3.12 -0.72 46.876 
-3.12 -0.64 46.8624 
-3.12 -0.56 46.8428 
-3.12 -0.48 46.8146 
-3.12 -0.4 46.774 
-3.12 -0.32 46.7157 
-3.12 -0.24 46.6321 
-3.12 -0.16 46.5129 
-3.12 -0.08 46.3437 
-3.12 6.93889e-16 46.1057 
-3.12 0.08 45.7745 
-3.12 0.16 45.3215 
-3.12 0.24 44.7158 
-3.12 0.32 43.9322 
-3.12 0.4 42.9623 
-3.12 0.48 41.832 
-3.12 0.56 40.6144 
-3.12 0.64 39.4277 
-3.12 0.72 38.4043 
-3.12 0.8 37.6411 
-3.12 0.88 37.1615 
-3.12 0.96 36.9162 
-3.12 1.04 36.8191 
-3.12 1.12 36.7911 
-3.12 1.2 36.7854 
-3.12 1.28 36.7844 
-3.12 1.36 36.7843 
-3.12 1.44 36.7843 
-3.12 1.52 36.7843 
-3.12 1.6 36.7843 
-3.12 1.68 36.7843 
-3.12 1.76 36.7843 
-3.12 1.84 36.7843 
-3.12 1.92 36.7843 
-3.04 -2 46.9064 
-3.04 -1.92 46.9064 
-3.04 -1.84 46.9063 
-3.04 -1.76 46.9062 
-3.04 -1.68 46.9061 
-3.04 -1.6 46.9059 
-3.04 -1.52 46.9056 
-3.04 -1.44 46.9052 
-3.04 -1.36 46.9046 
-3.04 -1.28 46.9037 
-3.04 -1.2 46.9025 
-3.04 -1.12 46.9007 
-3.04 -1.04 46.8981 
-3.04 -0.96 46.8944 
-3.04 -0.88 46.8889 
-3.04 -0.8 46.8811 
-3.04 -0.72 46.8698 
-3.04 -0.64 46.8535 
-3.04 -0.56 46.83 
-3.04 -0.48 46.796 
-3.04 -0.4 46.7473 
-3.04 -0.32 46.6772 
-3.04 -0.24 46.5768 
-3.04 -0.16 46.4337 
-3.04 -0.08 46.2308 
-3.04 6.93889e-16 45.9455 
-3.04 0.08 45.5492 
-3.04 0.16 45.0081 
-3.04 0.24 44.2869 
-3.04 0.32 43.3574 
-3.04 0.4 42.2136 
-3.04 0.48 40.8906 
-3.04 0.56 39.4796 
-3.04 0.64 38.1214 
-3.04 0.72 36.9665 
-3.04 0.8 36.117 
-3.04 0.88 35.5883 
-3.04 0.96 35.3184 
-3.04 1.04 35.211 
-3.04 1.12 35.1796 
-3.04 1.2 35.1731 
-3.04 1.28 35.172 
-3.04 1.36 35.1719 
-3.04 1.44 35.1719 
-3.04 1.52 35.1719 
-3.04 1.6 35.1719 
-3.04 1.68 35.1719 
-3.04 1.76 35.1719 
-3.04 1.84 35.1719 
-3.04 1.92 35.1719 
-2.96 -2 46.9064 
-2.96 -1.92 46.9064 
-2.96 -1.84 46.9063 
-2.96 -1.76 46.9062 
-2.96 -1.68 46.906 
-2.96 -1.6 46.9058 
-2.96 -1.52 46.9054 
-2.96 -1.44 46.9049 
-2.96 -1.36 46.9042 
-2.96 -1.28 46.9032 
-2.96 -1.2 46.9017 
-2.96 -1.12 46.8995 
-2.96 -1.04 46.8964 
-2.96 -0.96 46.8919 
-2.96 -0.88 46.8854 
-2.96 -0.8 46.876 
-2.96 -0.72 46.8624 
-2.96 -0.64 46.8428 
-2.96 -0.56 46.8145 
-2.96 -0.48 46.7737 
-2.96 -0.4 46.7151 
-2.96 -0.32 46.6309 
-2.96 -0.24 46.5104 
-2.96 -0.16 46.3387 
-2.96 -0.08 46.0954 
-2.96 6.93889e-16 45.7537 
-2.96 0.08 45.2799 
-2.96 0.16 44.6346 
-2.96 0.24 43.7775 
-2.96 0.32 42.6784 
-2.96 0.4 41.3351 
-2.96 0.48 39.7962 
-2.96 0.56 38.176 
-2.96 0.64 36.6413 
-2.96 0.72 35.3608 
-2.96 0.8 34.4364 
-2.96 0.88 33.8687 
-2.96 0.96 33.5799 
-2.96 1.04 33.4639 
-2.96 1.12 33.4295 
-2.96 1.2 33.4221 
-2.96 1.28 33.4208 
-2.96 1.36 33.4207 
-2.96 1.44 33.4206 
-2.96 1.52 33.4206 
-2.96 1.6 33.4206 
-2.96 1.68 33.4206 
-2.96 1.76 33.4206 
-2.96 1.84 33.4206 
-2.96 1.92 33.4206 
-2.88 -2 46.9064 
-2.88 -1.92 46.9063 
-2.88 -1.84 46.9062 
-2.88 -1.76 46.9061 
-2.88 -1.68 46.9059 
-2.88 -1.6 46.9056 
-2.88 -1.52 46.9052 
-2.88 -1.44 46.9046 
-2.88 -1.36 46.9037 
-2.88 -1.28 46.9025 
-2.88 -1.2 46.9007 
-2.88 -1.12 46.8981 
-2.88 -1.04 46.8943 
-2.88 -0.96 46.8889 
-2.88 -0.88 46.8811 
-2.88 -0.8 46.8698 
-2.88 -0.72 46.8534 
-2.88 -0.64 46.8299 
-2.88 -0.56 46.7959 
-2.88 -0.48 46.7469 
-2.88 -0.4 46.6765 
-2.88 -0.32 46.5754 
-2.88 -0.24 46.4308 
-2.88 -0.16 46.2247 
-2.88 -0.08 45.9332 
-2.88 6.93889e-16 45.5243 
-2.88 0.08 44.9586 
-2.88 0.16 44.1903 
-2.88 0.24 43.1742 
-2.88 0.32 41.8791 
-2.88 0.4 40.3102 
-2.88 0.48 38.5345 
-2.88 0.56 36.6957 
-2.88 0.64 34.9913 
-2.88 0.72 33.6057 
-2.88 0.8 32.6317 
-2.88 0.88 32.0453 
-2.88 0.96 31.7483 
-2.88 1.04 31.6274 
-2.88 1.12 31.5905 
-2.88 1.2 31.5823 
-2.88 1.28 31.5809 
-2.88 1.36 31.5806 
-2.88 1.44 31.5806 
-2.88 1.52 31.5806 
-2.88 1.6 31.5806 
-2.88 1.68 31.5806 
-2.88 1.76 31.5806 
-2.88 1.84 31.5806 
-2.88 1.92 31.5806 
-2.8 -2 46.9064 
-2.8 -1.92 46.9063 
-2.8 -1.84 46.9062 
-2.8 -1.76 46.906 
-2.8 -1.68 46.9058 
-2.8 -1.6 46.9054 
-2.8 -1.52 46.9049 
-2.8 -1.44 46.9042 
-2.8 -1.36 46.9032 
-2.8 -1.28 46.9017 
-2.8 -1.2 46.8995 
-2.8 -1.12 46.8964 
-2.8 -1.04 46.8919 
-2.8 -0.96 46.8854 
-2.8 -0.88 46.876 
-2.8 -0.8 46.8624 
-2.8 -0.72 46.8427 
-2.8 -0.64 46.8144 
-2.8 -0.56 46.7735 
-2.8 -0.48 46.7147 
-2.8 -0.4 46.6301 
-2.8 -0.32 46.5087 
-2.8 -0.24 46.3352 
-2.8 -0.16 46.0881 
-2.8 -0.08 45.7389 
-2.8 6.93889e-16 45.2502 
-2.8 0.08 44.5756 
-2.8 0.16 43.6628 
-2.8 0.24 42.4619 
-2.8 0.32 40.9431 
-2.8 0.4 39.123 
-2.8 0.48 37.0952 
-2.8 0.56 35.0408 
-2.8 0.64 33.1922 
-2.8 0.72 31.7447 
-2.8 0.8 30.7676 
-2.8 0.88 30.1975 
-2.8 0.96 29.9107 
-2.8 1.04 29.7912 
-2.8 1.12 29.7531 
-2.8 1.2 29.7442 
-2.8 1.28 29.7425 
-2.8 1.36 29.7423 
-2.8 1.44 29.7422 
-2.8 1.52 29.7422 
-2.8 1.6 29.7422 
-2.8 1.68 29.7422 
-2.8 1.76 29.7422 
-2.8 1.84 29.7422 
-2.8 1.92 29.7422 
-2.72 -2 46.9063 
-2.72 -1.92 46.9062 
-2.72 -1.84 46.9061 
-2.72 -1.76 46.9059 
-2.72 -1.68 46.9056 
-2.72 -1.6 46.9052 
-2.72 -1.52 46.9046 
-2.72 -1.44 46.9037 
-2.72 -1.36 46.9025 
-2.72 -1.28 46.9007 
-2.72 -1.2 46.8981 
-2.72 -1.12 46.8943 
-2.72 -1.04 46.8889 
-2.72 -0.96 46.8811 
-2.72 -0.88 46.8698 
-2.72 -0.8 46.8534 
-2.72 -0.72 46.8298 
-2.72 -0.64 46.7958 
-2.72 -0.56 46.7467 
-2.72 -0.48 46.676 
-2.72 -0.4 46.5744 
-2.72 -0.32 46.4287 
-2.72 -0.24 46.2205 
-2.72 -0.16 45.9245 
-2.72 -0.08 45.5066 
-2.72 6.93889e-16 44.923 
-2.72 0.08 44.12 
-2.72 0.16 43.0383 
-2.72 0.24 41.6246 
-2.72 0.32 39.8534 
-2.72 0.4 37.7606 
-2.72 0.48 35.476 
-2.72 0.56 33.2291 
-2.72 0.64 31.2915 
-2.72 0.72 29.859 
-2.72 0.8 28.9561 
-2.72 0.88 28.4586 
-2.72 0.96 28.211 
-2.72 1.04 28.1031 
-2.72 1.12 28.0659 
-2.72 1.2 28.0565 
-2.72 1.28 28.0546 
-2.72 1.36 28.0542 
-2.72 1.44 28.0542 
-2.72 1.52 28.0542 
-2.72 1.6 28.0542 
-2.72 1.68 28.0542 
-2.72 1.76 28.0542 
-2.72 1.84 28.0542 
-2.72 1.92 28.0542 
-2.64 -2 46.9063 
-2.64 -1.92 46.9062 
-2.64 -1.84 46.906 
-2.64 -1.76 46.9058 
-2.64 -1.68 46.9054 
-2.64 -1.6 46.9049 
-2.64 -1.52 46.9042 
-2.64 -1.44 46.9032 
-2.64 -1.36 46.9017 
-2.64 -1.28 46.8995 
-2.64 -1.2 46.8964 
-2.64 -1.12 46.8919 
-2.64 -1.04 46.8854 
-2.64 -0.96 46.8759 
-2.64 -0.88 46.8623 
-2.64 -0.8 46.8427 
-2.64 -0.72 46.8143 
-2.64 -0.64 46.7734 
-2.64 -0.56 46.7144 
-2.64 -0.48 46.6295 
-2.64 -0.4 46.5075 
-2.64 -0.32 46.3327 
-2.64 -0.24 46.0831 
-2.64 -0.16 45.7286 
-2.64 -0.08 45.2291 
-2.64 6.93889e-16 44.5332 
-2.64 0.08 43.5793 
-2.64 0.16 42.3015 
-2.64 0.24 40.6451 
-2.64 0.32 38.5948 
-2.64 0.4 36.2155 
-2.64 0.48 33.6881 
-2.64 0.56 31.3041 
-2.64 0.64 29.3766 
-2.64 0.72 28.0854 
-2.64 0.8 27.3768 
-2.64 0.88 27.0373 
-2.64 0.96 26.8726 
-2.64 1.04 26.7914 
-2.64 1.12 26.7585 
-2.64 1.2 26.7488 
-2.64 1.28 26.7466 
-2.64 1.36 26.7462 
-2.64 1.44 26.7461 
-2.64 1.52 26.7461 
-2.64 1.6 26.7461 
-2.64 1.68 26.7461 
-2.64 1.76 26.7461 
-2.64 1.84 26.7461 
-2.64 1.92 26.7461 
-2.56 -2 46.9062 
-2.56 -1.92 46.9061 
-2.56 -1.84 46.9059 
-2.56 -1.76 46.9056 
-2.56 -1.68 46.9052 
-2.56 -1.6 46.9046 
-2.56 -1.52 46.9037 
-2.56 -1.44 46.9025 
-2.56 -1.36 46.9007 
-2.56 -1.28 46.8981 
-2.56 -1.2 46.8943 
-2.56 -1.12 46.8889 
-2.56 -1.04 46.8811 
-2.56 -0.96 46.8698 
-2.56 -0.88 46.8534 
-2.56 -0.8 46.8298 
-2.56 -0.72 46.7957 
-2.56 -0.64 46.7465 
-2.56 -0.56 46.6757 
-2.56 -0.48 46.5737 
-2.56 -0.4 46.4273 
-2.56 -0.32 46.2175 
-2.56 -0.24 45.9184 
-2.56 -0.16 45.4942 
-2.56 -0.08 44.8978 
-2.56 6.93889e-16 44.0696 
-2.56 0.08 42.9395 
-2.56 0.16 41.436 
-2.56 0.24 39.5068 
-2.56 0.32 37.1555 
-2.56 0.4 34.4909 
-2.56 0.48 31.7649 
-2.56 0.56 29.3476 
-2.56 0.64 27.5931 
-2.56 0.72 26.6376 
-2.56 0.8 26.3018 
-2.56 0.88 26.2441 
-2.56 0.96 26.2249 
-2.56 1.04 26.1922 
-2.56 1.12 26.1681 
-2.56 1.2 26.1587 
-2.56 1.28 26.1562 
-2.56 1.36 26.1557 
-2.56 1.44 26.1557 
-2.56 1.52 26.1557 
-2.56 1.6 26.1557 
-2.56 1.68 26.1557 
-2.56 1.76 26.1557 
-2.56 1.84 26.1557 
-2.56 1.92 26.1557 
-2.48 -2 46.9062 
-2.48 -1.92 46.906 
-2.48 -1.84 46.9058 
-2.48 -1.76 46.9054 
-2.48 -1.68 46.9049 
-2.48 -1.6 46.9042 
-2.48 -1.52 46.9032 
-2.48 -1.44 46.9017 
-2.48 -1.36 46.8995 
-2.48 -1.28 46.8964 
-2.48 -1.2 46.8919 
-2.48 -1.12 46.8854 
-2.48 -1.04 46.8759 
-2.48 -0.96 46.8623 
-2.48 -0.88 46.8427 
-2.48 -0.8 46.8143 
-2.48 -0.72 46.7733 
-2.48 -0.64 46.7142 
-2.48 -0.56 46.6291 
-2.48 -0.48 46.5067 
-2.48 -0.4 46.331 
-2.48 -0.32 46.0795 
-2.48 -0.24 45.7213 
-2.48 -0.16 45.2142 
-2.48 -0.08 44.5032 
-2.48 6.93889e-16 43.5196 
-2.48 0.08 42.185 
-2.48 0.16 40.4246 
-2.48 0.24 38.1948 
-2.48 0.32 35.5311 
-2.48 0.4 32.6076 
-2.48 0.48 29.7735 
-2.48 0.56 27.4972 
-2.48 0.64 26.1681 
-2.48 0.72 25.8339 
-2.48 0.8 26.1241 
-2.48 0.88 26.5198 
-2.48 0.96 26.7319 
-2.48 1.04 26.7771 
-2.48 1.12 26.7683 
-2.48 1.2 26.7598 
-2.48 1.28 26.757 
-2.48 1.36 26.7564 
-2.48 1.44 26.7564 
-2.48 1.52 26.7564 
-2.48 1.6 26.7564 
-2.48 1.68 26.7564 
-2.48 1.76 26.7564 
-2.48 1.84 26.7564 
-2.48 1.92 26.7564 
-2.4 -2 46.9061 
-2.4 -1.92 46.9059 
-2.4 -1.84 46.9056 
-2.4 -1.76 46.9052 
-2.4 -1.68 46.9046 
-2.4 -1.6 46.9037 
-2.4 -1.52 46.9025 
-2.4 -1.44 46.9007 
-2.4 -1.36 46.8981 
-2.4 -1.28 46.8943 
-2.4 -1.2 46.8889 
-2.4 -1.12 46.8811 
-2.4 -1.04 46.8698 
-2.4 -0.96 46.8534 
-2.4 -0.88 46.8298 
-2.4 -0.8 46.7956 
-2.4 -0.72 46.7464 
-2.4 -0.64 46.6755 
-2.4 -0.56 46.5732 
-2.4 -0.48 46.4263 
-2.4 -0.4 46.2155 
-2.4 -0.32 45.9142 
-2.4 -0.24 45.4855 
-2.4 -0.16 44.8801 
-2.4 -0.08 44.0339 
-2.4 6.93889e-16 42.8688 
-2.4 0.08 41.2992 
-2.4 0.16 39.2507 
-2.4 0.24 36.6987 
-2.4 0.32 33.7297 
-2.4 0.4 30.6133 
-2.4 0.48 27.8304 
-2.4 0.56 25.9695 
-2.4 0.64 25.4371 
-2.4 0.72 26.126 
-2.4 0.8 27.3854 
-2.4 0.88 28.4612 
-2.4 0.96 29.0156 
-2.4 1.04 29.1769 
-2.4 1.12 29.1915 
-2.4 1.2 29.1847 
-2.4 1.28 29.1815 
-2.4 1.36 29.1807 
-2.4 1.44 29.1806 
-2.4 1.52 29.1806 
-2.4 1.6 29.1806 
-2.4 1.68 29.1806 
-2.4 1.76 29.1806 
-2.4 1.84 29.1806 
-2.4 1.92 29.1806 
-2.32 -2 46.906 
-2.32 -1.92 46.9058 
-2.32 -1.84 46.9054 
-2.32 -1.76 46.9049 
-2.32 -1.68 46.9042 
-2.32 -1.6 46.9032 
-2.32 -1.52 46.9017 
-2.32 -1.44 46.8995 
-2.32 -1.36 46.8964 
-2.32 -1.28 46.8919 
-2.32 -1.2 46.8854 
-2.32 -1.12 46.8759 
-2.32 -1.04 46.8623 
-2.32 -0.96 46.8427 
-2.32 -0.88 46.8143 
-2.32 -0.8 46.7733 
-2.32 -0.72 46.7141 
-2.32 -0.64 46.6289 
-2.32 -0.56 46.5061 
-2.32 -0.48 46.3298 
-2.32 -0.4 46.077 
-2.32 -0.32 45.7162 
-2.32 -0.24 45.2038 
-2.32 -0.16 44.4821 
-2.32 -0.08 43.4772 
-2.32 6.93889e-16 42.1016 
-2.32 0.08 40.2647 
-2.32 0.16 37.8998 
-2.32 0.24 35.0164 
-2.32 0.32 31.7802 
-2.32 0.4 28.5969 
-2.32 0.48 26.1233 
-2.32 0.56 25.0868 
-2.32 0.64 25.8741 
-2.32 0.72 28.1245 
-2.32 0.8 30.794 
-2.32 0.88 32.8315 
-2.32 0.96 33.8636 
-2.32 1.04 34.1868 
-2.32 1.12 34.2344 
-2.32 1.2 34.23 
-2.32 1.28 34.2262 
-2.32 1.36 34.2253 
-2.32 1.44 34.2252 
-2.32 1.52 34.2252 
-2.32 1.6 34.2252 
-2.32 1.68 34.2252 
-2.32 1.76 34.2252 
-2.32 1.84 34.2252 
-2.32 1.92 34.2252 
-2.24 -2 46.9059 
-2.24 -1.92 46.9056 
-2.24 -1.84 46.9052 
-2.24 -1.76 46.9046 
-2.24 -1.68 46.9037 
-2.24 -1.6 46.9025 
-2.24 -1.52 46.9007 
-2.24 -1.44 46.8981 
-2.24 -1.36 46.8943 
-2.24 -1.28 46.8889 
-2.24 -1.2 46.8811 
-2.24 -1.12 46.8698 
-2.24 -1.04 46.8534 
-2.24 -0.96 46.8297 
-2.24 -0.88 46.7956 
-2.24 -0.8 46.7463 
-2.24 -0.72 46.6753 
-2.24 -0.64 46.5729 
-2.24 -0.56 46.4256 
-2.24 -0.48 46.2141 
-2.24 -0.4 45.9112 
-2.24 -0.32 45.4794 
-2.24 -0.24 44.8677 
-2.24 -0.16 44.0088 
-2.24 -0.08 42.8187 
-2.24 6.93889e-16 41.2013 
-2.24 0.08 39.0652 
-2.24 0.16 36.3625 
-2.24 0.24 33.1603 
-2.24 0.32 29.7429 
-2.24 0.4 26.707 
-2.24 0.48 24.9364 
-2.24 0.56 25.307 
-2.24 0.64 28.1155 
-2.24 0.72 32.6089 
-2.24 0.8 37.2176 
-2.24 0.88 40.5406 
-2.24 0.96 42.2018 
-2.24 1.04 42.7371 
-2.24 1.12 42.8278 
-2.24 1.2 42.8264 
-2.24 1.28 42.8218 
-2.24 1.36 42.8206 
-2.24 1.44 42.8205 
-2.24 1.52 42.8204 
-2.24 1.6 42.8204 
-2.24 1.68 42.8204 
-2.24 1.76 42.8204 
-2.24 1.84 42.8204 
-2.24 1.92 42.8204 
-2.16 -2 46.9058 
-2.16 -1.92 46.9054 
-2.16 -1.84 46.9049 
-2.16 -1.76 46.9042 
-2.16 -1.68 46.9032 
-2.16 -1.6 46.9017 
-2.16 -1.52 46.8995 
-2.16 -1.44 46.8964 
-2.16 -1.36 46.8919 
-2.16 -1.28 46.8854 
-2.16 -1.2 46.8759 
-2.16 -1.12 46.8623 
-2.16 -1.04 46.8426 
-2.16 -0.96 46.8142 
-2.16 -0.88 46.7732 
-2.16 -0.8 46.714 
-2.16 -0.72 46.6287 
-2.16 -0.64 46.5057 
-2.16 -0.56 46.329 
-2.16 -0.48 46.0753 
-2.16 -0.4 45.7127 
-2.16 -0.32 45.1966 
-2.16 -0.24 44.4673 
-2.16 -0.16 43.4474 
-2.16 -0.08 42.0426 
-2.16 6.93889e-16 40.1504 
-2.16 0.08 37.6863 
-2.16 0.16 34.6387 
-2.16 0.24 31.1657 
-2.16 0.32 27.7255 
-2.16 0.4 25.1754 
-2.16 0.48 24.6803 
-2.16 0.56 27.2494 
-2.16 0.64 32.9678 
-2.16 0.72 40.5055 
-2.16 0.8 47.6302 
-2.16 0.88 52.5705 
-2.16 0.96 55.0101 
-2.16 1.04 55.806 
-2.16 1.12 55.9489 
-2.16 1.2 55.9508 
-2.16 1.28 55.9449 
-2.16 1.36 55.9432 
-2.16 1.44 55.943 
-2.16 1.52 55.943 
-2.16 1.6 55.943 
-2.16 1.68 55.943 
-2.16 1.76 55.943 
-2.16 1.84 55.943 
-2.16 1.92 55.943 
-2.08 -2 46.9056 
-2.08 -1.92 46.9052 
-2.08 -1.84 46.9046 
-2.08 -1.76 46.9037 
-2.08 -1.68 46.9025 
-2.08 -1.6 46.9007 
-2.08 -1.52 46.8981 
-2.08 -1.44 46.8943 
-2.08 -1.36 46.8889 
-2.08 -1.28 46.8811 
-2.08 -1.2 46.8697 
-2.08 -1.12 46.8534 
-2.08 -1.04 46.8297 
-2.08 -0.96 46.7956 
-2.08 -0.88 46.7463 
-2.08 -0.8 46.6752 
-2.08 -0.72 46.5727 
-2.08 -0.64 46.4251 
-2.08 -0.56 46.2131 
-2.08 -0.48 45.9091 
-2.08 -0.4 45.4752 
-2.08 -0.32 44.859 
-2.08 -0.24 43.9912 
-2.08 -0.16 42.7834 
-2.08 -0.08 41.1319 
-2.08 6.93889e-16 38.9325 
-2.08 0.08 36.1196 
-2.08 0.16 32.7441 
-2.08 0.24 29.1034 
-2.08 0.32 25.9032 
-2.08 0.4 24.3452 
-2.08 0.48 25.9197 
-2.08 0.56 31.7046 
-2.08 0.64 41.3784 
-2.08 0.72 52.807 
-2.08 0.8 62.9893 
-2.08 0.88 69.828 
-2.08 0.96 73.1657 
-2.08 1.04 74.2599 
-2.08 1.12 74.4615 
-2.08 1.2 74.466 
-2.08 1.28 74.4582 
-2.08 1.36 74.4559 
-2.08 1.44 74.4556 
-2.08 1.52 74.4556 
-2.08 1.6 74.4556 
-2.08 1.68 74.4556 
-2.08 1.76 74.4556 
-2.08 1.84 74.4556 
-2.08 1.92 74.4556 
-2 -2 46.9054 
-2 -1.92 46.9049 
-2 -1.84 46.9042 
-2 -1.76 46.9032 
-2 -1.68 46.9017 
-2 -1.6 46.8995 
-2 -1.52 46.8964 
-2 -1.44 46.8919 
-2 -1.36 46.8854 
-2 -1.28 46.8759 
-2 -1.2 46.8623 
-2 -1.12 46.8426 
-2 -1.04 46.8142 
-2 -0.96 46.7732 
-2 -0.88 46.714 
-2 -0.8 46.6285 
-2 -0.72 46.5055 
-2 -0.64 46.3284 
-2 -0.56 46.0741 
-2 -0.48 45.7102 
-2 -0.4 45.1915 
-2 -0.32 44.457 
-2 -0.24 43.4265 
-2 -0.16 42.001 
-2 -0.08 40.0694 
-2 6.93889e-16 37.5339 
-2 0.08 34.3665 
-2 0.16 30.7191 
-2 0.24 27.0959 
-2 0.32 24.5443 
-2 0.4 24.7002 
-2 0.48 29.3909 
-2 0.56 39.612 
-2 0.64 54.346 
-2 0.72 70.415 
-2 0.8 84.036 
-2 0.88 92.9322 
-2 0.96 97.2294 
-2 1.04 98.6417 
-2 1.12 98.9045 
-2 1.2 98.9102 
-2 1.28 98.8996 
-2 1.36 98.8965 
-2 1.44 98.8961 
-2 1.52 98.896 
-2 1.6 98.896 
-2 1.68 98.896 
-2 1.76 98.896 
-2 1.84 98.896 
-2 1.92 98.896 
-1.92 -2 46.9052 
-1.92 -1.92 46.9046 
-1.92 -1.84 46.9037 
-1.92 -1.76 46.9025 
-1.92 -1.68 46.9007 
-1.92 -1.6 46.8981 
-1.92 -1.52 46.8943 
-1.92 -1.44 46.8889 
-1.92 -1.36 46.8811 
-1.92 -1.28 46.8697 
-1.92 -1.2 46.8534 
-1.92 -1.12 46.8297 
-1.92 -1.04 46.7956 
-1.92 -0.96 46.7463 
-1.92 -0.88 46.6751 
-1.92 -0.8 46.5725 
-1.92 -0.72 46.4248 
-1.92 -0.64 46.2124 
-1.92 -0.56 45.9077 
-1.92 -0.48 45.4723 
-1.92 -0.4 44.853 
-1.92 -0.32 43.979 
-1.92 -0.24 42.7587 
-1.92 -0.16 41.0831 
-1.92 -0.08 38.8387 
-1.92 6.93889e-16 35.9464 
-1.92 0.08 32.4449 
-1.92 0.16 28.6424 
-1.92 0.24 25.3396 
-1.92 0.32 24.0389 
-1.92 0.4 26.89 
-1.92 0.48 35.9927 
-1.92 0.56 51.9782 
-1.92 0.64 72.7486 
-1.92 0.72 93.9099 
-1.92 0.8 111.066 
-1.92 0.88 122.011 
-1.92 0.96 127.263 
-1.92 1.04 128.996 
-1.92 1.12 129.32 
-1.92 1.2 129.325 
-1.92 1.28 129.31 
-1.92 1.36 129.306 
-1.92 1.44 129.306 
-1.92 1.52 129.306 
-1.92 1.6 129.306 
-1.92 1.68 129.306 
-1.92 1.76 129.306 
-1.92 1.84 129.306 
-1.92 1.92 129.306 
-1.84 -2 46.9049 
-1.84 -1.92 46.9042 
-1.84 -1.84 46.9032 
-1.84 -1.76 46.9017 
-1.84 -1.68 46.8995 
-1.84 -1.6 46.8964 
-1.84 -1.52 46.8919 
-1.84 -1.44 46.8854 
-1.84 -1.36 46.8759 
-1.84 -1.28 46.8623 
-1.84 -1.2 46.8426 
-1.84 -1.12 46.8142 
-1.84 -1.04 46.7732 
-1.84 -0.96 46.7139 
-1.84 -0.88 46.6284 
-1.84 -0.8 46.5053 
-1.84 -0.72 46.328 
-1.84 -0.64 46.0733 
-1.84 -0.56 45.7085 
-1.84 -0.48 45.188 
-1.84 -0.4 44.4498 
-1.84 -0.32 43.412 
-1.84 -0.24 41.9719 
-1.84 -0.16 40.0125 
-1.84 -0.08 37.4261 
-1.84 6.93889e-16 34.1726 
-1.84 0.08 30.3994 
-1.84 0.16 26.6481 
-1.84 0.24 24.131 
-1.84 0.32 24.9283 
-1.84 0.4 31.736 
-1.84 0.48 46.7278 
-1.84 0.56 69.7137 
-1.84 0.64 97.1006 
-1.84 0.72 123.329 
-1.84 0.8 143.801 
-1.84 0.88 156.661 
-1.84 0.96 162.833 
-1.84 1.04 164.887 
-1.84 1.12 165.272 
-1.84 1.2 165.276 
-1.84 1.28 165.257 
-1.84 1.36 165.251 
-1.84 1.44 165.25 
-1.84 1.52 165.25 
-1.84 1.6 165.25 
-1.84 1.68 165.25 
-1.84 1.76 165.25 
-1.84 1.84 165.25 
-1.84 1.92 165.25 
-1.76 -2 46.9046 
-1.76 -1.92 46.9037 
-1.76 -1.84 46.9025 
-1.76 -1.76 46.9007 
-1.76 -1.68 46.8981 
-1.76 -1.6 46.8943 
-1.76 -1.52 46.8889 
-1.76 -1.44 46.8811 
-1.76 -1.36 46.8697 
-1.76 -1.28 46.8534 
-1.76 -1.2 46.8297 
-1.76 -1.12 46.7956 
-1.76 -1.04 46.7462 
-1.76 -0.96 46.6751 
-1.76 -0.88 46.5724 
-1.76 -0.8 46.4246 
-1.76 -0.72 46.2119 
-1.76 -0.64 45.9067 
-1.76 -0.56 45.4702 
-1.76 -0.48 44.8488 
-1.76 -0.4 43.9704 
-1.76 -0.32 42.7415 
-1.76 -0.24 41.049 
-1.76 -0.16 38.7727 
-1.76 -0.08 35.824 
-1.76 6.93889e-16 32.2323 
-1.76 0.08 28.3146 
-1.76 0.16 24.9485 
-1.76 0.24 23.8965 
-1.76 0.32 27.9248 
-1.76 0.4 40.2024 
-1.76 0.48 62.5688 
-1.76 0.56 93.3907 
-1.76 0.64 127.329 
-1.76 0.72 158.125 
-1.76 0.8 181.541 
-1.76 0.88 196.19 
-1.76 0.96 203.28 
-1.76 1.04 205.669 
-1.76 1.12 206.122 
-1.76 1.2 206.123 
-1.76 1.28 206.099 
-1.76 1.36 206.092 
-1.76 1.44 206.091 
-1.76 1.52 206.091 
-1.76 1.6 206.091 
-1.76 1.68 206.091 
-1.76 1.76 206.091 
-1.76 1.84 206.091 
-1.76 1.92 206.091 
-1.68 -2 46.9042 
-1.68 -1.92 46.9032 
-1.68 -1.84 46.9017 
-1.68 -1.76 46.8995 
-1.68 -1.68 46.8964 
-1.68 -1.6 46.8919 
-1.68 -1.52 46.8854 
-1.68 -1.44 46.8759 
-1.68 -1.36 46.8623 
-1.68 -1.28 46.8426 
-1.68 -1.2 46.8142 
-1.68 -1.12 46.7731 
-1.68 -1.04 46.7139 
-1.68 -0.96 46.6284 
-1.68 -0.88 46.5051 
-1.68 -0.8 46.3277 
-1.68 -0.72 46.0728 
-1.68 -0.64 45.7073 
-1.68 -0.56 45.1856 
-1.68 -0.48 44.4448 
-1.68 -0.4 43.4019 
-1.68 -0.32 41.9516 
-1.68 -0.24 39.9727 
-1.68 -0.16 37.3504 
-1.68 -0.08 34.0358 
-1.68 6.93889e-16 30.173 
-1.68 0.08 26.3329 
-1.68 0.16 23.8613 
-1.68 0.24 25.22 
-1.68 0.32 33.9079 
-1.68 0.4 53.3036 
-1.68 0.48 84.2365 
-1.68 0.56 122.997 
-1.68 0.64 162.756 
-1.68 0.72 197.438 
-1.68 0.8 223.548 
-1.68 0.88 239.995 
-1.68 0.96 248.062 
-1.68 1.04 250.823 
-1.68 1.12 251.352 
-1.68 1.2 251.352 
-1.68 1.28 251.322 
-1.68 1.36 251.313 
-1.68 1.44 251.312 
-1.68 1.52 251.312 
-1.68 1.6 251.312 
-1.68 1.68 251.312 
-1.68 1.76 251.312 
-1.68 1.84 251.312 
-1.68 1.92 251.312 
-1.6 -2 46.9037 
-1.6 -1.92 46.9025 
-1.6 -1.84 46.9007 
-1.6 -1.76 46.8981 
-1.6 -1.68 46.8943 
-1.6 -1.6 46.8889 
-1.6 -1.52 46.8811 
-1.6 -1.44 46.8697 
-1.6 -1.36 46.8534 
-1.6 -1.28 46.8297 
-1.6 -1.2 46.7955 
-1.6 -1.12 46.7462 
-1.6 -1.04 46.675 
-1.6 -0.96 46.5723 
-1.6 -0.88 46.4244 
-1.6 -0.8 46.2116 
-1.6 -0.72 45.9061 
-1.6 -0.64 45.4688 
-1.6 -0.56 44.8459 
-1.6 -0.48 43.9645 
-1.6 -0.4 42.7296 
-1.6 -0.32 41.0252 
-1.6 -0.24 38.7266 
-1.6 -0.16 35.7381 
-1.6 -0.08 32.0825 
-1.6 6.93889e-16 28.0834 
-1.6 0.08 24.6784 
-1.6 0.16 23.8398 
-1.6 0.24 28.8586 
-1.6 0.32 43.8768 
-1.6 0.4 71.9267 
-1.6 0.48 111.932 
-1.6 0.56 157.869 
-1.6 0.64 202.42 
-1.6 0.72 240.549 
-1.6 0.8 269.381 
-1.6 0.88 287.757 
-1.6 0.96 296.891 
-1.6 1.04 300.062 
-1.6 1.12 300.679 
-1.6 1.2 300.678 
-1.6 1.28 300.642 
-1.6 1.36 300.632 
-1.6 1.44 300.63 
-1.6 1.52 300.63 
-1.6 1.6 300.63 
-1.6 1.68 300.63 
-1.6 1.76 300.63 
-1.6 1.84 300.63 
-1.6 1.92 300.63 
-1.52 -2 46.9032 
-1.52 -1.92 46.9017 
-1.52 -1.84 46.8995 
-1.52 -1.76 46.8964 
-1.52 -1.68 46.8919 
-1.52 -1.6 46.8854 
-1.52 -1.52 46.8759 
-1.52 -1.44 46.8623 
-1.52 -1.36 46.8426 
-1.52 -1.28 46.8142 
-1.52 -1.2 46.7731 
-1.52 -1.12 46.7139 
-1.52 -1.04 46.6283 
-1.52 -0.96 46.5051 
-1.52 -0.88 46.3275 
-1.52 -0.8 46.0724 
-1.52 -0.72 45.7065 
-1.52 -0.64 45.1839 
-1.52 -0.56 44.4414 
-1.52 -0.48 43.3948 
-1.52 -0.4 41.9375 
-1.52 -0.32 39.9449 
-1.52 -0.24 37.2974 
-1.52 -0.16 33.9398 
-1.52 -0.08 30.0138 
-1.52 6.93889e-16 26.1122 
-1.52 0.08 23.6846 
-1.52 0.16 25.4986 
-1.52 0.24 35.7302 
-1.52 0.32 58.829 
-1.52 0.4 96.5734 
-1.52 0.48 145.175 
-1.52 0.56 196.967 
-1.52 0.64 245.559 
-1.52 0.72 287.134 
-1.52 0.8 318.893 
-1.52 0.88 339.341 
-1.52 0.96 349.609 
-1.52 1.04 353.215 
-1.52 1.12 353.928 
-1.52 1.2 353.929 
-1.52 1.28 353.888 
-1.52 1.36 353.876 
-1.52 1.44 353.875 
-1.52 1.52 353.874 
-1.52 1.6 353.874 
-1.52 1.68 353.874 
-1.52 1.76 353.874 
-1.52 1.84 353.874 
-1.52 1.92 353.874 
-1.44 -2 46.9025 
-1.44 -1.92 46.9007 
-1.44 -1.84 46.8981 
-1.44 -1.76 46.8943 
-1.44 -1.68 46.8889 
-1.44 -1.6 46.8811 
-1.44 -1.52 46.8697 
-1.44 -1.44 46.8534 
-1.44 -1.36 46.8297 
-1.44 -1.28 46.7955 
-1.44 -1.2 46.7462 
-1.44 -1.12 46.675 
-1.44 -1.04 46.5723 
-1.44 -0.96 46.4243 
-1.44 -0.88 46.2114 
-1.44 -0.8 45.9056 
-1.44 -0.72 45.4678 
-1.44 -0.64 44.8439 
-1.44 -0.56 43.9604 
-1.44 -0.48 42.7212 
-1.44 -0.4 41.0086 
-1.44 -0.32 38.6944 
-1.44 -0.24 35.678 
-1.44 -0.16 31.9776 
-1.44 -0.08 27.9214 
-1.44 6.93889e-16 24.4922 
-1.44 0.08 23.8239 
-1.44 0.16 29.6264 
-1.44 0.24 46.8501 
-1.44 0.32 79.5514 
-1.44 0.4 127.111 
-1.44 0.48 182.943 
-1.44 0.56 239.395 
-1.44 0.64 291.869 
-1.44 0.72 337.154 
-1.44 0.8 372.014 
-1.44 0.88 394.575 
-1.44 0.96 405.979 
-1.44 1.04 410.031 
-1.44 1.12 410.851 
-1.44 1.2 410.861 
-1.44 1.28 410.817 
-1.44 1.36 410.804 
-1.44 1.44 410.802 
-1.44 1.52 410.802 
-1.44 1.6 410.802 
-1.44 1.68 410.802 
-1.44 1.76 410.802 
-1.44 1.84 410.802 
-1.44 1.92 410.802 
-1.36 -2 46.9017 
-1.36 -1.92 46.8995 
-1.36 -1.84 46.8964 
-1.36 -1.76 46.8919 
-1.36 -1.68 46.8854 
-1.36 -1.6 46.8759 
-1.36 -1.52 46.8623 
-1.36 -1.44 46.8426 
-1.36 -1.36 46.8142 
-1.36 -1.28 46.7731 
-1.36 -1.2 46.7138 
-1.36 -1.12 46.6283 
-1.36 -1.04 46.505 
-1.36 -0.96 46.3274 
-1.36 -0.88 46.0721 
-1.36 -0.8 45.7059 
-1.36 -0.72 45.1827 
-1.36 -0.64 44.439 
-1.36 -0.56 43.39 
-1.36 -0.48 41.9277 
-1.36 -0.4 39.9256 
-1.36 -0.32 37.2605 
-1.36 -0.24 33.8727 
-1.36 -0.16 29.9024 
-1.36 -0.08 25.9585 
-1.36 6.93889e-16 23.5678 
-1.36 0.08 25.7331 
-1.36 0.16 37.1658 
-1.36 0.24 63.1885 
-1.36 0.32 106.346 
-1.36 0.4 162.724 
-1.36 0.48 224.153 
-1.36 0.56 284.741 
-1.36 0.64 341.375 
-1.36 0.72 390.591 
-1.36 0.8 428.512 
-1.36 0.88 453.055 
-1.36 0.96 465.516 
-1.36 1.04 470.004 
-1.36 1.12 470.946 
-1.36 1.2 470.976 
-1.36 1.28 470.933 
-1.36 1.36 470.92 
-1.36 1.44 470.918 
-1.36 1.52 470.918 
-1.36 1.6 470.918 
-1.36 1.68 470.918 
-1.36 1.76 470.918 
-1.36 1.84 470.918 
-1.36 1.92 470.918 
-1.28 -2 46.9007 
-1.28 -1.92 46.8981 
-1.28 -1.84 46.8943 
-1.28 -1.76 46.8889 
-1.28 -1.68 46.8811 
-1.28 -1.6 46.8697 
-1.28 -1.52 46.8534 
-1.28 -1.44 46.8297 
-1.28 -1.36 46.7955 
-1.28 -1.28 46.7462 
-1.28 -1.2 46.675 
-1.28 -1.12 46.5722 
-1.28 -1.04 46.4242 
-1.28 -0.96 46.2112 
-1.28 -0.88 45.9053 
-1.28 -0.8 45.4672 
-1.28 -0.72 44.8425 
-1.28 -0.64 43.9575 
-1.28 -0.56 42.7155 
-1.28 -0.48 40.9971 
-1.28 -0.4 38.6721 
-1.28 -0.32 35.6362 
-1.28 -0.24 31.9043 
-1.28 -0.16 27.8083 
-1.28 -0.08 24.3638 
-1.28 6.93889e-16 23.8254 
-1.28 0.08 30.2224 
-1.28 0.16 49.1384 
-1.28 0.24 85.4391 
-1.28 0.32 138.82 
-1.28 0.4 202.236 
-1.28 0.48 268.15 
-1.28 0.56 333.025 
-1.28 0.64 394.137 
-1.28 0.72 447.201 
-1.28 0.8 487.824 
-1.28 0.88 513.998 
-1.28 0.96 527.335 
-1.28 1.04 532.222 
-1.28 1.12 533.304 
-1.28 1.2 533.37 
-1.28 1.28 533.335 
-1.28 1.36 533.323 
-1.28 1.44 533.321 
-1.28 1.52 533.321 
-1.28 1.6 533.321 
-1.28 1.68 533.321 
-1.28 1.76 533.321 
-1.28 1.84 533.321 
-1.28 1.92 533.321 
-1.2 -2 46.8995 
-1.2 -1.92 46.8964 
-1.2 -1.84 46.8919 
-1.2 -1.76 46.8854 
-1.2 -1.68 46.8759 
-1.2 -1.6 46.8623 
-1.2 -1.52 46.8426 
-1.2 -1.44 46.8142 
-1.2 -1.36 46.7731 
-1.2 -1.28 46.7138 
-1.2 -1.2 46.6283 
-1.2 -1.12 46.5049 
-1.2 -1.04 46.3273 
-1.2 -0.96 46.0719 
-1.2 -0.88 45.7055 
-1.2 -0.8 45.1819 
-1.2 -0.72 44.4373 
-1.2 -0.64 43.3866 
-1.2 -0.56 41.9209 
-1.2 -0.48 39.9122 
-1.2 -0.4 37.2348 
-1.2 -0.32 33.826 
-1.2 -0.24 29.8247 
-1.2 -0.16 25.8516 
-1.2 -0.08 23.49 
-1.2 6.93889e-16 25.917 
-1.2 0.08 38.2507 
-1.2 0.16 66.4863 
-1.2 0.24 113.742 
-1.2 0.32 175.948 
-1.2 0.4 244.663 
-1.2 0.48 314.819 
-1.2 0.56 384.398 
-1.2 0.64 449.988 
-1.2 0.72 506.351 
-1.2 0.8 548.931 
-1.2 0.88 576.158 
-1.2 0.96 590.082 
-1.2 1.04 595.295 
-1.2 1.12 596.529 
-1.2 1.2 596.649 
-1.2 1.28 596.628 
-1.2 1.36 596.619 
-1.2 1.44 596.618 
-1.2 1.52 596.618 
-1.2 1.6 596.618 
-1.2 1.68 596.618 
-1.2 1.76 596.618 
-1.2 1.84 596.618 
-1.2 1.92 596.618 
-1.12 -2 46.8981 
-1.12 -1.92 46.8943 
-1.12 -1.84 46.8889 
-1.12 -1.76 46.8811 
-1.12 -1.68 46.8697 
-1.12 -1.6 46.8534 
-1.12 -1.52 46.8297 
-1.12 -1.44 46.7955 
-1.12 -1.36 46.7462 
-1.12 -1.28 46.675 
-1.12 -1.2 46.5722 
-1.12 -1.12 46.4242 
-1.12 -1.04 46.2111 
-1.12 -0.96 45.905 
-1.12 -0.88 45.4667 
-1.12 -0.8 44.8416 
-1.12 -0.72 43.9556 
-1.12 -0.64 42.7115 
-1.12 -0.56 40.9892 
-1.12 -0.48 38.6566 
-1.12 -0.4 35.6071 
-1.12 -0.32 31.8533 
-1.12 -0.24 27.7296 
-1.12 -0.16 24.2753 
-1.12 -0.08 23.8328 
-1.12 6.93889e-16 30.6681 
-1.12 0.08 50.8411 
-1.12 0.16 89.8262 
-1.12 0.24 147.518 
-1.12 0.32 216.514 
-1.12 0.4 289.582 
-1.12 0.48 364.351 
-1.12 0.56 438.845 
-1.12 0.64 508.352 
-1.12 0.72 566.925 
-1.12 0.8 610.369 
-1.12 0.88 637.88 
-1.12 0.96 652.006 
-1.12 1.04 657.427 
-1.12 1.12 658.809 
-1.12 1.2 658.996 
-1.12 1.28 658.996 
-1.12 1.36 658.992 
-1.12 1.44 658.991 
-1.12 1.52 658.991 
-1.12 1.6 658.991 
-1.12 1.68 658.991 
-1.12 1.76 658.991 
-1.12 1.84 658.991 
-1.12 1.92 658.991 
-1.04 -2 46.8964 
-1.04 -1.92 46.8919 
-1.04 -1.84 46.8854 
-1.04 -1.76 46.8759 
-1.04 -1.68 46.8623 
-1.04 -1.6 46.8426 
-1.04 -1.52 46.8142 
-1.04 -1.44 46.7731 
-1.04 -1.36 46.7138 
-1.04 -1.28 46.6283 
-1.04 -1.2 46.5049 
-1.04 -1.12 46.3272 
-1.04 -1.04 46.0718 
-1.04 -0.96 45.7053 
-1.04 -0.88 45.1813 
-1.04 -0.8 44.4361 
-1.04 -0.72 43.3842 
-1.04 -0.64 41.9162 
-1.04 -0.56 39.9029 
-1.04 -0.48 37.217 
-1.04 -0.4 33.7935 
-1.04 -0.32 29.7707 
-1.04 -0.24 25.7774 
-1.04 -0.16 23.4376 
-1.04 -0.08 26.0553 
-1.04 6.93889e-16 39.0481 
-1.04 0.08 68.9112 
-1.04 0.16 119.176 
-1.04 0.24 185.617 
-1.04 0.32 259.659 
-1.04 0.4 337.075 
-1.04 0.48 416.9 
-1.04 0.56 495.964 
-1.04 0.64 568.15 
-1.04 0.72 627.382 
-1.04 0.8 670.375 
-1.04 0.88 697.302 
-1.04 0.96 711.181 
-1.04 1.04 716.65 
-1.04 1.12 718.152 
-1.04 1.2 718.412 
-1.04 1.28 718.437 
-1.04 1.36 718.438 
-1.04 1.44 718.438 
-1.04 1.52 718.438 
-1.04 1.6 718.438 
-1.04 1.68 718.438 
-1.04 1.76 718.438 
-1.04 1.84 718.438 
-1.04 1.92 718.438 
-0.96 -2 46.8943 
-0.96 -1.92 46.8889 
-0.96 -1.84 46.8811 
-0.96 -1.76 46.8697 
-0.96 -1.68 46.8534 
-0.96 -1.6 46.8297 
-0.96 -1.52 46.7955 
-0.96 -1.44 46.7462 
-0.96 -1.36 46.675 
-0.96 -1.28 46.5722 
-0.96 -1.2 46.4241 
-0.96 -1.12 46.211 
-0.96 -1.04 45.9049 
-0.96 -0.96 45.4664 
-0.96 -0.88 44.8409 
-0.96 -0.8 43.9542 
-0.96 -0.72 42.7087 
-0.96 -0.64 40.9836 
-0.96 -0.56 38.6458 
-0.96 -0.48 35.5869 
-0.96 -0.4 31.8179 
-0.96 -0.32 27.6749 
-0.96 -0.24 24.2142 
-0.96 -0.16 23.8411 
-0.96 -0.08 30.9933 
-0.96 6.93889e-16 52.0794 
-0.96 0.08 93.0182 
-0.96 0.16 153.825 
-0.96 0.24 226.83 
-0.96 0.32 305.141 
-0.96 0.4 387.406 
-0.96 0.48 472.321 
-0.96 0.56 554.842 
-0.96 0.64 627.872 
-0.96 0.72 685.964 
-0.96 0.8 727.153 
-0.96 0.88 752.643 
-0.96 0.96 765.828 
-0.96 1.04 771.165 
-0.96 1.12 772.736 
-0.96 1.2 773.061 
-0.96 1.28 773.111 
-0.96 1.36 773.118 
-0.96 1.44 773.118 
-0.96 1.52 773.118 
-0.96 1.6 773.118 
-0.96 1.68 773.118 
-0.96 1.76 773.118 
-0.96 1.84 773.118 
-0.96 1.92 773.118 
-0.88 -2 46.8919 
-0.88 -1.92 46.8854 
-0.88 -1.84 46.8759 
-0.88 -1.76 46.8623 
-0.88 -1.68 46.8426 
-0.88 -1.6 46.8142 
-0.88 -1.52 46.7731 
-0.88 -1.44 46.7138 
-0.88 -1.36 46.6283 
-0.88 -1.28 46.5049 
-0.88 -1.2 46.3272 
-0.88 -1.12 46.0717 
-0.88 -1.04 45.7051 
-0.88 -0.96 45.181 
-0.88 -0.88 44.4354 
-0.88 -0.8 43.3826 
-0.88 -0.72 41.9129 
-0.88 -0.64 39.8964 
-0.88 -0.56 37.2047 
-0.88 -0.48 33.771 
-0.88 -0.4 29.7332 
-0.88 -0.32 25.726 
-0.88 -0.24 23.4021 
-0.88 -0.16 26.1564 
-0.88 -0.08 39.6231 
-0.88 6.93889e-16 70.6603 
-0.88 0.08 123.09 
-0.88 0.16 192.553 
-0.88 0.24 270.414 
-0.88 0.32 353.162 
-0.88 0.4 440.691 
-0.88 0.48 529.978 
-0.88 0.56 614.085 
-0.88 0.64 685.789 
-0.88 0.72 740.968 
-0.88 0.8 779.154 
-0.88 0.88 802.501 
-0.88 0.96 814.623 
-0.88 1.04 819.659 
-0.88 1.12 821.24 
-0.88 1.2 821.613 
-0.88 1.28 821.684 
-0.88 1.36 821.696 
-0.88 1.44 821.698 
-0.88 1.52 821.698 
-0.88 1.6 821.698 
-0.88 1.68 821.698 
-0.88 1.76 821.698 
-0.88 1.84 821.698 
-0.88 1.92 821.698 
-0.8 -2 46.8889 
-0.8 -1.92 46.8811 
-0.8 -1.84 46.8697 
-0.8 -1.76 46.8534 
-0.8 -1.68 46.8297 
-0.8 -1.6 46.7955 
-0.8 -1.52 46.7462 
-0.8 -1.44 46.6749 
-0.8 -1.36 46.5722 
-0.8 -1.28 46.4241 
-0.8 -1.2 46.211 
-0.8 -1.12 45.9048 
-0.8 -1.04 45.4661 
-0.8 -0.96 44.8404 
-0.8 -0.88 43.9532 
-0.8 -0.8 42.7068 
-0.8 -0.72 40.9798 
-0.8 -0.64 38.6383 
-0.8 -0.56 35.5729 
-0.8 -0.48 31.7933 
-0.8 -0.4 27.6369 
-0.8 -0.32 24.172 
-0.8 -0.24 23.8484 
-0.8 -0.16 31.2266 
-0.8 -0.08 52.966 
-0.8 6.93889e-16 95.3038 
-0.8 0.08 158.328 
-0.8 0.16 234.174 
-0.8 0.24 316.252 
-0.8 0.32 404.014 
-0.8 0.4 496.648 
-0.8 0.48 588.704 
-0.8 0.56 672.014 
-0.8 0.64 740.237 
-0.8 0.72 791.003 
-0.8 0.8 825.313 
-0.8 0.88 846.065 
-0.8 0.96 856.89 
-0.8 1.04 861.501 
-0.8 1.12 863.032 
-0.8 1.2 863.431 
-0.8 1.28 863.518 
-0.8 1.36 863.533 
-0.8 1.44 863.535 
-0.8 1.52 863.536 
-0.8 1.6 863.536 
-0.8 1.68 863.536 
-0.8 1.76 863.536 
-0.8 1.84 863.536 
-0.8 1.92 863.536 
-0.72 -2 46.8854 
-0.72 -1.92 46.8759 
-0.72 -1.84 46.8623 
-0.72 -1.76 46.8426 
-0.72 -1.68 46.8142 
-0.72 -1.6 46.7731 
-0.72 -1.52 46.7138 
-0.72 -1.44 46.6283 
-0.72 -1.36 46.5049 
-0.72 -1.28 46.3272 
-0.72 -1.2 46.0716 
-0.72 -1.12 45.705 
-0.72 -1.04 45.1807 
-0.72 -0.96 44.4348 
-0.72 -0.88 43.3815 
-0.72 -0.8 41.9107 
-0.72 -0.72 39.892 
-0.72 -0.64 37.1961 
-0.72 -0.56 33.7554 
-0.72 -0.48 29.7072 
-0.72 -0.4 25.6903 
-0.72 -0.32 23.3779 
-0.72 -0.24 26.2291 
-0.72 -0.16 40.0324 
-0.72 -0.08 71.9056 
-0.72 6.93889e-16 125.874 
-0.72 0.08 197.469 
-0.72 0.16 278.034 
-0.72 0.24 364.619 
-0.72 0.32 457.76 
-0.72 0.4 554.453 
-0.72 0.48 646.929 
-0.72 0.56 726.95 
-0.72 0.64 789.861 
-0.72 0.72 835.175 
-0.72 0.8 865.162 
-0.72 0.88 883.154 
-0.72 0.96 892.594 
-0.72 1.04 896.709 
-0.72 1.12 898.141 
-0.72 1.2 898.543 
-0.72 1.28 898.638 
-0.72 1.36 898.656 
-0.72 1.44 898.659 
-0.72 1.52 898.659 
-0.72 1.6 898.659 
-0.72 1.68 898.659 
-0.72 1.76 898.659 
-0.72 1.84 898.659 
-0.72 1.92 898.659 
-0.64 -2 46.8811 
-0.64 -1.92 46.8697 
-0.64 -1.84 46.8534 
-0.64 -1.76 46.8297 
-0.64 -1.68 46.7955 
-0.64 -1.6 46.7462 
-0.64 -1.52 46.6749 
-0.64 -1.44 46.5722 
-0.64 -1.36 46.4241 
-0.64 -1.28 46.2109 
-0.64 -1.2 45.9047 
-0.64 -1.12 45.466 
-0.64 -1.04 44.8401 
-0.64 -0.96 43.9526 
-0.64 -0.88 42.7055 
-0.64 -0.8 40.9771 
-0.64 -0.72 38.6331 
-0.64 -0.64 35.5632 
-0.64 -0.56 31.7762 
-0.64 -0.48 27.6106 
-0.64 -0.4 24.1429 
-0.64 -0.32 23.8543 
-0.64 -0.24 31.3921 
-0.64 -0.16 53.5941 
-0.64 -0.08 96.9226 
-0.64 6.93889e-16 161.511 
-0.64 0.08 239.353 
-0.64 0.16 324.103 
-0.64 0.24 415.815 
-0.64 0.32 514.002 
-0.64 0.4 612.768 
-0.64 0.48 702.954 
-0.64 0.56 777.47 
-0.64 0.64 833.777 
-0.64 0.72 873.164 
-0.64 0.8 898.798 
-0.64 0.88 914.104 
-0.64 0.96 922.182 
-0.64 1.04 925.773 
-0.64 1.12 927.072 
-0.64 1.2 927.458 
-0.64 1.28 927.553 
-0.64 1.36 927.572 
-0.64 1.44 927.574 
-0.64 1.52 927.574 
-0.64 1.6 927.574 
-0.64 1.68 927.574 
-0.64 1.76 927.574 
-0.64 1.84 927.574 
-0.64 1.92 927.574 
-0.56 -2 46.8759 
-0.56 -1.92 46.8623 
-0.56 -1.84 46.8426 
-0.56 -1.76 46.8142 
-0.56 -1.68 46.7731 
-0.56 -1.6 46.7138 
-0.56 -1.52 46.6283 
-0.56 -1.44 46.5049 
-0.56 -1.36 46.3272 
-0.56 -1.28 46.0716 
-0.56 -1.2 45.7049 
-0.56 -1.12 45.1805 
-0.56 -1.04 44.4344 
-0.56 -0.96 43.3807 
-0.56 -0.88 41.9091 
-0.56 -0.8 39.8889 
-0.56 -0.72 37.1902 
-0.56 -0.64 33.7446 
-0.56 -0.56 29.6891 
-0.56 -0.48 25.6656 
-0.56 -0.4 23.3613 
-0.56 -0.32 26.2808 
-0.56 -0.24 40.3212 
-0.56 -0.16 72.7843 
-0.56 -0.08 127.836 
-0.56 6.93889e-16 200.926 
-0.56 0.08 283.391 
-0.56 0.16 372.701 
-0.56 0.24 469.852 
-0.56 0.32 571.779 
-0.56 0.4 669.945 
-0.56 0.48 755.235 
-0.56 0.56 822.58 
-0.56 0.64 871.644 
-0.56 0.72 905.158 
-0.56 0.8 926.72 
-0.56 0.88 939.556 
-0.56 0.96 946.363 
-0.56 1.04 949.435 
-0.56 1.12 950.579 
-0.56 1.2 950.932 
-0.56 1.28 951.023 
-0.56 1.36 951.041 
-0.56 1.44 951.043 
-0.56 1.52 951.043 
-0.56 1.6 951.044 
-0.56 1.68 951.044 
-0.56 1.76 951.044 
-0.56 1.84 951.044 
-0.56 1.92 951.044 
-0.48 -2 46.8697 
-0.48 -1.92 46.8534 
-0.48 -1.84 46.8297 
-0.48 -1.76 46.7955 
-0.48 -1.68 46.7462 
-0.48 -1.6 46.6749 
-0.48 -1.52 46.5722 
-0.48 -1.44 46.4241 
-0.48 -1.36 46.2109 
-0.48 -1.28 45.9046 
-0.48 -1.2 45.4659 
-0.48 -1.12 44.8399 
-0.48 -1.04 43.9521 
-0.48 -0.96 42.7045 
-0.48 -0.88 40.9753 
-0.48 -0.8 38.6296 
-0.48 -0.72 35.5565 
-0.48 -0.64 31.7644 
-0.48 -0.56 27.5924 
-0.48 -0.48 24.1227 
-0.48 -0.4 23.8587 
-0.48 -0.32 31.5085 
-0.48 -0.24 54.0358 
-0.48 -0.16 98.0608 
-0.48 -0.08 163.744 
-0.48 6.93889e-16 242.982 
-0.48 0.08 329.612 
-0.48 0.16 424.125 
-0.48 0.24 526.243 
-0.48 0.32 629.644 
-0.48 0.4 724.327 
-0.48 0.48 802.587 
-0.48 0.56 861.792 
-0.48 0.64 903.618 
-0.48 0.72 931.701 
-0.48 0.8 949.627 
-0.48 0.88 960.27 
-0.48 0.96 965.928 
-0.48 1.04 968.508 
-0.48 1.12 969.489 
-0.48 1.2 969.8 
-0.48 1.28 969.882 
-0.48 1.36 969.899 
-0.48 1.44 969.901 
-0.48 1.52 969.901 
-0.48 1.6 969.901 
-0.48 1.68 969.901 
-0.48 1.76 969.901 
-0.48 1.84 969.901 
-0.48 1.92 969.901 
-0.4 -2 46.8623 
-0.4 -1.92 46.8426 
-0.4 -1.84 46.8142 
-0.4 -1.76 46.7731 
-0.4 -1.68 46.7138 
-0.4 -1.6 46.6282 
-0.4 -1.52 46.5049 
-0.4 -1.44 46.3271 
-0.4 -1.36 46.0715 
-0.4 -1.28 45.7048 
-0.4 -1.2 45.1804 
-0.4 -1.12 44.4342 
-0.4 -1.04 43.3802 
-0.4 -0.96 41.908 
-0.4 -0.88 39.8867 
-0.4 -0.8 37.1861 
-0.4 -0.72 33.7371 
-0.4 -0.64 29.6766 
-0.4 -0.56 25.6485 
-0.4 -0.48 23.3499 
-0.4 -0.4 26.3171 
-0.4 -0.32 40.5237 
-0.4 -0.24 73.4005 
-0.4 -0.16 129.211 
-0.4 -0.08 203.344 
-0.4 6.93889e-16 287.137 
-0.4 0.08 378.366 
-0.4 0.16 478.349 
-0.4 0.24 583.929 
-0.4 0.32 685.924 
-0.4 0.4 774.508 
-0.4 0.48 844.292 
-0.4 0.56 895.125 
-0.4 0.64 930.208 
-0.4 0.72 953.493 
-0.4 0.8 968.264 
-0.4 0.88 977.001 
-0.4 0.96 981.644 
-0.4 1.04 983.774 
-0.4 1.12 984.595 
-0.4 1.2 984.86 
-0.4 1.28 984.931 
-0.4 1.36 984.945 
-0.4 1.44 984.947 
-0.4 1.52 984.947 
-0.4 1.6 984.947 
-0.4 1.68 984.947 
-0.4 1.76 984.947 
-0.4 1.84 984.947 
-0.4 1.92 984.947 
-0.32 -2 46.8534 
-0.32 -1.92 46.8297 
-0.32 -1.84 46.7955 
-0.32 -1.76 46.7462 
-0.32 -1.68 46.6749 
-0.32 -1.6 46.5722 
-0.32 -1.52 46.4241 
-0.32 -1.44 46.2109 
-0.32 -1.36 45.9046 
-0.32 -1.28 45.4658 
-0.32 -1.2 44.8397 
-0.32 -1.12 43.9518 
-0.32 -1.04 42.7039 
-0.32 -0.96 40.974 
-0.32 -0.88 38.6271 
-0.32 -0.8 35.5518 
-0.32 -0.72 31.7562 
-0.32 -0.64 27.5798 
-0.32 -0.56 24.1088 
-0.32 -0.48 23.862 
-0.32 -0.4 31.5901 
-0.32 -0.32 54.3448 
-0.32 -0.24 98.857 
-0.32 -0.16 165.305 
-0.32 -0.08 245.514 
-0.32 6.93889e-16 333.461 
-0.32 0.08 429.944 
-0.32 0.16 534.818 
-0.32 0.24 641.4 
-0.32 0.32 739.017 
-0.32 0.4 819.489 
-0.32 0.48 880.136 
-0.32 0.56 922.988 
-0.32 0.64 952.097 
-0.32 0.72 971.257 
-0.32 0.8 983.332 
-0.32 0.88 990.436 
-0.32 0.96 994.2 
-0.32 1.04 995.931 
-0.32 1.12 996.603 
-0.32 1.2 996.823 
-0.32 1.28 996.882 
-0.32 1.36 996.894 
-0.32 1.44 996.896 
-0.32 1.52 996.896 
-0.32 1.6 996.896 
-0.32 1.68 996.896 
-0.32 1.76 996.896 
-0.32 1.84 996.896 
-0.32 1.92 996.896 
-0.24 -2 46.8426 
-0.24 -1.92 46.8142 
-0.24 -1.84 46.7731 
-0.24 -1.76 46.7138 
-0.24 -1.68 46.6282 
-0.24 -1.6 46.5049 
-0.24 -1.52 46.3271 
-0.24 -1.44 46.0715 
-0.24 -1.36 45.7048 
-0.24 -1.28 45.1803 
-0.24 -1.2 44.434 
-0.24 -1.12 43.3798 
-0.24 -1.04 41.9073 
-0.24 -0.96 39.8853 
-0.24 -0.88 37.1832 
-0.24 -0.8 33.7319 
-0.24 -0.72 29.668 
-0.24 -0.64 25.6367 
-0.24 -0.56 23.3421 
-0.24 -0.48 26.3426 
-0.24 -0.4 40.6652 
-0.24 -0.32 73.8309 
-0.24 -0.24 130.17 
-0.24 -0.16 205.029 
-0.24 -0.08 289.747 
-0.24 6.93889e-16 382.319 
-0.24 0.08 484.288 
-0.24 0.16 592.405 
-0.24 0.24 696.974 
-0.24 0.32 787.63 
-0.24 0.4 858.75 
-0.24 0.48 910.349 
-0.24 0.56 946.019 
-0.24 0.64 969.994 
-0.24 0.72 985.656 
-0.24 0.8 995.451 
-0.24 0.88 1001.17 
-0.24 0.96 1004.19 
-0.24 1.04 1005.58 
-0.24 1.12 1006.12 
-0.24 1.2 1006.3 
-0.24 1.28 1006.35 
-0.24 1.36 1006.36 
-0.24 1.44 1006.36 
-0.24 1.52 1006.36 
-0.24 1.6 1006.36 
-0.24 1.68 1006.36 
-0.24 1.76 1006.36 
-0.24 1.84 1006.36 
-0.24 1.92 1006.36 
-0.16 -2 46.8297 
-0.16 -1.92 46.7955 
-0.16 -1.84 46.7462 
-0.16 -1.76 46.6749 
-0.16 -1.68 46.5722 
-0.16 -1.6 46.4241 
-0.16 -1.52 46.2109 
-0.16 -1.44 45.9046 
-0.16 -1.36 45.4658 
-0.16 -1.28 44.8396 
-0.16 -1.2 43.9516 
-0.16 -1.12 42.7035 
-0.16 -1.04 40.9732 
-0.16 -0.96 38.6254 
-0.16 -0.88 35.5486 
-0.16 -0.8 31.7506 
-0.16 -0.72 27.5711 
-0.16 -0.64 24.0992 
-0.16 -0.56 23.8643 
-0.16 -0.48 31.647 
-0.16 -0.4 54.5602 
-0.16 -0.32 99.4121 
-0.16 -0.24 166.391 
-0.16 -0.16 247.276 
-0.16 -0.08 336.14 
-0.16 6.93889e-16 434.002 
-0.16 0.08 540.798 
-0.16 0.16 649.56 
-0.16 0.24 749.106 
-0.16 0.32 830.901 
-0.16 0.4 892.25 
-0.16 0.48 935.467 
-0.16 0.56 964.916 
-0.16 0.64 984.549 
-0.16 0.72 997.268 
-0.16 0.8 1005.15 
-0.16 0.88 1009.73 
-0.16 0.96 1012.13 
-0.16 1.04 1013.23 
-0.16 1.12 1013.65 
-0.16 1.2 1013.8 
-0.16 1.28 1013.83 
-0.16 1.36 1013.84 
-0.16 1.44 1013.84 
-0.16 1.52 1013.84 
-0.16 1.6 1013.84 
-0.16 1.68 1013.84 
-0.16 1.76 1013.84 
-0.16 1.84 1013.84 
-0.16 1.92 1013.84 
-0.08 -2 46.8142 
-0.08 -1.92 46.7731 
-0.08 -1.84 46.7138 
-0.08 -1.76 46.6282 
-0.08 -1.68 46.5049 
-0.08 -1.6 46.3271 
-0.08 -1.52 46.0715 
-0.08 -1.44 45.7047 
-0.08 -1.36 45.1802 
-0.08 -1.28 44.4338 
-0.08 -1.2 43.3795 
-0.08 -1.12 41.9067 
-0.08 -1.04 39.8842 
-0.08 -0.96 37.1812 
-0.08 -0.88 33.7283 
-0.08 -0.8 29.662 
-0.08 -0.72 25.6285 
-0.08 -0.64 23.3367 
-0.08 -0.56 26.3603 
-0.08 -0.48 40.7637 
-0.08 -0.4 74.1305 
-0.08 -0.32 130.838 
-0.08 -0.24 206.201 
-0.08 -0.16 291.562 
-0.08 -0.08 385.071 
-0.08 6.93889e-16 488.426 
-0.08 0.08 598.298 
-0.08 0.16 704.607 
-0.08 0.24 796.585 
-0.08 0.32 868.445 
-0.08 0.4 920.345 
-0.08 0.48 956.167 
-0.08 0.56 980.342 
-0.08 0.64 996.329 
-0.08 0.72 1006.59 
-0.08 0.8 1012.89 
-0.08 0.88 1016.52 
-0.08 0.96 1018.41 
-0.08 1.04 1019.28 
-0.08 1.12 1019.61 
-0.08 1.2 1019.73 
-0.08 1.28 1019.76 
-0.08 1.36 1019.76 
-0.08 1.44 1019.76 
-0.08 1.52 1019.76 
-0.08 1.6 1019.76 
-0.08 1.68 1019.76 
-0.08 1.76 1019.76 
-0.08 1.84 1019.76 
-0.08 1.92 1019.76 
2.47025e-15 -2 46.7955 
2.47025e-15 -1.92 46.7462 
2.47025e-15 -1.84 46.6749 
2.47025e-15 -1.76 46.5722 
2.47025e-15 -1.68 46.4241 
2.47025e-15 -1.6 46.2109 
2.47025e-15 -1.52 45.9046 
2.47025e-15 -1.44 45.4657 
2.47025e-15 -1.36 44.8396 
2.47025e-15 -1.28 43.9514 
2.47025e-15 -1.2 42.7032 
2.47025e-15 -1.12 40.9725 
2.47025e-15 -1.04 38.6242 
2.47025e-15 -0.96 35.5463 
2.47025e-15 -0.88 31.7467 
2.47025e-15 -0.8 27.565 
2.47025e-15 -0.72 24.0925 
2.47025e-15 -0.64 23.866 
2.47025e-15 -0.56 31.6865 
2.47025e-15 -0.48 54.7101 
2.47025e-15 -0.4 99.7982 
2.47025e-15 -0.32 167.147 
2.47025e-15 -0.24 248.501 
2.47025e-15 -0.16 338.003 
2.47025e-15 -0.08 436.825 
2.47025e-15 6.93889e-16 544.957 
2.47025e-15 0.08 655.215 
2.47025e-15 0.16 756.041 
2.47025e-15 0.24 838.646 
2.47025e-15 0.32 900.332 
2.47025e-15 0.4 943.631 
2.47025e-15 0.48 973.129 
2.47025e-15 0.56 992.878 
2.47025e-15 0.64 1005.82 
2.47025e-15 0.72 1014.04 
2.47025e-15 0.8 1019.05 
2.47025e-15 0.88 1021.91 
2.47025e-15 0.96 1023.4 
2.47025e-15 1.04 1024.07 
2.47025e-15 1.12 1024.34 
2.47025e-15 1.2 1024.42 
2.47025e-15 1.28 1024.45 
2.47025e-15 1.36 1024.45 
2.47025e-15 1.44 1024.45 
2.47025e-15 1.52 1024.45 
2.47025e-15 1.6 1024.45 
2.47025e-15 1.68 1024.45 
2.47025e-15 1.76 1024.45 
2.47025e-15 1.84 1024.45 
2.47025e-15 1.92 1024.45 
0.08 -2 46.7731 
0.08 -1.92 46.7138 
0.08 -1.84 46.6282 
0.08 -1.76 46.5049 
0.08 -1.68 46.3271 
0.08 -1.6 46.0715 
0.08 -1.52 45.7047 
0.08 -1.44 45.1802 
0.08 -1.36 44.4338 
0.08 -1.28 43.3794 
0.08 -1.2 41.9064 
0.08 -1.12 39.8835 
0.08 -1.04 37.1799 
0.08 -0.96 33.7258 
0.08 -0.88 29.6579 
0.08 -0.8 25.6229 
0.08 -0.72 23.333 
0.08 -0.64 26.3727 
0.08 -0.56 40.8321 
0.08 -0.48 74.3388 
0.08 -0.4 131.302 
0.08 -0.32 207.015 
0.08 -0.24 292.822 
0.08 -0.16 386.983 
0.08 -0.08 491.303 
0.08 6.93889e-16 602.388 
0.08 0.08 709.878 
0.08 0.16 802.714 
0.08 0.24 874.994 
0.08 0.32 926.99 
0.08 0.4 962.794 
0.08 0.48 986.968 
0.08 0.56 1003.02 
0.08 0.64 1013.43 
0.08 0.72 1019.98 
0.08 0.8 1023.94 
0.08 0.88 1026.19 
0.08 0.96 1027.36 
0.08 1.04 1027.88 
0.08 1.12 1028.08 
0.08 1.2 1028.15 
0.08 1.28 1028.17 
0.08 1.36 1028.17 
0.08 1.44 1028.17 
0.08 1.52 1028.17 
0.08 1.6 1028.17 
0.08 1.68 1028.17 
0.08 1.76 1028.17 
0.08 1.84 1028.17 
0.08 1.92 1028.17 
