0.0001 0.01 25.6551 
0.0001 0.0120226 25.6551 
0.0001 0.0144544 25.6551 
0.0001 0.017378 25.6551 
0.0001 0.020893 25.655 
0.0001 0.0251189 25.655 
0.0001 0.0301995 25.655 
0.0001 0.0363078 25.655 
0.0001 0.0436516 25.6549 
0.0001 0.0524807 25.6549 
0.0001 0.0630957 25.6548 
0.0001 0.0758578 25.6547 
0.0001 0.0912011 25.6545 
0.0001 0.109648 25.6543 
0.0001 0.131826 25.6539 
0.0001 0.158489 25.6535 
0.0001 0.190546 25.6527 
0.0001 0.229087 25.6517 
0.0001 0.275423 25.6502 
0.0001 0.331131 25.648 
0.0001 0.398107 25.6449 
0.0001 0.47863 25.6404 
0.0001 0.57544 25.634 
0.0001 0.691831 25.6248 
0.0001 0.831764 25.6117 
0.0001 1 25.5931 
0.0001 1.20226 25.5672 
0.0001 1.44544 25.5313 
0.0001 1.7378 25.4826 
0.0001 2.0893 25.4182 
0.0001 2.51189 25.3363 
0.0001 3.01995 25.2373 
0.0001 3.63078 25.1252 
0.0001 4.36516 25.0092 
0.0001 5.24807 24.9021 
0.0001 6.30957 24.8165 
0.0001 7.58578 24.7596 
0.0001 9.12011 24.7297 
0.0001 10.9648 24.7182 
0.0001 13.1826 24.7152 
0.0001 15.8489 24.7147 
0.0001 19.0546 24.7146 
0.0001 22.9087 24.7146 
0.0001 27.5423 24.7146 
0.0001 33.1131 24.7146 
0.0001 39.8107 24.7146 
0.0001 47.863 24.7146 
0.0001 57.544 24.7146 
0.0001 69.1831 24.7146 
0.0001 83.1764 24.7146 
0.000120226 0.01 25.6551 
0.000120226 0.0120226 25.6551 
0.000120226 0.0144544 25.6551 
0.000120226 0.017378 25.655 
0.000120226 0.020893 25.655 
0.000120226 0.0251189 25.655 
0.000120226 0.0301995 25.655 
0.000120226 0.0363078 25.655 
0.000120226 0.0436516 25.6549 
0.000120226 0.0524807 25.6549 
0.000120226 0.0630957 25.6548 
0.000120226 0.0758578 25.6546 
0.000120226 0.0912011 25.6544 
0.000120226 0.109648 25.6541 
0.000120226 0.131826 25.6537 
0.000120226 0.158489 25.6531 
0.000120226 0.190546 25.6523 
0.000120226 0.229087 25.651 
0.000120226 0.275423 25.6492 
0.000120226 0.331131 25.6466 
0.000120226 0.398107 25.6429 
0.000120226 0.47863 25.6375 
0.000120226 0.57544 25.6297 
0.000120226 0.691831 25.6187 
0.000120226 0.831764 25.6029 
0.000120226 1 25.5806 
0.000120226 1.20226 25.5494 
0.000120226 1.44544 25.5063 
0.000120226 1.7378 25.4478 
0.000120226 2.0893 25.3706 
0.000120226 2.51189 25.2724 
0.000120226 3.01995 25.1537 
0.000120226 3.63078 25.0195 
0.000120226 4.36516 24.8808 
0.000120226 5.24807 24.7529 
0.000120226 6.30957 24.6508 
0.000120226 7.58578 24.5829 
0.000120226 9.12011 24.5473 
0.000120226 10.9648 24.5335 
0.000120226 13.1826 24.5299 
0.000120226 15.8489 24.5294 
0.000120226 19.0546 24.5293 
0.000120226 22.9087 24.5293 
0.000120226 27.5423 24.5293 
0.000120226 33.1131 24.5293 
0.000120226 39.8107 24.5293 
0.000120226 47.863 24.5293 
0.000120226 57.544 24.5293 
0.000120226 69.1831 24.5293 
0.000120226 83.1764 24.5293 
0.000144544 0.01 25.6551 
0.000144544 0.0120226 25.6551 
0.000144544 0.0144544 25.6551 
0.000144544 0.017378 25.655 
0.000144544 0.020893 25.655 
0.000144544 0.0251189 25.655 
0.000144544 0.0301995 25.655 
0.000144544 0.0363078 25.6549 
0.000144544 0.0436516 25.6549 
0.000144544 0.0524807 25.6548 
0.000144544 0.0630957 25.6547 
0.000144544 0.0758578 25.6545 
0.000144544 0.0912011 25.6543 
0.000144544 0.109648 25.6539 
0.000144544 0.131826 25.6534 
0.000144544 0.158489 25.6527 
0.000144544 0.190546 25.6517 
0.000144544 0.229087 25.6502 
0.000144544 0.275423 25.648 
0.000144544 0.331131 25.6449 
0.000144544 0.398107 25.6404 
0.000144544 0.47863 25.6339 
0.000144544 0.57544 25.6246 
0.000144544 0.691831 25.6113 
0.000144544 0.831764 25.5924 
0.000144544 1 25.5656 
0.000144544 1.20226 25.5281 
0.000144544 1.44544 25.4763 
0.000144544 1.7378 25.4061 
0.000144544 2.0893 25.3135 
0.000144544 2.51189 25.1958 
0.000144544 3.01995 25.0536 
0.000144544 3.63078 24.8931 
0.000144544 4.36516 24.7275 
0.000144544 5.24807 24.5749 
0.000144544 6.30957 24.4533 
0.000144544 7.58578 24.3725 
0.000144544 9.12011 24.3301 
0.000144544 10.9648 24.3137 
0.000144544 13.1826 24.3094 
0.000144544 15.8489 24.3087 
0.000144544 19.0546 24.3087 
0.000144544 22.9087 24.3087 
0.000144544 27.5423 24.3087 
0.000144544 33.1131 24.3087 
0.000144544 39.8107 24.3087 
0.000144544 47.863 24.3087 
0.000144544 57.544 24.3087 
0.000144544 69.1831 24.3087 
0.000144544 83.1764 24.3087 
0.00017378 0.01 25.6551 
0.00017378 0.0120226 25.6551 
0.00017378 0.0144544 25.655 
0.00017378 0.017378 25.655 
0.00017378 0.020893 25.655 
0.00017378 0.0251189 25.655 
0.00017378 0.0301995 25.655 
0.00017378 0.0363078 25.6549 
0.00017378 0.0436516 25.6549 
0.00017378 0.0524807 25.6548 
0.00017378 0.0630957 25.6546 
0.00017378 0.0758578 25.6544 
0.00017378 0.0912011 25.6541 
0.00017378 0.109648 25.6537 
0.00017378 0.131826 25.6531 
0.00017378 0.158489 25.6523 
0.00017378 0.190546 25.651 
0.00017378 0.229087 25.6492 
0.00017378 0.275423 25.6466 
0.00017378 0.331131 25.6428 
0.00017378 0.398107 25.6374 
0.00017378 0.47863 25.6296 
0.00017378 0.57544 25.6184 
0.00017378 0.691831 25.6025 
0.00017378 0.831764 25.5797 
0.00017378 1 25.5476 
0.00017378 1.20226 25.5025 
0.00017378 1.44544 25.4403 
0.00017378 1.7378 25.3561 
0.00017378 2.0893 25.245 
0.00017378 2.51189 25.104 
0.00017378 3.01995 24.9338 
0.00017378 3.63078 24.7422 
0.00017378 4.36516 24.5446 
0.00017378 5.24807 24.3629 
0.00017378 6.30957 24.2183 
0.00017378 7.58578 24.1223 
0.00017378 9.12011 24.0719 
0.00017378 10.9648 24.0525 
0.00017378 13.1826 24.0474 
0.00017378 15.8489 24.0466 
0.00017378 19.0546 24.0465 
0.00017378 22.9087 24.0465 
0.00017378 27.5423 24.0465 
0.00017378 33.1131 24.0465 
0.00017378 39.8107 24.0465 
0.00017378 47.863 24.0465 
0.00017378 57.544 24.0465 
0.00017378 69.1831 24.0465 
0.00017378 83.1764 24.0465 
0.00020893 0.01 25.6551 
0.00020893 0.0120226 25.6551 
0.00020893 0.0144544 25.655 
0.00020893 0.017378 25.655 
0.00020893 0.020893 25.655 
0.00020893 0.0251189 25.655 
0.00020893 0.0301995 25.6549 
0.00020893 0.0363078 25.6549 
0.00020893 0.0436516 25.6548 
0.00020893 0.0524807 25.6547 
0.00020893 0.0630957 25.6545 
0.00020893 0.0758578 25.6543 
0.00020893 0.0912011 25.6539 
0.00020893 0.109648 25.6534 
0.00020893 0.131826 25.6527 
0.00020893 0.158489 25.6517 
0.00020893 0.190546 25.6502 
0.00020893 0.229087 25.648 
0.00020893 0.275423 25.6449 
0.00020893 0.331131 25.6404 
0.00020893 0.398107 25.6338 
0.00020893 0.47863 25.6245 
0.00020893 0.57544 25.611 
0.00020893 0.691831 25.5918 
0.00020893 0.831764 25.5645 
0.00020893 1 25.5259 
0.00020893 1.20226 25.4718 
0.00020893 1.44544 25.3971 
0.00020893 1.7378 25.2961 
0.00020893 2.0893 25.1629 
0.00020893 2.51189 24.9941 
0.00020893 3.01995 24.7907 
0.00020893 3.63078 24.562 
0.00020893 4.36516 24.3268 
0.00020893 5.24807 24.111 
0.00020893 6.30957 23.9394 
0.00020893 7.58578 23.8257 
0.00020893 9.12011 23.766 
0.00020893 10.9648 23.7429 
0.00020893 13.1826 23.7369 
0.00020893 15.8489 23.7359 
0.00020893 19.0546 23.7358 
0.00020893 22.9087 23.7358 
0.00020893 27.5423 23.7358 
0.00020893 33.1131 23.7358 
0.00020893 39.8107 23.7358 
0.00020893 47.863 23.7358 
0.00020893 57.544 23.7358 
0.00020893 69.1831 23.7358 
0.00020893 83.1764 23.7358 
0.000251189 0.01 25.6551 
0.000251189 0.0120226 25.655 
0.000251189 0.0144544 25.655 
0.000251189 0.017378 25.655 
0.000251189 0.020893 25.655 
0.000251189 0.0251189 25.655 
0.000251189 0.0301995 25.6549 
0.000251189 0.0363078 25.6549 
0.000251189 0.0436516 25.6548 
0.000251189 0.0524807 25.6546 
0.000251189 0.0630957 25.6544 
0.000251189 0.0758578 25.6541 
0.000251189 0.0912011 25.6537 
0.000251189 0.109648 25.6531 
0.000251189 0.131826 25.6523 
0.000251189 0.158489 25.651 
0.000251189 0.190546 25.6492 
0.000251189 0.229087 25.6466 
0.000251189 0.275423 25.6428 
0.000251189 0.331131 25.6374 
0.000251189 0.398107 25.6296 
0.000251189 0.47863 25.6183 
0.000251189 0.57544 25.6022 
0.000251189 0.691831 25.5791 
0.000251189 0.831764 25.5462 
0.000251189 1 25.4998 
0.000251189 1.20226 25.4349 
0.000251189 1.44544 25.3453 
0.000251189 1.7378 25.2241 
0.000251189 2.0893 25.0646 
0.000251189 2.51189 24.8627 
0.000251189 3.01995 24.6199 
0.000251189 3.63078 24.3474 
0.000251189 4.36516 24.068 
0.000251189 5.24807 23.8121 
0.000251189 6.30957 23.6092 
0.000251189 7.58578 23.4749 
0.000251189 9.12011 23.4044 
0.000251189 10.9648 23.3771 
0.000251189 13.1826 23.37 
0.000251189 15.8489 23.3689 
0.000251189 19.0546 23.3688 
0.000251189 22.9087 23.3688 
0.000251189 27.5423 23.3688 
0.000251189 33.1131 23.3688 
0.000251189 39.8107 23.3688 
0.000251189 47.863 23.3688 
0.000251189 57.544 23.3688 
0.000251189 69.1831 23.3688 
0.000251189 83.1764 23.3688 
0.000301995 0.01 25.6551 
0.000301995 0.0120226 25.655 
0.000301995 0.0144544 25.655 
0.000301995 0.017378 25.655 
0.000301995 0.020893 25.655 
0.000301995 0.0251189 25.6549 
0.000301995 0.0301995 25.6549 
0.000301995 0.0363078 25.6548 
0.000301995 0.0436516 25.6547 
0.000301995 0.0524807 25.6545 
0.000301995 0.0630957 25.6543 
0.000301995 0.0758578 25.6539 
0.000301995 0.0912011 25.6534 
0.000301995 0.109648 25.6527 
0.000301995 0.131826 25.6517 
0.000301995 0.158489 25.6502 
0.000301995 0.190546 25.648 
0.000301995 0.229087 25.6449 
0.000301995 0.275423 25.6403 
0.000301995 0.331131 25.6338 
0.000301995 0.398107 25.6244 
0.000301995 0.47863 25.6109 
0.000301995 0.57544 25.5915 
0.000301995 0.691831 25.5637 
0.000301995 0.831764 25.5243 
0.000301995 1 25.4685 
0.000301995 1.20226 25.3906 
0.000301995 1.44544 25.2831 
0.000301995 1.7378 25.1379 
0.000301995 2.0893 24.947 
0.000301995 2.51189 24.7057 
0.000301995 3.01995 24.4163 
0.000301995 3.63078 24.0923 
0.000301995 4.36516 23.7611 
0.000301995 5.24807 23.4588 
0.000301995 6.30957 23.2197 
0.000301995 7.58578 23.0616 
0.000301995 9.12011 22.9787 
0.000301995 10.9648 22.9466 
0.000301995 13.1826 22.9382 
0.000301995 15.8489 22.9368 
0.000301995 19.0546 22.9367 
0.000301995 22.9087 22.9367 
0.000301995 27.5423 22.9367 
0.000301995 33.1131 22.9367 
0.000301995 39.8107 22.9367 
0.000301995 47.863 22.9367 
0.000301995 57.544 22.9367 
0.000301995 69.1831 22.9367 
0.000301995 83.1764 22.9367 
0.000363078 0.01 25.655 
0.000363078 0.0120226 25.655 
0.000363078 0.0144544 25.655 
0.000363078 0.017378 25.655 
0.000363078 0.020893 25.655 
0.000363078 0.0251189 25.6549 
0.000363078 0.0301995 25.6549 
0.000363078 0.0363078 25.6548 
0.000363078 0.0436516 25.6546 
0.000363078 0.0524807 25.6544 
0.000363078 0.0630957 25.6541 
0.000363078 0.0758578 25.6537 
0.000363078 0.0912011 25.6531 
0.000363078 0.109648 25.6523 
0.000363078 0.131826 25.651 
0.000363078 0.158489 25.6492 
0.000363078 0.190546 25.6466 
0.000363078 0.229087 25.6428 
0.000363078 0.275423 25.6374 
0.000363078 0.331131 25.6295 
0.000363078 0.398107 25.6182 
0.000363078 0.47863 25.6019 
0.000363078 0.57544 25.5786 
0.000363078 0.691831 25.5453 
0.000363078 0.831764 25.4979 
0.000363078 1 25.431 
0.000363078 1.20226 25.3375 
0.000363078 1.44544 25.2086 
0.000363078 1.7378 25.0346 
0.000363078 2.0893 24.8064 
0.000363078 2.51189 24.5185 
0.000363078 3.01995 24.174 
0.000363078 3.63078 23.7898 
0.000363078 4.36516 23.3984 
0.000363078 5.24807 23.0426 
0.000363078 6.30957 22.762 
0.000363078 7.58578 22.5769 
0.000363078 9.12011 22.4798 
0.000363078 10.9648 22.4422 
0.000363078 13.1826 22.4323 
0.000363078 15.8489 22.4307 
0.000363078 19.0546 22.4306 
0.000363078 22.9087 22.4306 
0.000363078 27.5423 22.4306 
0.000363078 33.1131 22.4306 
0.000363078 39.8107 22.4306 
0.000363078 47.863 22.4306 
0.000363078 57.544 22.4306 
0.000363078 69.1831 22.4306 
0.000363078 83.1764 22.4306 
0.000436516 0.01 25.655 
0.000436516 0.0120226 25.655 
0.000436516 0.0144544 25.655 
0.000436516 0.017378 25.655 
0.000436516 0.020893 25.6549 
0.000436516 0.0251189 25.6549 
0.000436516 0.0301995 25.6548 
0.000436516 0.0363078 25.6547 
0.000436516 0.0436516 25.6545 
0.000436516 0.0524807 25.6543 
0.000436516 0.0630957 25.6539 
0.000436516 0.0758578 25.6534 
0.000436516 0.0912011 25.6527 
0.000436516 0.109648 25.6517 
0.000436516 0.131826 25.6502 
0.000436516 0.158489 25.648 
0.000436516 0.190546 25.6449 
0.000436516 0.229087 25.6403 
0.000436516 0.275423 25.6338 
0.000436516 0.331131 25.6243 
0.000436516 0.398107 25.6107 
0.000436516 0.47863 25.5912 
0.000436516 0.57544 25.5632 
0.000436516 0.691831 25.5232 
0.000436516 0.831764 25.4662 
0.000436516 1 25.3859 
0.000436516 1.20226 25.2737 
0.000436516 1.44544 25.1193 
0.000436516 1.7378 24.9111 
0.000436516 2.0893 24.6385 
0.000436516 2.51189 24.2955 
0.000436516 3.01995 23.8864 
0.000436516 3.63078 23.432 
0.000436516 4.36516 22.9712 
0.000436516 5.24807 22.5545 
0.000436516 6.30957 22.2271 
0.000436516 7.58578 22.0116 
0.000436516 9.12011 21.8986 
0.000436516 10.9648 21.8547 
0.000436516 13.1826 21.8431 
0.000436516 15.8489 21.8413 
0.000436516 19.0546 21.8411 
0.000436516 22.9087 21.8411 
0.000436516 27.5423 21.8411 
0.000436516 33.1131 21.8411 
0.000436516 39.8107 21.8411 
0.000436516 47.863 21.8411 
0.000436516 57.544 21.8411 
0.000436516 69.1831 21.8411 
0.000436516 83.1764 21.8411 
0.000524807 0.01 25.655 
0.000524807 0.0120226 25.655 
0.000524807 0.0144544 25.655 
0.000524807 0.017378 25.655 
0.000524807 0.020893 25.6549 
0.000524807 0.0251189 25.6549 
0.000524807 0.0301995 25.6548 
0.000524807 0.0363078 25.6546 
0.000524807 0.0436516 25.6544 
0.000524807 0.0524807 25.6541 
0.000524807 0.0630957 25.6537 
0.000524807 0.0758578 25.6531 
0.000524807 0.0912011 25.6523 
0.000524807 0.109648 25.651 
0.000524807 0.131826 25.6492 
0.000524807 0.158489 25.6466 
0.000524807 0.190546 25.6428 
0.000524807 0.229087 25.6373 
0.000524807 0.275423 25.6295 
0.000524807 0.331131 25.6181 
0.000524807 0.398107 25.6018 
0.000524807 0.47863 25.5783 
0.000524807 0.57544 25.5446 
0.000524807 0.691831 25.4966 
0.000524807 0.831764 25.4282 
0.000524807 1 25.3318 
0.000524807 1.20226 25.1973 
0.000524807 1.44544 25.0124 
0.000524807 1.7378 24.7635 
0.000524807 2.0893 24.4383 
0.000524807 2.51189 24.0304 
0.000524807 3.01995 23.5459 
0.000524807 3.63078 23.0104 
0.000524807 4.36516 22.4706 
0.000524807 5.24807 21.9852 
0.000524807 6.30957 21.6058 
0.000524807 7.58578 21.3568 
0.000524807 9.12011 21.2262 
0.000524807 10.9648 21.1754 
0.000524807 13.1826 21.162 
0.000524807 15.8489 21.1598 
0.000524807 19.0546 21.1596 
0.000524807 22.9087 21.1596 
0.000524807 27.5423 21.1596 
0.000524807 33.1131 21.1596 
0.000524807 39.8107 21.1596 
0.000524807 47.863 21.1596 
0.000524807 57.544 21.1596 
0.000524807 69.1831 21.1596 
0.000524807 83.1764 21.1596 
0.000630957 0.01 25.655 
0.000630957 0.0120226 25.655 
0.000630957 0.0144544 25.655 
0.000630957 0.017378 25.6549 
0.000630957 0.020893 25.6549 
0.000630957 0.0251189 25.6548 
0.000630957 0.0301995 25.6547 
0.000630957 0.0363078 25.6545 
0.000630957 0.0436516 25.6543 
0.000630957 0.0524807 25.6539 
0.000630957 0.0630957 25.6534 
0.000630957 0.0758578 25.6527 
0.000630957 0.0912011 25.6517 
0.000630957 0.109648 25.6502 
0.000630957 0.131826 25.648 
0.000630957 0.158489 25.6449 
0.000630957 0.190546 25.6403 
0.000630957 0.229087 25.6338 
0.000630957 0.275423 25.6243 
0.000630957 0.331131 25.6107 
0.000630957 0.398107 25.591 
0.000630957 0.47863 25.5628 
0.000630957 0.57544 25.5224 
0.000630957 0.691831 25.4646 
0.000630957 0.831764 25.3826 
0.000630957 1 25.267 
0.000630957 1.20226 25.1058 
0.000630957 1.44544 24.8845 
0.000630957 1.7378 24.5873 
0.000630957 2.0893 24.2001 
0.000630957 2.51189 23.7161 
0.000630957 3.01995 23.1441 
0.000630957 3.63078 22.5159 
0.000630957 4.36516 21.8871 
0.000630957 5.24807 21.3259 
0.000630957 6.30957 20.8901 
0.000630957 7.58578 20.605 
0.000630957 9.12011 20.4556 
0.000630957 10.9648 20.3972 
0.000630957 13.1826 20.3818 
0.000630957 15.8489 20.3793 
0.000630957 19.0546 20.3791 
0.000630957 22.9087 20.379 
0.000630957 27.5423 20.379 
0.000630957 33.1131 20.379 
0.000630957 39.8107 20.379 
0.000630957 47.863 20.379 
0.000630957 57.544 20.379 
0.000630957 69.1831 20.379 
0.000630957 83.1764 20.379 
0.000758578 0.01 25.655 
0.000758578 0.0120226 25.655 
0.000758578 0.0144544 25.655 
0.000758578 0.017378 25.6549 
0.000758578 0.020893 25.6549 
0.000758578 0.0251189 25.6548 
0.000758578 0.0301995 25.6546 
0.000758578 0.0363078 25.6544 
0.000758578 0.0436516 25.6541 
0.000758578 0.0524807 25.6537 
0.000758578 0.0630957 25.6531 
0.000758578 0.0758578 25.6523 
0.000758578 0.0912011 25.651 
0.000758578 0.109648 25.6492 
0.000758578 0.131826 25.6466 
0.000758578 0.158489 25.6428 
0.000758578 0.190546 25.6373 
0.000758578 0.229087 25.6294 
0.000758578 0.275423 25.6181 
0.000758578 0.331131 25.6017 
0.000758578 0.398107 25.5781 
0.000758578 0.47863 25.5442 
0.000758578 0.57544 25.4956 
0.000758578 0.691831 25.4263 
0.000758578 0.831764 25.3279 
0.000758578 1 25.1893 
0.000758578 1.20226 24.9963 
0.000758578 1.44544 24.7317 
0.000758578 1.7378 24.3773 
0.000758578 2.0893 23.9171 
0.000758578 2.51189 23.3445 
0.000758578 3.01995 22.672 
0.000758578 3.63078 21.939 
0.000758578 4.36516 21.212 
0.000758578 5.24807 20.5692 
0.000758578 6.30957 20.0741 
0.000758578 7.58578 19.7518 
0.000758578 9.12011 19.5828 
0.000758578 10.9648 19.5165 
0.000758578 13.1826 19.4989 
0.000758578 15.8489 19.496 
0.000758578 19.0546 19.4957 
0.000758578 22.9087 19.4957 
0.000758578 27.5423 19.4957 
0.000758578 33.1131 19.4957 
0.000758578 39.8107 19.4957 
0.000758578 47.863 19.4957 
0.000758578 57.544 19.4957 
0.000758578 69.1831 19.4957 
0.000758578 83.1764 19.4957 
0.000912011 0.01 25.655 
0.000912011 0.0120226 25.655 
0.000912011 0.0144544 25.6549 
0.000912011 0.017378 25.6549 
0.000912011 0.020893 25.6548 
0.000912011 0.0251189 25.6547 
0.000912011 0.0301995 25.6545 
0.000912011 0.0363078 25.6543 
0.000912011 0.0436516 25.6539 
0.000912011 0.0524807 25.6534 
0.000912011 0.0630957 25.6527 
0.000912011 0.0758578 25.6517 
0.000912011 0.0912011 25.6502 
0.000912011 0.109648 25.648 
0.000912011 0.131826 25.6448 
0.000912011 0.158489 25.6403 
0.000912011 0.190546 25.6337 
0.000912011 0.229087 25.6243 
0.000912011 0.275423 25.6106 
0.000912011 0.331131 25.5909 
0.000912011 0.398107 25.5625 
0.000912011 0.47863 25.5218 
0.000912011 0.57544 25.4635 
0.000912011 0.691831 25.3803 
0.000912011 0.831764 25.2622 
0.000912011 1 25.0962 
0.000912011 1.20226 24.8652 
0.000912011 1.44544 24.5494 
0.000912011 1.7378 24.1275 
0.000912011 2.0893 23.5819 
0.000912011 2.51189 22.9069 
0.000912011 3.01995 22.12 
0.000912011 3.63078 21.2707 
0.000912011 4.36516 20.4379 
0.000912011 5.24807 19.7106 
0.000912011 6.30957 19.1562 
0.000912011 7.58578 18.7974 
0.000912011 9.12011 18.6093 
0.000912011 10.9648 18.5352 
0.000912011 13.1826 18.5153 
0.000912011 15.8489 18.512 
0.000912011 19.0546 18.5117 
0.000912011 22.9087 18.5117 
0.000912011 27.5423 18.5117 
0.000912011 33.1131 18.5117 
0.000912011 39.8107 18.5117 
0.000912011 47.863 18.5117 
0.000912011 57.544 18.5117 
0.000912011 69.1831 18.5117 
0.000912011 83.1764 18.5117 
0.00109648 0.01 25.655 
0.00109648 0.0120226 25.655 
0.00109648 0.0144544 25.6549 
0.00109648 0.017378 25.6549 
0.00109648 0.020893 25.6548 
0.00109648 0.0251189 25.6546 
0.00109648 0.0301995 25.6544 
0.00109648 0.0363078 25.6541 
0.00109648 0.0436516 25.6537 
0.00109648 0.0524807 25.6531 
0.00109648 0.0630957 25.6523 
0.00109648 0.0758578 25.651 
0.00109648 0.0912011 25.6492 
0.00109648 0.109648 25.6466 
0.00109648 0.131826 25.6428 
0.00109648 0.158489 25.6373 
0.00109648 0.190546 25.6294 
0.00109648 0.229087 25.618 
0.00109648 0.275423 25.6016 
0.00109648 0.331131 25.5779 
0.00109648 0.398107 25.5439 
0.00109648 0.47863 25.495 
0.00109648 0.57544 25.4249 
0.00109648 0.691831 25.3251 
0.00109648 0.831764 25.1836 
0.00109648 1 24.9847 
0.00109648 1.20226 24.7087 
0.00109648 1.44544 24.3321 
0.00109648 1.7378 23.8309 
0.00109648 2.0893 23.186 
0.00109648 2.51189 22.3938 
0.00109648 3.01995 21.4788 
0.00109648 3.63078 20.5033 
0.00109648 4.36516 19.5608 
0.00109648 5.24807 18.7508 
0.00109648 6.30957 18.142 
0.00109648 7.58578 17.751 
0.00109648 9.12011 17.5459 
0.00109648 10.9648 17.4645 
0.00109648 13.1826 17.4424 
0.00109648 15.8489 17.4387 
0.00109648 19.0546 17.4383 
0.00109648 22.9087 17.4383 
0.00109648 27.5423 17.4383 
0.00109648 33.1131 17.4383 
0.00109648 39.8107 17.4383 
0.00109648 47.863 17.4383 
0.00109648 57.544 17.4383 
0.00109648 69.1831 17.4383 
0.00109648 83.1764 17.4383 
0.00131826 0.01 25.655 
0.00131826 0.0120226 25.6549 
0.00131826 0.0144544 25.6549 
0.00131826 0.017378 25.6548 
0.00131826 0.020893 25.6547 
0.00131826 0.0251189 25.6545 
0.00131826 0.0301995 25.6543 
0.00131826 0.0363078 25.6539 
0.00131826 0.0436516 25.6534 
0.00131826 0.0524807 25.6527 
0.00131826 0.0630957 25.6517 
0.00131826 0.0758578 25.6502 
0.00131826 0.0912011 25.648 
0.00131826 0.109648 25.6448 
0.00131826 0.131826 25.6403 
0.00131826 0.158489 25.6337 
0.00131826 0.190546 25.6242 
0.00131826 0.229087 25.6105 
0.00131826 0.275423 25.5908 
0.00131826 0.331131 25.5624 
0.00131826 0.398107 25.5214 
0.00131826 0.47863 25.4627 
0.00131826 0.57544 25.3786 
0.00131826 0.691831 25.2589 
0.00131826 0.831764 25.0893 
0.00131826 1 24.8514 
0.00131826 1.20226 24.5219 
0.00131826 1.44544 24.0737 
0.00131826 1.7378 23.4798 
0.00131826 2.0893 22.7204 
0.00131826 2.51189 21.7955 
0.00131826 3.01995 20.74 
0.00131826 3.63078 19.632 
0.00131826 4.36516 18.5822 
0.00131826 5.24807 17.6992 
0.00131826 6.30957 17.048 
0.00131826 7.58578 16.6344 
0.00131826 9.12011 16.4172 
0.00131826 10.9648 16.3299 
0.00131826 13.1826 16.3059 
0.00131826 15.8489 16.3018 
0.00131826 19.0546 16.3014 
0.00131826 22.9087 16.3014 
0.00131826 27.5423 16.3014 
0.00131826 33.1131 16.3014 
0.00131826 39.8107 16.3014 
0.00131826 47.863 16.3014 
0.00131826 57.544 16.3014 
0.00131826 69.1831 16.3014 
0.00131826 83.1764 16.3014 
0.00158489 0.01 25.655 
0.00158489 0.0120226 25.6549 
0.00158489 0.0144544 25.6549 
0.00158489 0.017378 25.6548 
0.00158489 0.020893 25.6546 
0.00158489 0.0251189 25.6544 
0.00158489 0.0301995 25.6541 
0.00158489 0.0363078 25.6537 
0.00158489 0.0436516 25.6531 
0.00158489 0.0524807 25.6523 
0.00158489 0.0630957 25.651 
0.00158489 0.0758578 25.6492 
0.00158489 0.0912011 25.6466 
0.00158489 0.109648 25.6428 
0.00158489 0.131826 25.6373 
0.00158489 0.158489 25.6294 
0.00158489 0.190546 25.618 
0.00158489 0.229087 25.6016 
0.00158489 0.275423 25.5778 
0.00158489 0.331131 25.5437 
0.00158489 0.398107 25.4945 
0.00158489 0.47863 25.424 
0.00158489 0.57544 25.3231 
0.00158489 0.691831 25.1795 
0.00158489 0.831764 24.9765 
0.00158489 1 24.6921 
0.00158489 1.20226 24.2993 
0.00158489 1.44544 23.7672 
0.00158489 1.7378 23.0656 
0.00158489 2.0893 22.1754 
0.00158489 2.51189 21.103 
0.00158489 3.01995 19.8974 
0.00158489 3.63078 18.6574 
0.00158489 4.36516 17.5127 
0.00158489 5.24807 16.5782 
0.00158489 6.30957 15.9079 
0.00158489 7.58578 15.4887 
0.00158489 9.12011 15.2679 
0.00158489 10.9648 15.1776 
0.00158489 13.1826 15.1522 
0.00158489 15.8489 15.1477 
0.00158489 19.0546 15.1473 
0.00158489 22.9087 15.1472 
0.00158489 27.5423 15.1472 
0.00158489 33.1131 15.1472 
0.00158489 39.8107 15.1472 
0.00158489 47.863 15.1472 
0.00158489 57.544 15.1472 
0.00158489 69.1831 15.1472 
0.00158489 83.1764 15.1472 
0.00190546 0.01 25.6549 
0.00190546 0.0120226 25.6549 
0.00190546 0.0144544 25.6548 
0.00190546 0.017378 25.6547 
0.00190546 0.020893 25.6545 
0.00190546 0.0251189 25.6543 
0.00190546 0.0301995 25.6539 
0.00190546 0.0363078 25.6534 
0.00190546 0.0436516 25.6527 
0.00190546 0.0524807 25.6517 
0.00190546 0.0630957 25.6502 
0.00190546 0.0758578 25.648 
0.00190546 0.0912011 25.6448 
0.00190546 0.109648 25.6403 
0.00190546 0.131826 25.6337 
0.00190546 0.158489 25.6242 
0.00190546 0.190546 25.6105 
0.00190546 0.229087 25.5907 
0.00190546 0.275423 25.5622 
0.00190546 0.331131 25.5212 
0.00190546 0.398107 25.4622 
0.00190546 0.47863 25.3775 
0.00190546 0.57544 25.2565 
0.00190546 0.691831 25.0845 
0.00190546 0.831764 24.8416 
0.00190546 1 24.5022 
0.00190546 1.20226 24.0347 
0.00190546 1.44544 23.4044 
0.00190546 1.7378 22.579 
0.00190546 2.0893 21.5415 
0.00190546 2.51189 20.3086 
0.00190546 3.01995 18.9493 
0.00190546 3.63078 17.5886 
0.00190546 4.36516 16.377 
0.00190546 5.24807 15.4301 
0.00190546 6.30957 14.7793 
0.00190546 7.58578 14.382 
0.00190546 9.12011 14.1714 
0.00190546 10.9648 14.0828 
0.00190546 13.1826 14.0569 
0.00190546 15.8489 14.0522 
0.00190546 19.0546 14.0516 
0.00190546 22.9087 14.0516 
0.00190546 27.5423 14.0516 
0.00190546 33.1131 14.0516 
0.00190546 39.8107 14.0516 
0.00190546 47.863 14.0516 
0.00190546 57.544 14.0516 
0.00190546 69.1831 14.0516 
0.00190546 83.1764 14.0516 
0.00229087 0.01 25.6549 
0.00229087 0.0120226 25.6549 
0.00229087 0.0144544 25.6548 
0.00229087 0.017378 25.6546 
0.00229087 0.020893 25.6544 
0.00229087 0.0251189 25.6541 
0.00229087 0.0301995 25.6537 
0.00229087 0.0363078 25.6531 
0.00229087 0.0436516 25.6523 
0.00229087 0.0524807 25.651 
0.00229087 0.0630957 25.6492 
0.00229087 0.0758578 25.6466 
0.00229087 0.0912011 25.6428 
0.00229087 0.109648 25.6373 
0.00229087 0.131826 25.6294 
0.00229087 0.158489 25.618 
0.00229087 0.190546 25.6015 
0.00229087 0.229087 25.5778 
0.00229087 0.275423 25.5435 
0.00229087 0.331131 25.4942 
0.00229087 0.398107 25.4233 
0.00229087 0.47863 25.3217 
0.00229087 0.57544 25.1767 
0.00229087 0.691831 24.9707 
0.00229087 0.831764 24.6804 
0.00229087 1 24.2758 
0.00229087 1.20226 23.7209 
0.00229087 1.44544 22.9767 
0.00229087 1.7378 22.0101 
0.00229087 2.0893 20.8096 
0.00229087 2.51189 19.4078 
0.00229087 3.01995 17.9012 
0.00229087 3.63078 16.4479 
0.00229087 4.36516 15.22 
0.00229087 5.24807 14.3245 
0.00229087 6.30957 13.753 
0.00229087 7.58578 13.4194 
0.00229087 9.12011 13.2398 
0.00229087 10.9648 13.1597 
0.00229087 13.1826 13.1347 
0.00229087 15.8489 13.1298 
0.00229087 19.0546 13.1292 
0.00229087 22.9087 13.1292 
0.00229087 27.5423 13.1292 
0.00229087 33.1131 13.1292 
0.00229087 39.8107 13.1292 
0.00229087 47.863 13.1292 
0.00229087 57.544 13.1292 
0.00229087 69.1831 13.1292 
0.00229087 83.1764 13.1292 
0.00275423 0.01 25.6549 
0.00275423 0.0120226 25.6548 
0.00275423 0.0144544 25.6547 
0.00275423 0.017378 25.6545 
0.00275423 0.020893 25.6543 
0.00275423 0.0251189 25.6539 
0.00275423 0.0301995 25.6534 
0.00275423 0.0363078 25.6527 
0.00275423 0.0436516 25.6517 
0.00275423 0.0524807 25.6502 
0.00275423 0.0630957 25.648 
0.00275423 0.0758578 25.6448 
0.00275423 0.0912011 25.6403 
0.00275423 0.109648 25.6337 
0.00275423 0.131826 25.6242 
0.00275423 0.158489 25.6105 
0.00275423 0.190546 25.5907 
0.00275423 0.229087 25.5621 
0.00275423 0.275423 25.521 
0.00275423 0.331131 25.4618 
0.00275423 0.398107 25.3767 
0.00275423 0.47863 25.2549 
0.00275423 0.57544 25.0811 
0.00275423 0.691831 24.8347 
0.00275423 0.831764 24.4882 
0.00275423 1 24.0068 
0.00275423 1.20226 23.3497 
0.00275423 1.44544 22.4745 
0.00275423 1.7378 21.3494 
0.00275423 2.0893 19.973 
0.00275423 2.51189 18.4018 
0.00275423 3.01995 16.7703 
0.00275423 3.63078 15.2774 
0.00275423 4.36516 14.1161 
0.00275423 5.24807 13.3689 
0.00275423 6.30957 12.964 
0.00275423 7.58578 12.7532 
0.00275423 9.12011 12.6338 
0.00275423 10.9648 12.572 
0.00275423 13.1826 12.5498 
0.00275423 15.8489 12.545 
0.00275423 19.0546 12.5444 
0.00275423 22.9087 12.5443 
0.00275423 27.5423 12.5443 
0.00275423 33.1131 12.5443 
0.00275423 39.8107 12.5443 
0.00275423 47.863 12.5443 
0.00275423 57.544 12.5443 
0.00275423 69.1831 12.5443 
0.00275423 83.1764 12.5443 
0.00331131 0.01 25.6549 
0.00331131 0.0120226 25.6548 
0.00331131 0.0144544 25.6546 
0.00331131 0.017378 25.6544 
0.00331131 0.020893 25.6541 
0.00331131 0.0251189 25.6537 
0.00331131 0.0301995 25.6531 
0.00331131 0.0363078 25.6523 
0.00331131 0.0436516 25.651 
0.00331131 0.0524807 25.6492 
0.00331131 0.0630957 25.6466 
0.00331131 0.0758578 25.6428 
0.00331131 0.0912011 25.6373 
0.00331131 0.109648 25.6294 
0.00331131 0.131826 25.618 
0.00331131 0.158489 25.6015 
0.00331131 0.190546 25.5777 
0.00331131 0.229087 25.5434 
0.00331131 0.275423 25.494 
0.00331131 0.331131 25.4229 
0.00331131 0.398107 25.3208 
0.00331131 0.47863 25.1748 
0.00331131 0.57544 24.9667 
0.00331131 0.691831 24.6722 
0.00331131 0.831764 24.2592 
0.00331131 1 23.6878 
0.00331131 1.20226 22.9122 
0.00331131 1.44544 21.8881 
0.00331131 1.7378 20.5883 
0.00331131 2.0893 19.0288 
0.00331131 2.51189 17.3011 
0.00331131 3.01995 15.5909 
0.00331131 3.63078 14.1473 
0.00331131 4.36516 13.1782 
0.00331131 5.24807 12.7189 
0.00331131 6.30957 12.6013 
0.00331131 7.58578 12.5933 
0.00331131 9.12011 12.5728 
0.00331131 10.9648 12.5421 
0.00331131 13.1826 12.5255 
0.00331131 15.8489 12.521 
0.00331131 19.0546 12.5203 
0.00331131 22.9087 12.5202 
0.00331131 27.5423 12.5202 
0.00331131 33.1131 12.5202 
0.00331131 39.8107 12.5202 
0.00331131 47.863 12.5202 
0.00331131 57.544 12.5202 
0.00331131 69.1831 12.5202 
0.00331131 83.1764 12.5202 
0.00398107 0.01 25.6548 
0.00398107 0.0120226 25.6547 
0.00398107 0.0144544 25.6545 
0.00398107 0.017378 25.6543 
0.00398107 0.020893 25.6539 
0.00398107 0.0251189 25.6534 
0.00398107 0.0301995 25.6527 
0.00398107 0.0363078 25.6517 
0.00398107 0.0436516 25.6502 
0.00398107 0.0524807 25.648 
0.00398107 0.0630957 25.6448 
0.00398107 0.0758578 25.6403 
0.00398107 0.0912011 25.6337 
0.00398107 0.109648 25.6242 
0.00398107 0.131826 25.6105 
0.00398107 0.158489 25.5907 
0.00398107 0.190546 25.5621 
0.00398107 0.229087 25.5209 
0.00398107 0.275423 25.4615 
0.00398107 0.331131 25.3762 
0.00398107 0.398107 25.2537 
0.00398107 0.47863 25.0788 
0.00398107 0.57544 24.8299 
0.00398107 0.691831 24.4784 
0.00398107 0.831764 23.987 
0.00398107 1 23.3105 
0.00398107 1.20226 22.3988 
0.00398107 1.44544 21.2078 
0.00398107 1.7378 19.7206 
0.00398107 2.0893 17.9807 
0.00398107 2.51189 16.1301 
0.00398107 3.01995 14.4225 
0.00398107 3.63078 13.1653 
0.00398107 4.36516 12.5695 
0.00398107 5.24807 12.5883 
0.00398107 6.30957 12.9159 
0.00398107 7.58578 13.2122 
0.00398107 9.12011 13.339 
0.00398107 10.9648 13.3553 
0.00398107 13.1826 13.3473 
0.00398107 15.8489 13.3434 
0.00398107 19.0546 13.3426 
0.00398107 22.9087 13.3424 
0.00398107 27.5423 13.3424 
0.00398107 33.1131 13.3424 
0.00398107 39.8107 13.3424 
0.00398107 47.863 13.3424 
0.00398107 57.544 13.3424 
0.00398107 69.1831 13.3424 
0.00398107 83.1764 13.3424 
0.0047863 0.01 25.6548 
0.0047863 0.0120226 25.6546 
0.0047863 0.0144544 25.6544 
0.0047863 0.017378 25.6541 
0.0047863 0.020893 25.6537 
0.0047863 0.0251189 25.6531 
0.0047863 0.0301995 25.6523 
0.0047863 0.0363078 25.651 
0.0047863 0.0436516 25.6492 
0.0047863 0.0524807 25.6466 
0.0047863 0.0630957 25.6428 
0.0047863 0.0758578 25.6373 
0.0047863 0.0912011 25.6294 
0.0047863 0.109648 25.618 
0.0047863 0.131826 25.6015 
0.0047863 0.158489 25.5777 
0.0047863 0.190546 25.5433 
0.0047863 0.229087 25.4938 
0.0047863 0.275423 25.4225 
0.0047863 0.331131 25.3201 
0.0047863 0.398107 25.1734 
0.0047863 0.47863 24.9639 
0.0047863 0.57544 24.6664 
0.0047863 0.691831 24.2475 
0.0047863 0.831764 23.6643 
0.0047863 1 22.866 
0.0047863 1.20226 21.7997 
0.0047863 1.44544 20.4255 
0.0047863 1.7378 18.7447 
0.0047863 2.0893 16.8434 
0.0047863 2.51189 14.9343 
0.0047863 3.01995 13.3589 
0.0047863 3.63078 12.4881 
0.0047863 4.36516 12.5128 
0.0047863 5.24807 13.2546 
0.0047863 6.30957 14.2209 
0.0047863 7.58578 14.9411 
0.0047863 9.12011 15.2708 
0.0047863 10.9648 15.3521 
0.0047863 13.1826 15.3562 
0.0047863 15.8489 15.353 
0.0047863 19.0546 15.352 
0.0047863 22.9087 15.3518 
0.0047863 27.5423 15.3518 
0.0047863 33.1131 15.3518 
0.0047863 39.8107 15.3518 
0.0047863 47.863 15.3518 
0.0047863 57.544 15.3518 
0.0047863 69.1831 15.3518 
0.0047863 83.1764 15.3518 
0.0057544 0.01 25.6547 
0.0057544 0.0120226 25.6545 
0.0057544 0.0144544 25.6543 
0.0057544 0.017378 25.6539 
0.0057544 0.020893 25.6534 
0.0057544 0.0251189 25.6527 
0.0057544 0.0301995 25.6517 
0.0057544 0.0363078 25.6502 
0.0057544 0.0436516 25.648 
0.0057544 0.0524807 25.6448 
0.0057544 0.0630957 25.6403 
0.0057544 0.0758578 25.6337 
0.0057544 0.0912011 25.6242 
0.0057544 0.109648 25.6105 
0.0057544 0.131826 25.5907 
0.0057544 0.158489 25.562 
0.0057544 0.190546 25.5208 
0.0057544 0.229087 25.4613 
0.0057544 0.275423 25.3758 
0.0057544 0.331131 25.253 
0.0057544 0.398107 25.0771 
0.0057544 0.47863 24.8265 
0.0057544 0.57544 24.4715 
0.0057544 0.691831 23.9731 
0.0057544 0.831764 23.2828 
0.0057544 1 22.3447 
0.0057544 1.20226 21.1055 
0.0057544 1.44544 19.5353 
0.0057544 1.7378 17.6666 
0.0057544 2.0893 15.6477 
0.0057544 2.51189 13.7884 
0.0057544 3.01995 12.5391 
0.0057544 3.63078 12.3313 
0.0057544 4.36516 13.2948 
0.0057544 5.24807 15.0541 
0.0057544 6.30957 16.8769 
0.0057544 7.58578 18.1487 
0.0057544 9.12011 18.7384 
0.0057544 10.9648 18.9025 
0.0057544 13.1826 18.9219 
0.0057544 15.8489 18.9196 
0.0057544 19.0546 18.9183 
0.0057544 22.9087 18.9181 
0.0057544 27.5423 18.9181 
0.0057544 33.1131 18.9181 
0.0057544 39.8107 18.9181 
0.0057544 47.863 18.9181 
0.0057544 57.544 18.9181 
0.0057544 69.1831 18.9181 
0.0057544 83.1764 18.9181 
0.00691831 0.01 25.6546 
0.00691831 0.0120226 25.6544 
0.00691831 0.0144544 25.6541 
0.00691831 0.017378 25.6537 
0.00691831 0.020893 25.6531 
0.00691831 0.0251189 25.6523 
0.00691831 0.0301995 25.651 
0.00691831 0.0363078 25.6492 
0.00691831 0.0436516 25.6466 
0.00691831 0.0524807 25.6428 
0.00691831 0.0630957 25.6373 
0.00691831 0.0758578 25.6294 
0.00691831 0.0912011 25.618 
0.00691831 0.109648 25.6015 
0.00691831 0.131826 25.5776 
0.00691831 0.158489 25.5433 
0.00691831 0.190546 25.4937 
0.00691831 0.229087 25.4223 
0.00691831 0.275423 25.3197 
0.00691831 0.331131 25.1724 
0.00691831 0.398107 24.9619 
0.00691831 0.47863 24.6624 
0.00691831 0.57544 24.2393 
0.00691831 0.691831 23.6478 
0.00691831 0.831764 22.8334 
0.00691831 1 21.7366 
0.00691831 1.20226 20.3078 
0.00691831 1.44544 18.5368 
0.00691831 1.7378 16.5043 
0.00691831 2.0893 14.4482 
0.00691831 2.51189 12.8068 
0.00691831 3.01995 12.158 
0.00691831 3.63078 12.9748 
0.00691831 4.36516 15.2599 
0.00691831 5.24807 18.3593 
0.00691831 6.30957 21.2556 
0.00691831 7.58578 23.196 
0.00691831 9.12011 24.0952 
0.00691831 10.9648 24.3567 
0.00691831 13.1826 24.3936 
0.00691831 15.8489 24.392 
0.00691831 19.0546 24.3904 
0.00691831 22.9087 24.39 
0.00691831 27.5423 24.39 
0.00691831 33.1131 24.39 
0.00691831 39.8107 24.39 
0.00691831 47.863 24.39 
0.00691831 57.544 24.39 
0.00691831 69.1831 24.39 
0.00691831 83.1764 24.39 
0.00831764 0.01 25.6545 
0.00831764 0.0120226 25.6543 
0.00831764 0.0144544 25.6539 
0.00831764 0.017378 25.6534 
0.00831764 0.020893 25.6527 
0.00831764 0.0251189 25.6517 
0.00831764 0.0301995 25.6502 
0.00831764 0.0363078 25.648 
0.00831764 0.0436516 25.6448 
0.00831764 0.0524807 25.6403 
0.00831764 0.0630957 25.6337 
0.00831764 0.0758578 25.6242 
0.00831764 0.0912011 25.6105 
0.00831764 0.109648 25.5906 
0.00831764 0.131826 25.562 
0.00831764 0.158489 25.5207 
0.00831764 0.190546 25.4612 
0.00831764 0.229087 25.3755 
0.00831764 0.275423 25.2524 
0.00831764 0.331131 25.076 
0.00831764 0.398107 24.8242 
0.00831764 0.47863 24.4667 
0.00831764 0.57544 23.9634 
0.00831764 0.691831 23.2633 
0.00831764 0.831764 22.3064 
0.00831764 1 21.0324 
0.00831764 1.20226 19.4016 
0.00831764 1.44544 17.4375 
0.00831764 1.7378 15.2937 
0.00831764 2.0893 13.3323 
0.00831764 2.51189 12.1546 
0.00831764 3.01995 12.4742 
0.00831764 3.63078 14.7582 
0.00831764 4.36516 18.7843 
0.00831764 5.24807 23.5319 
0.00831764 6.30957 27.6775 
0.00831764 7.58578 30.3668 
0.00831764 9.12011 31.6054 
0.00831764 10.9648 31.972 
0.00831764 13.1826 32.027 
0.00831764 15.8489 32.0257 
0.00831764 19.0546 32.0234 
0.00831764 22.9087 32.0229 
0.00831764 27.5423 32.0228 
0.00831764 33.1131 32.0228 
0.00831764 39.8107 32.0228 
0.00831764 47.863 32.0228 
0.00831764 57.544 32.0228 
0.00831764 69.1831 32.0228 
0.00831764 83.1764 32.0228 
0.01 0.01 25.6544 
0.01 0.0120226 25.6541 
0.01 0.0144544 25.6537 
0.01 0.017378 25.6531 
0.01 0.020893 25.6523 
0.01 0.0251189 25.651 
0.01 0.0301995 25.6492 
0.01 0.0363078 25.6466 
0.01 0.0436516 25.6428 
0.01 0.0524807 25.6373 
0.01 0.0630957 25.6294 
0.01 0.0758578 25.618 
0.01 0.0912011 25.6015 
0.01 0.109648 25.5776 
0.01 0.131826 25.5432 
0.01 0.158489 25.4936 
0.01 0.190546 25.4222 
0.01 0.229087 25.3194 
0.01 0.275423 25.1718 
0.01 0.331131 24.9606 
0.01 0.398107 24.6596 
0.01 0.47863 24.2336 
0.01 0.57544 23.6363 
0.01 0.691831 22.8104 
0.01 0.831764 21.692 
0.01 1 20.2239 
0.01 1.20226 18.3871 
0.01 1.44544 16.2582 
0.01 1.7378 14.0966 
0.01 2.0893 12.431 
0.01 2.51189 12.0574 
0.01 3.01995 13.8095 
0.01 3.63078 18.0578 
0.01 4.36516 24.2255 
0.01 5.24807 30.8501 
0.01 6.30957 36.3299 
0.01 7.58578 39.7851 
0.01 9.12011 41.3628 
0.01 10.9648 41.8329 
0.01 13.1826 41.9044 
0.01 15.8489 41.9026 
0.01 19.0546 41.8994 
0.01 22.9087 41.8987 
0.01 27.5423 41.8986 
0.01 33.1131 41.8986 
0.01 39.8107 41.8986 
0.01 47.863 41.8986 
0.01 57.544 41.8986 
0.01 69.1831 41.8986 
0.01 83.1764 41.8986 
0.0120226 0.01 25.6543 
0.0120226 0.0120226 25.6539 
0.0120226 0.0144544 25.6534 
0.0120226 0.017378 25.6527 
0.0120226 0.020893 25.6517 
0.0120226 0.0251189 25.6502 
0.0120226 0.0301995 25.648 
0.0120226 0.0363078 25.6448 
0.0120226 0.0436516 25.6403 
0.0120226 0.0524807 25.6337 
0.0120226 0.0630957 25.6242 
0.0120226 0.0758578 25.6105 
0.0120226 0.0912011 25.5906 
0.0120226 0.109648 25.562 
0.0120226 0.131826 25.5207 
0.0120226 0.158489 25.4611 
0.0120226 0.190546 25.3753 
0.0120226 0.229087 25.252 
0.0120226 0.275423 25.0752 
0.0120226 0.331131 24.8225 
0.0120226 0.398107 24.4634 
0.0120226 0.47863 23.9566 
0.0120226 0.57544 23.2497 
0.0120226 0.691831 22.2795 
0.0120226 0.831764 20.9807 
0.0120226 1 19.3064 
0.0120226 1.20226 17.2731 
0.0120226 1.44544 15.0387 
0.0120226 1.7378 13.0103 
0.0120226 2.0893 11.9296 
0.0120226 2.51189 12.8057 
0.0120226 3.01995 16.533 
0.0120226 3.63078 23.2392 
0.0120226 4.36516 31.8459 
0.0120226 5.24807 40.4225 
0.0120226 6.30957 47.1883 
0.0120226 7.58578 51.3475 
0.0120226 9.12011 53.2312 
0.0120226 10.9648 53.7937 
0.0120226 13.1826 53.8788 
0.0120226 15.8489 53.8755 
0.0120226 19.0546 53.8712 
0.0120226 22.9087 53.8702 
0.0120226 27.5423 53.87 
0.0120226 33.1131 53.87 
0.0120226 39.8107 53.87 
0.0120226 47.863 53.87 
0.0120226 57.544 53.87 
0.0120226 69.1831 53.87 
0.0120226 83.1764 53.87 
0.0144544 0.01 25.6541 
0.0144544 0.0120226 25.6537 
0.0144544 0.0144544 25.6531 
0.0144544 0.017378 25.6523 
0.0144544 0.020893 25.651 
0.0144544 0.0251189 25.6492 
0.0144544 0.0301995 25.6466 
0.0144544 0.0363078 25.6428 
0.0144544 0.0436516 25.6373 
0.0144544 0.0524807 25.6294 
0.0144544 0.0630957 25.618 
0.0144544 0.0758578 25.6015 
0.0144544 0.0912011 25.5776 
0.0144544 0.109648 25.5432 
0.0144544 0.131826 25.4936 
0.0144544 0.158489 25.4221 
0.0144544 0.190546 25.3191 
0.0144544 0.229087 25.1713 
0.0144544 0.275423 24.9596 
0.0144544 0.331131 24.6577 
0.0144544 0.398107 24.2296 
0.0144544 0.47863 23.6283 
0.0144544 0.57544 22.7944 
0.0144544 0.691831 21.6607 
0.0144544 0.831764 20.1647 
0.0144544 1 18.2806 
0.0144544 1.20226 16.0822 
0.0144544 1.44544 13.8461 
0.0144544 1.7378 12.1783 
0.0144544 2.0893 12.077 
0.0144544 2.51189 14.7485 
0.0144544 3.01995 21.0231 
0.0144544 3.63078 30.5835 
0.0144544 4.36516 41.7248 
0.0144544 5.24807 52.1179 
0.0144544 6.30957 59.978 
0.0144544 7.58578 64.709 
0.0144544 9.12011 66.8413 
0.0144544 10.9648 67.4799 
0.0144544 13.1826 67.5754 
0.0144544 15.8489 67.5699 
0.0144544 19.0546 67.5642 
0.0144544 22.9087 67.5629 
0.0144544 27.5423 67.5627 
0.0144544 33.1131 67.5627 
0.0144544 39.8107 67.5627 
0.0144544 47.863 67.5627 
0.0144544 57.544 67.5627 
0.0144544 69.1831 67.5627 
0.0144544 83.1764 67.5627 
0.017378 0.01 25.6539 
0.017378 0.0120226 25.6534 
0.017378 0.0144544 25.6527 
0.017378 0.017378 25.6517 
0.017378 0.020893 25.6502 
0.017378 0.0251189 25.648 
0.017378 0.0301995 25.6448 
0.017378 0.0363078 25.6403 
0.017378 0.0436516 25.6337 
0.017378 0.0524807 25.6242 
0.017378 0.0630957 25.6105 
0.017378 0.0758578 25.5906 
0.017378 0.0912011 25.562 
0.017378 0.109648 25.5206 
0.017378 0.131826 25.461 
0.017378 0.158489 25.3752 
0.017378 0.190546 25.2518 
0.017378 0.229087 25.0747 
0.017378 0.275423 24.8214 
0.017378 0.331131 24.461 
0.017378 0.398107 23.9519 
0.017378 0.47863 23.2402 
0.017378 0.57544 22.2607 
0.017378 0.691831 20.9444 
0.017378 0.831764 19.2392 
0.017378 1 17.1563 
0.017378 1.20226 14.8572 
0.017378 1.44544 12.7852 
0.017378 1.7378 11.8016 
0.017378 2.0893 13.186 
0.017378 2.51189 18.2671 
0.017378 3.01995 27.6015 
0.017378 3.63078 40.1978 
0.017378 4.36516 53.6914 
0.017378 5.24807 65.5524 
0.017378 6.30957 74.2085 
0.017378 7.58578 79.3441 
0.017378 9.12011 81.661 
0.017378 10.9648 82.3605 
0.017378 13.1826 82.4643 
0.017378 15.8489 82.4563 
0.017378 19.0546 82.4491 
0.017378 22.9087 82.4474 
0.017378 27.5423 82.4472 
0.017378 33.1131 82.4472 
0.017378 39.8107 82.4472 
0.017378 47.863 82.4472 
0.017378 57.544 82.4472 
0.017378 69.1831 82.4472 
0.017378 83.1764 82.4472 
0.020893 0.01 25.6537 
0.020893 0.0120226 25.6531 
0.020893 0.0144544 25.6523 
0.020893 0.017378 25.651 
0.020893 0.020893 25.6492 
0.020893 0.0251189 25.6466 
0.020893 0.0301995 25.6428 
0.020893 0.0363078 25.6373 
0.020893 0.0436516 25.6294 
0.020893 0.0524807 25.618 
0.020893 0.0630957 25.6014 
0.020893 0.0758578 25.5776 
0.020893 0.0912011 25.5432 
0.020893 0.109648 25.4935 
0.020893 0.131826 25.422 
0.020893 0.158489 25.319 
0.020893 0.190546 25.171 
0.020893 0.229087 24.959 
0.020893 0.275423 24.6563 
0.020893 0.331131 24.2269 
0.020893 0.398107 23.6227 
0.020893 0.47863 22.7832 
0.020893 0.57544 21.6387 
0.020893 0.691831 20.1231 
0.020893 0.831764 18.2055 
0.020893 1 15.9576 
0.020893 1.20226 13.6694 
0.020893 1.44544 12.009 
0.020893 1.7378 12.1453 
0.020893 2.0893 15.622 
0.020893 2.51189 23.724 
0.020893 3.01995 36.4464 
0.020893 3.63078 51.9413 
0.020893 4.36516 67.3186 
0.020893 5.24807 80.1566 
0.020893 6.30957 89.2815 
0.020893 7.58578 94.6638 
0.020893 9.12011 97.1114 
0.020893 10.9648 97.8616 
0.020893 13.1826 97.9736 
0.020893 15.8489 97.9632 
0.020893 19.0546 97.9544 
0.020893 22.9087 97.9523 
0.020893 27.5423 97.9521 
0.020893 33.1131 97.9521 
0.020893 39.8107 97.9521 
0.020893 47.863 97.9521 
0.020893 57.544 97.9521 
0.020893 69.1831 97.9521 
0.020893 83.1764 97.9521 
0.0251189 0.01 25.6534 
0.0251189 0.0120226 25.6527 
0.0251189 0.0144544 25.6517 
0.0251189 0.017378 25.6502 
0.0251189 0.020893 25.648 
0.0251189 0.0251189 25.6448 
0.0251189 0.0301995 25.6403 
0.0251189 0.0363078 25.6337 
0.0251189 0.0436516 25.6242 
0.0251189 0.0524807 25.6105 
0.0251189 0.0630957 25.5906 
0.0251189 0.0758578 25.562 
0.0251189 0.0912011 25.5206 
0.0251189 0.109648 25.461 
0.0251189 0.131826 25.3751 
0.0251189 0.158489 25.2516 
0.0251189 0.190546 25.0743 
0.0251189 0.229087 24.8206 
0.0251189 0.275423 24.4594 
0.0251189 0.331131 23.9486 
0.0251189 0.398107 23.2336 
0.0251189 0.47863 22.2476 
0.0251189 0.57544 20.9191 
0.0251189 0.691831 19.192 
0.0251189 0.831764 17.0741 
0.0251189 1 14.7293 
0.0251189 1.20226 12.6288 
0.0251189 1.44544 11.7295 
0.0251189 1.7378 13.5378 
0.0251189 2.0893 19.768 
0.0251189 2.51189 31.3852 
0.0251189 3.01995 47.5074 
0.0251189 3.63078 65.4064 
0.0251189 4.36516 82.0023 
0.0251189 5.24807 95.3084 
0.0251189 6.30957 104.624 
0.0251189 7.58578 110.134 
0.0251189 9.12011 112.674 
0.0251189 10.9648 113.469 
0.0251189 13.1826 113.59 
0.0251189 15.8489 113.577 
0.0251189 19.0546 113.567 
0.0251189 22.9087 113.564 
0.0251189 27.5423 113.564 
0.0251189 33.1131 113.564 
0.0251189 39.8107 113.564 
0.0251189 47.863 113.564 
0.0251189 57.544 113.564 
0.0251189 69.1831 113.564 
0.0251189 83.1764 113.564 
0.0301995 0.01 25.6531 
0.0301995 0.0120226 25.6523 
0.0301995 0.0144544 25.651 
0.0301995 0.017378 25.6492 
0.0301995 0.020893 25.6466 
0.0301995 0.0251189 25.6428 
0.0301995 0.0301995 25.6373 
0.0301995 0.0363078 25.6294 
0.0301995 0.0436516 25.618 
0.0301995 0.0524807 25.6014 
0.0301995 0.0630957 25.5776 
0.0301995 0.0758578 25.5432 
0.0301995 0.0912011 25.4935 
0.0301995 0.109648 25.4219 
0.0301995 0.131826 25.3189 
0.0301995 0.158489 25.1708 
0.0301995 0.190546 24.9585 
0.0301995 0.229087 24.6554 
0.0301995 0.275423 24.225 
0.0301995 0.331131 23.6188 
0.0301995 0.398107 22.7754 
0.0301995 0.47863 21.6235 
0.0301995 0.57544 20.094 
0.0301995 0.691831 18.1529 
0.0301995 0.831764 15.87 
0.0301995 1 13.5456 
0.0301995 1.20226 11.8953 
0.0301995 1.44544 12.2236 
0.0301995 1.7378 16.3537 
0.0301995 2.0893 25.9645 
0.0301995 2.51189 41.3288 
0.0301995 3.01995 60.4604 
0.0301995 3.63078 79.9877 
0.0301995 4.36516 97.1041 
0.0301995 5.24807 110.468 
0.0301995 6.30957 119.785 
0.0301995 7.58578 125.344 
0.0301995 9.12011 127.949 
0.0301995 10.9648 128.781 
0.0301995 13.1826 128.91 
0.0301995 15.8489 128.895 
0.0301995 19.0546 128.882 
0.0301995 22.9087 128.879 
0.0301995 27.5423 128.879 
0.0301995 33.1131 128.879 
0.0301995 39.8107 128.879 
0.0301995 47.863 128.879 
0.0301995 57.544 128.879 
0.0301995 69.1831 128.879 
0.0301995 83.1764 128.879 
0.0363078 0.01 25.6527 
0.0363078 0.0120226 25.6517 
0.0363078 0.0144544 25.6502 
0.0363078 0.017378 25.648 
0.0363078 0.020893 25.6448 
0.0363078 0.0251189 25.6403 
0.0363078 0.0301995 25.6337 
0.0363078 0.0363078 25.6242 
0.0363078 0.0436516 25.6105 
0.0363078 0.0524807 25.5906 
0.0363078 0.0630957 25.562 
0.0363078 0.0758578 25.5206 
0.0363078 0.0912011 25.461 
0.0363078 0.109648 25.3751 
0.0363078 0.131826 25.2515 
0.0363078 0.158489 25.074 
0.0363078 0.190546 24.8201 
0.0363078 0.229087 24.4583 
0.0363078 0.275423 23.9464 
0.0363078 0.331131 23.229 
0.0363078 0.398107 22.2385 
0.0363078 0.47863 20.9014 
0.0363078 0.57544 19.1591 
0.0363078 0.691831 17.0165 
0.0363078 0.831764 14.6396 
0.0363078 1 12.5204 
0.0363078 1.20226 11.6888 
0.0363078 1.44544 13.8301 
0.0363078 1.7378 20.9732 
0.0363078 2.0893 34.4235 
0.0363078 2.51189 53.3728 
0.0363078 3.01995 74.7434 
0.0363078 3.63078 95.0236 
0.0363078 4.36516 112.093 
0.0363078 5.24807 125.254 
0.0363078 6.30957 134.465 
0.0363078 7.58578 140.017 
0.0363078 9.12011 142.656 
0.0363078 10.9648 143.514 
0.0363078 13.1826 143.647 
0.0363078 15.8489 143.629 
0.0363078 19.0546 143.615 
0.0363078 22.9087 143.611 
0.0363078 27.5423 143.611 
0.0363078 33.1131 143.611 
0.0363078 39.8107 143.611 
0.0363078 47.863 143.611 
0.0363078 57.544 143.611 
0.0363078 69.1831 143.611 
0.0363078 83.1764 143.611 
0.0436516 0.01 25.6523 
0.0436516 0.0120226 25.651 
0.0436516 0.0144544 25.6492 
0.0436516 0.017378 25.6466 
0.0436516 0.020893 25.6428 
0.0436516 0.0251189 25.6373 
0.0436516 0.0301995 25.6294 
0.0436516 0.0363078 25.618 
0.0436516 0.0436516 25.6014 
0.0436516 0.0524807 25.5776 
0.0436516 0.0630957 25.5432 
0.0436516 0.0758578 25.4935 
0.0436516 0.0912011 25.4219 
0.0436516 0.109648 25.3188 
0.0436516 0.131826 25.1706 
0.0436516 0.158489 24.9582 
0.0436516 0.190546 24.6547 
0.0436516 0.229087 24.2236 
0.0436516 0.275423 23.6161 
0.0436516 0.331131 22.77 
0.0436516 0.398107 21.6128 
0.0436516 0.47863 20.0737 
0.0436516 0.57544 18.1161 
0.0436516 0.691831 15.8088 
0.0436516 0.831764 13.4592 
0.0436516 1 11.8185 
0.0436516 1.20226 12.2945 
0.0436516 1.44544 16.9287 
0.0436516 1.7378 27.7145 
0.0436516 2.0893 45.1398 
0.0436516 2.51189 67.0624 
0.0436516 3.01995 89.6798 
0.0436516 3.63078 109.951 
0.0436516 4.36516 126.618 
0.0436516 5.24807 139.454 
0.0436516 6.30957 148.493 
0.0436516 7.58578 153.985 
0.0436516 9.12011 156.617 
0.0436516 10.9648 157.48 
0.0436516 13.1826 157.612 
0.0436516 15.8489 157.589 
0.0436516 19.0546 157.573 
0.0436516 22.9087 157.569 
0.0436516 27.5423 157.568 
0.0436516 33.1131 157.568 
0.0436516 39.8107 157.568 
0.0436516 47.863 157.568 
0.0436516 57.544 157.568 
0.0436516 69.1831 157.568 
0.0436516 83.1764 157.568 
0.0524807 0.01 25.6517 
0.0524807 0.0120226 25.6502 
0.0524807 0.0144544 25.648 
0.0524807 0.017378 25.6448 
0.0524807 0.020893 25.6403 
0.0524807 0.0251189 25.6337 
0.0524807 0.0301995 25.6242 
0.0524807 0.0363078 25.6105 
0.0524807 0.0436516 25.5906 
0.0524807 0.0524807 25.562 
0.0524807 0.0630957 25.5206 
0.0524807 0.0758578 25.461 
0.0524807 0.0912011 25.375 
0.0524807 0.109648 25.2514 
0.0524807 0.131826 25.0738 
0.0524807 0.158489 24.8197 
0.0524807 0.190546 24.4575 
0.0524807 0.229087 23.9448 
0.0524807 0.275423 23.2258 
0.0524807 0.331131 22.2321 
0.0524807 0.398107 20.8891 
0.0524807 0.47863 19.1361 
0.0524807 0.57544 16.9763 
0.0524807 0.691831 14.577 
0.0524807 0.831764 12.4454 
0.0524807 1 11.6654 
0.0524807 1.20226 14.0581 
0.0524807 1.44544 21.895 
0.0524807 1.7378 36.7448 
0.0524807 2.0893 57.8316 
0.0524807 2.51189 81.75 
0.0524807 3.01995 104.644 
0.0524807 3.63078 124.398 
0.0524807 4.36516 140.51 
0.0524807 5.24807 152.969 
0.0524807 6.30957 161.778 
0.0524807 7.58578 167.139 
0.0524807 9.12011 169.714 
0.0524807 10.9648 170.558 
0.0524807 13.1826 170.681 
0.0524807 15.8489 170.653 
0.0524807 19.0546 170.634 
0.0524807 22.9087 170.63 
0.0524807 27.5423 170.629 
0.0524807 33.1131 170.629 
0.0524807 39.8107 170.629 
0.0524807 47.863 170.629 
0.0524807 57.544 170.629 
0.0524807 69.1831 170.629 
0.0524807 83.1764 170.629 
0.0630957 0.01 25.651 
0.0630957 0.0120226 25.6492 
0.0630957 0.0144544 25.6466 
0.0630957 0.017378 25.6428 
0.0630957 0.020893 25.6373 
0.0630957 0.0251189 25.6294 
0.0630957 0.0301995 25.618 
0.0630957 0.0363078 25.6014 
0.0630957 0.0436516 25.5776 
0.0630957 0.0524807 25.5432 
0.0630957 0.0630957 25.4935 
0.0630957 0.0758578 25.4219 
0.0630957 0.0912011 25.3188 
0.0630957 0.109648 25.1705 
0.0630957 0.131826 24.958 
0.0630957 0.158489 24.6543 
0.0630957 0.190546 24.2227 
0.0630957 0.229087 23.6142 
0.0630957 0.275423 22.7663 
0.0630957 0.331131 21.6054 
0.0630957 0.398107 20.0596 
0.0630957 0.47863 18.0905 
0.0630957 0.57544 15.7661 
0.0630957 0.691831 13.399 
0.0630957 0.831764 11.7664 
0.0630957 1 12.3522 
0.0630957 1.20226 17.3621 
0.0630957 1.44544 29.0285 
0.0630957 1.7378 47.9938 
0.0630957 2.0893 71.9582 
0.0630957 2.51189 96.7508 
0.0630957 3.01995 119.188 
0.0630957 3.63078 138.19 
0.0630957 4.36516 153.715 
0.0630957 5.24807 165.758 
0.0630957 6.30957 174.256 
0.0630957 7.58578 179.404 
0.0630957 9.12011 181.868 
0.0630957 10.9648 182.67 
0.0630957 13.1826 182.78 
0.0630957 15.8489 182.747 
0.0630957 19.0546 182.726 
0.0630957 22.9087 182.722 
0.0630957 27.5423 182.721 
0.0630957 33.1131 182.721 
0.0630957 39.8107 182.721 
0.0630957 47.863 182.721 
0.0630957 57.544 182.721 
0.0630957 69.1831 182.721 
0.0630957 83.1764 182.721 
0.0758578 0.01 25.6502 
0.0758578 0.0120226 25.648 
0.0758578 0.0144544 25.6448 
0.0758578 0.017378 25.6403 
0.0758578 0.020893 25.6337 
0.0758578 0.0251189 25.6242 
0.0758578 0.0301995 25.6105 
0.0758578 0.0363078 25.5906 
0.0758578 0.0436516 25.562 
0.0758578 0.0524807 25.5206 
0.0758578 0.0630957 25.4609 
0.0758578 0.0758578 25.375 
0.0758578 0.0912011 25.2513 
0.0758578 0.109648 25.0737 
0.0758578 0.131826 24.8194 
0.0758578 0.158489 24.457 
0.0758578 0.190546 23.9437 
0.0758578 0.229087 23.2236 
0.0758578 0.275423 22.2277 
0.0758578 0.331131 20.8806 
0.0758578 0.398107 19.1202 
0.0758578 0.47863 16.9483 
0.0758578 0.57544 14.5334 
0.0758578 0.691831 12.3934 
0.0758578 0.831764 11.6517 
0.0758578 1 14.229 
0.0758578 1.20226 22.5778 
0.0758578 1.44544 38.4612 
0.0758578 1.7378 61.109 
0.0758578 2.0893 86.8305 
0.0758578 2.51189 111.505 
0.0758578 3.01995 133.083 
0.0758578 3.63078 151.291 
0.0758578 4.36516 166.227 
0.0758578 5.24807 177.785 
0.0758578 6.30957 185.869 
0.0758578 7.58578 190.721 
0.0758578 9.12011 193.032 
0.0758578 10.9648 193.78 
0.0758578 13.1826 193.877 
0.0758578 15.8489 193.841 
0.0758578 19.0546 193.82 
0.0758578 22.9087 193.815 
0.0758578 27.5423 193.814 
0.0758578 33.1131 193.814 
0.0758578 39.8107 193.814 
0.0758578 47.863 193.814 
0.0758578 57.544 193.814 
0.0758578 69.1831 193.814 
0.0758578 83.1764 193.814 
0.0912011 0.01 25.6492 
0.0912011 0.0120226 25.6466 
0.0912011 0.0144544 25.6428 
0.0912011 0.017378 25.6373 
0.0912011 0.020893 25.6294 
0.0912011 0.0251189 25.618 
0.0912011 0.0301995 25.6014 
0.0912011 0.0363078 25.5776 
0.0912011 0.0436516 25.5432 
0.0912011 0.0524807 25.4935 
0.0912011 0.0630957 25.4219 
0.0912011 0.0758578 25.3187 
0.0912011 0.0912011 25.1705 
0.0912011 0.109648 24.9578 
0.0912011 0.131826 24.654 
0.0912011 0.158489 24.2221 
0.0912011 0.190546 23.6129 
0.0912011 0.229087 22.7637 
0.0912011 0.275423 21.6003 
0.0912011 0.331131 20.0498 
0.0912011 0.398107 18.0727 
0.0912011 0.47863 15.7364 
0.0912011 0.57544 13.3573 
0.0912011 0.691831 11.7309 
0.0912011 0.831764 12.3965 
0.0912011 1 17.68 
0.0912011 1.20226 29.9896 
0.0912011 1.44544 50.075 
0.0912011 1.7378 75.4946 
0.0912011 2.0893 101.782 
0.0912011 2.51189 125.671 
0.0912011 3.01995 146.27 
0.0912011 3.63078 163.72 
0.0912011 4.36516 178.03 
0.0912011 5.24807 188.995 
0.0912011 6.30957 196.561 
0.0912011 7.58578 201.06 
0.0912011 9.12011 203.199 
0.0912011 10.9648 203.897 
0.0912011 13.1826 203.99 
0.0912011 15.8489 203.956 
0.0912011 19.0546 203.936 
0.0912011 22.9087 203.931 
0.0912011 27.5423 203.93 
0.0912011 33.1131 203.93 
0.0912011 39.8107 203.93 
0.0912011 47.863 203.93 
0.0912011 57.544 203.93 
0.0912011 69.1831 203.93 
0.0912011 83.1764 203.93 
0.109648 0.01 25.648 
0.109648 0.0120226 25.6448 
0.109648 0.0144544 25.6403 
0.109648 0.017378 25.6337 
0.109648 0.020893 25.6242 
0.109648 0.0251189 25.6105 
0.109648 0.0301995 25.5906 
0.109648 0.0363078 25.562 
0.109648 0.0436516 25.5206 
0.109648 0.0524807 25.4609 
0.109648 0.0630957 25.375 
0.109648 0.0758578 25.2513 
0.109648 0.0912011 25.0736 
0.109648 0.109648 24.8193 
0.109648 0.131826 24.4566 
0.109648 0.158489 23.9429 
0.109648 0.190546 23.222 
0.109648 0.229087 22.2247 
0.109648 0.275423 20.8746 
0.109648 0.331131 19.1091 
0.109648 0.398107 16.9289 
0.109648 0.47863 14.5032 
0.109648 0.57544 12.3575 
0.109648 0.691831 11.6435 
0.109648 0.831764 14.3538 
0.109648 1 23.0726 
0.109648 1.20226 39.7034 
0.109648 1.44544 63.4677 
0.109648 1.7378 90.4438 
0.109648 2.0893 116.317 
0.109648 2.51189 139.121 
0.109648 3.01995 158.781 
0.109648 3.63078 175.488 
0.109648 4.36516 189.081 
0.109648 5.24807 199.331 
0.109648 6.30957 206.303 
0.109648 7.58578 210.432 
0.109648 9.12011 212.418 
0.109648 10.9648 213.089 
0.109648 13.1826 213.193 
0.109648 15.8489 213.169 
0.109648 19.0546 213.153 
0.109648 22.9087 213.149 
0.109648 27.5423 213.148 
0.109648 33.1131 213.148 
0.109648 39.8107 213.148 
0.109648 47.863 213.148 
0.109648 57.544 213.148 
0.109648 69.1831 213.148 
0.109648 83.1764 213.148 
0.131826 0.01 25.6466 
0.131826 0.0120226 25.6428 
0.131826 0.0144544 25.6373 
0.131826 0.017378 25.6294 
0.131826 0.020893 25.618 
0.131826 0.0251189 25.6014 
0.131826 0.0301995 25.5776 
0.131826 0.0363078 25.5432 
0.131826 0.0436516 25.4935 
0.131826 0.0524807 25.4219 
0.131826 0.0630957 25.3187 
0.131826 0.0758578 25.1704 
0.131826 0.0912011 24.9577 
0.131826 0.109648 24.6538 
0.131826 0.131826 24.2217 
0.131826 0.158489 23.612 
0.131826 0.190546 22.7619 
0.131826 0.229087 21.5968 
0.131826 0.275423 20.0431 
0.131826 0.331131 18.0603 
0.131826 0.398107 15.7157 
0.131826 0.47863 13.3283 
0.131826 0.57544 11.7065 
0.131826 0.691831 12.4292 
0.131826 0.831764 17.9088 
0.131826 1 30.6802 
0.131826 1.20226 51.5665 
0.131826 1.44544 78.0089 
0.131826 1.7378 105.315 
0.131826 2.0893 130.176 
0.131826 2.51189 151.862 
0.131826 3.01995 170.654 
0.131826 3.63078 186.569 
0.131826 4.36516 199.315 
0.131826 5.24807 208.751 
0.131826 6.30957 215.112 
0.131826 7.58578 218.911 
0.131826 9.12011 220.793 
0.131826 10.9648 221.477 
0.131826 13.1826 221.614 
0.131826 15.8489 221.609 
0.131826 19.0546 221.599 
0.131826 22.9087 221.596 
0.131826 27.5423 221.596 
0.131826 33.1131 221.596 
0.131826 39.8107 221.596 
0.131826 47.863 221.596 
0.131826 57.544 221.596 
0.131826 69.1831 221.596 
0.131826 83.1764 221.596 
0.158489 0.01 25.6448 
0.158489 0.0120226 25.6403 
0.158489 0.0144544 25.6337 
0.158489 0.017378 25.6242 
0.158489 0.020893 25.6105 
0.158489 0.0251189 25.5906 
0.158489 0.0301995 25.5619 
0.158489 0.0363078 25.5206 
0.158489 0.0436516 25.4609 
0.158489 0.0524807 25.375 
0.158489 0.0630957 25.2512 
0.158489 0.0758578 25.0736 
0.158489 0.0912011 24.8191 
0.158489 0.109648 24.4564 
0.158489 0.131826 23.9424 
0.158489 0.158489 23.221 
0.158489 0.190546 22.2226 
0.158489 0.229087 20.8705 
0.158489 0.275423 19.1014 
0.158489 0.331131 16.9154 
0.158489 0.398107 14.4821 
0.158489 0.47863 12.3327 
0.158489 0.57544 11.6385 
0.158489 0.691831 14.4434 
0.158489 0.831764 23.4261 
0.158489 1 40.5895 
0.158489 1.20226 65.1426 
0.158489 1.44544 92.9855 
0.158489 1.7378 119.666 
0.158489 2.0893 143.296 
0.158489 2.51189 163.955 
0.158489 3.01995 181.894 
0.158489 3.63078 196.901 
0.158489 4.36516 208.675 
0.158489 5.24807 217.263 
0.158489 6.30957 223.067 
0.158489 7.58578 226.621 
0.158489 9.12011 228.476 
0.158489 10.9648 229.218 
0.158489 13.1826 229.412 
0.158489 15.8489 229.436 
0.158489 19.0546 229.434 
0.158489 22.9087 229.433 
0.158489 27.5423 229.433 
0.158489 33.1131 229.433 
0.158489 39.8107 229.433 
0.158489 47.863 229.433 
0.158489 57.544 229.433 
0.158489 69.1831 229.433 
0.158489 83.1764 229.433 
0.190546 0.01 25.6428 
0.190546 0.0120226 25.6373 
0.190546 0.0144544 25.6294 
0.190546 0.017378 25.618 
0.190546 0.020893 25.6014 
0.190546 0.0251189 25.5776 
0.190546 0.0301995 25.5432 
0.190546 0.0363078 25.4935 
0.190546 0.0436516 25.4218 
0.190546 0.0524807 25.3187 
0.190546 0.0630957 25.1704 
0.190546 0.0758578 24.9577 
0.190546 0.0912011 24.6536 
0.190546 0.109648 24.2213 
0.190546 0.131826 23.6114 
0.190546 0.158489 22.7606 
0.190546 0.190546 21.5943 
0.190546 0.229087 20.0384 
0.190546 0.275423 18.0518 
0.190546 0.331131 15.7014 
0.190546 0.398107 13.3082 
0.190546 0.47863 11.6899 
0.190546 0.57544 12.453 
0.190546 0.691831 18.0716 
0.190546 0.831764 31.1706 
0.190546 1 52.6232 
0.190546 1.20226 79.7792 
0.190546 1.44544 107.779 
0.190546 1.7378 133.295 
0.190546 2.0893 155.722 
0.190546 2.51189 175.441 
0.190546 3.01995 192.458 
0.190546 3.63078 206.414 
0.190546 4.36516 217.145 
0.190546 5.24807 224.934 
0.190546 6.30957 230.3 
0.190546 7.58578 233.729 
0.190546 9.12011 235.638 
0.190546 10.9648 236.482 
0.190546 13.1826 236.751 
0.190546 15.8489 236.81 
0.190546 19.0546 236.819 
0.190546 22.9087 236.82 
0.190546 27.5423 236.82 
0.190546 33.1131 236.82 
0.190546 39.8107 236.82 
0.190546 47.863 236.82 
0.190546 57.544 236.82 
0.190546 69.1831 236.82 
0.190546 83.1764 236.82 
0.229087 0.01 25.6403 
0.229087 0.0120226 25.6337 
0.229087 0.0144544 25.6242 
0.229087 0.017378 25.6105 
0.229087 0.020893 25.5906 
0.229087 0.0251189 25.5619 
0.229087 0.0301995 25.5206 
0.229087 0.0363078 25.4609 
0.229087 0.0436516 25.3749 
0.229087 0.0524807 25.2512 
0.229087 0.0630957 25.0735 
0.229087 0.0758578 24.8191 
0.229087 0.0912011 24.4562 
0.229087 0.109648 23.942 
0.229087 0.131826 23.2203 
0.229087 0.158489 22.2211 
0.229087 0.190546 20.8677 
0.229087 0.229087 19.0961 
0.229087 0.275423 16.9061 
0.229087 0.331131 14.4676 
0.229087 0.398107 12.3155 
0.229087 0.47863 11.6353 
0.229087 0.57544 14.507 
0.229087 0.691831 23.6761 
0.229087 0.831764 41.2155 
0.229087 1 66.3216 
0.229087 1.20226 94.7622 
0.229087 1.44544 121.989 
0.229087 1.7378 146.179 
0.229087 2.0893 167.526 
0.229087 2.51189 186.311 
0.229087 3.01995 202.272 
0.229087 3.63078 215.062 
0.229087 4.36516 224.768 
0.229087 5.24807 231.89 
0.229087 6.30957 236.979 
0.229087 7.58578 240.407 
0.229087 9.12011 242.437 
0.229087 10.9648 243.411 
0.229087 13.1826 243.766 
0.229087 15.8489 243.862 
0.229087 19.0546 243.883 
0.229087 22.9087 243.887 
0.229087 27.5423 243.887 
0.229087 33.1131 243.887 
0.229087 39.8107 243.887 
0.229087 47.863 243.887 
0.229087 57.544 243.887 
0.229087 69.1831 243.887 
0.229087 83.1764 243.887 
0.275423 0.01 25.6373 
0.275423 0.0120226 25.6294 
0.275423 0.0144544 25.618 
0.275423 0.017378 25.6014 
0.275423 0.020893 25.5776 
0.275423 0.0251189 25.5432 
0.275423 0.0301995 25.4935 
0.275423 0.0363078 25.4218 
0.275423 0.0436516 25.3187 
0.275423 0.0524807 25.1703 
0.275423 0.0630957 24.9576 
0.275423 0.0758578 24.6535 
0.275423 0.0912011 24.2211 
0.275423 0.109648 23.611 
0.275423 0.131826 22.7597 
0.275423 0.158489 21.5926 
0.275423 0.190546 20.0351 
0.275423 0.229087 18.0459 
0.275423 0.275423 15.6915 
0.275423 0.331131 13.2943 
0.275423 0.398107 11.6784 
0.275423 0.47863 12.47 
0.275423 0.57544 18.1863 
0.275423 0.691831 31.5161 
0.275423 0.831764 53.3663 
0.275423 1 81.0182 
0.275423 1.20226 109.492 
0.275423 1.44544 135.451 
0.275423 1.7378 158.386 
0.275423 2.0893 178.743 
0.275423 2.51189 196.509 
0.275423 3.01995 211.266 
0.275423 3.63078 222.854 
0.275423 4.36516 231.65 
0.275423 5.24807 238.297 
0.275423 6.30957 243.278 
0.275423 7.58578 246.803 
0.275423 9.12011 248.99 
0.275423 10.9648 250.1 
0.275423 13.1826 250.539 
0.275423 15.8489 250.672 
0.275423 19.0546 250.703 
0.275423 22.9087 250.709 
0.275423 27.5423 250.71 
0.275423 33.1131 250.71 
0.275423 39.8107 250.71 
0.275423 47.863 250.71 
0.275423 57.544 250.71 
0.275423 69.1831 250.71 
0.275423 83.1764 250.71 
0.331131 0.01 25.6337 
0.331131 0.0120226 25.6242 
0.331131 0.0144544 25.6105 
0.331131 0.017378 25.5906 
0.331131 0.020893 25.5619 
0.331131 0.0251189 25.5206 
0.331131 0.0301995 25.4609 
0.331131 0.0363078 25.3749 
0.331131 0.0436516 25.2512 
0.331131 0.0524807 25.0735 
0.331131 0.0630957 24.819 
0.331131 0.0758578 24.4561 
0.331131 0.0912011 23.9418 
0.331131 0.109648 23.2197 
0.331131 0.131826 22.2201 
0.331131 0.158489 20.8657 
0.331131 0.190546 19.0924 
0.331131 0.229087 16.8996 
0.331131 0.275423 14.4575 
0.331131 0.331131 12.3036 
0.331131 0.398107 11.6332 
0.331131 0.47863 14.5517 
0.331131 0.57544 23.8516 
0.331131 0.691831 41.6549 
0.331131 0.831764 67.147 
0.331131 1 95.9994 
0.331131 1.20226 123.597 
0.331131 1.44544 148.17 
0.331131 1.7378 169.99 
0.331131 2.0893 189.355 
0.331131 2.51189 205.953 
0.331131 3.01995 219.408 
0.331131 3.63078 229.861 
0.331131 4.36516 237.946 
0.331131 5.24807 244.329 
0.331131 6.30957 249.342 
0.331131 7.58578 253.012 
0.331131 9.12011 255.354 
0.331131 10.9648 256.584 
0.331131 13.1826 257.093 
0.331131 15.8489 257.256 
0.331131 19.0546 257.298 
0.331131 22.9087 257.305 
0.331131 27.5423 257.306 
0.331131 33.1131 257.306 
0.331131 39.8107 257.306 
0.331131 47.863 257.306 
0.331131 57.544 257.306 
0.331131 69.1831 257.306 
0.331131 83.1764 257.306 
0.398107 0.01 25.6294 
0.398107 0.0120226 25.618 
0.398107 0.0144544 25.6014 
0.398107 0.017378 25.5776 
0.398107 0.020893 25.5432 
0.398107 0.0251189 25.4935 
0.398107 0.0301995 25.4218 
0.398107 0.0363078 25.3187 
0.398107 0.0436516 25.1703 
0.398107 0.0524807 24.9576 
0.398107 0.0630957 24.6534 
0.398107 0.0758578 24.221 
0.398107 0.0912011 23.6107 
0.398107 0.109648 22.7592 
0.398107 0.131826 21.5914 
0.398107 0.158489 20.0328 
0.398107 0.190546 18.0417 
0.398107 0.229087 15.6846 
0.398107 0.275423 13.2847 
0.398107 0.331131 11.6705 
0.398107 0.398107 12.4819 
0.398107 0.47863 18.2667 
0.398107 0.57544 31.758 
0.398107 0.691831 53.886 
0.398107 0.831764 81.8819 
0.398107 1 110.68 
0.398107 1.20226 136.941 
0.398107 1.44544 160.225 
0.398107 1.7378 181.021 
0.398107 2.0893 199.293 
0.398107 2.51189 214.58 
0.398107 3.01995 226.727 
0.398107 3.63078 236.215 
0.398107 4.36516 243.831 
0.398107 5.24807 250.138 
0.398107 6.30957 255.259 
0.398107 7.58578 259.071 
0.398107 9.12011 261.53 
0.398107 10.9648 262.842 
0.398107 13.1826 263.4 
0.398107 15.8489 263.586 
0.398107 19.0546 263.634 
0.398107 22.9087 263.643 
0.398107 27.5423 263.644 
0.398107 33.1131 263.644 
0.398107 39.8107 263.644 
0.398107 47.863 263.644 
0.398107 57.544 263.644 
0.398107 69.1831 263.644 
0.398107 83.1764 263.644 
0.47863 0.01 25.6242 
0.47863 0.0120226 25.6105 
0.47863 0.0144544 25.5906 
0.47863 0.017378 25.5619 
0.47863 0.020893 25.5206 
0.47863 0.0251189 25.4609 
0.47863 0.0301995 25.3749 
0.47863 0.0363078 25.2512 
0.47863 0.0436516 25.0735 
0.47863 0.0524807 24.819 
0.47863 0.0630957 24.456 
0.47863 0.0758578 23.9416 
0.47863 0.0912011 23.2194 
0.47863 0.109648 22.2194 
0.47863 0.131826 20.8644 
0.47863 0.158489 19.0899 
0.47863 0.190546 16.8951 
0.47863 0.229087 14.4505 
0.47863 0.275423 12.2954 
0.47863 0.331131 11.6318 
0.47863 0.398107 14.5831 
0.47863 0.47863 23.9744 
0.47863 0.57544 41.9618 
0.47863 0.691831 67.7226 
0.47863 0.831764 96.8589 
0.47863 1 124.711 
0.47863 1.20226 149.545 
0.47863 1.44544 171.691 
0.47863 1.7378 191.452 
0.47863 2.0893 208.478 
0.47863 2.51189 222.368 
0.47863 3.01995 233.315 
0.47863 3.63078 242.083 
0.47863 4.36516 249.468 
0.47863 5.24807 255.823 
0.47863 6.30957 261.059 
0.47863 7.58578 264.956 
0.47863 9.12011 267.469 
0.47863 10.9648 268.819 
0.47863 13.1826 269.401 
0.47863 15.8489 269.599 
0.47863 19.0546 269.65 
0.47863 22.9087 269.66 
0.47863 27.5423 269.661 
0.47863 33.1131 269.661 
0.47863 39.8107 269.661 
0.47863 47.863 269.661 
0.47863 57.544 269.661 
0.47863 69.1831 269.661 
0.47863 83.1764 269.661 
0.57544 0.01 25.618 
0.57544 0.0120226 25.6014 
0.57544 0.0144544 25.5776 
0.57544 0.017378 25.5432 
0.57544 0.020893 25.4935 
0.57544 0.0251189 25.4218 
0.57544 0.0301995 25.3187 
0.57544 0.0363078 25.1703 
0.57544 0.0436516 24.9575 
0.57544 0.0524807 24.6534 
0.57544 0.0630957 24.2209 
0.57544 0.0758578 23.6105 
0.57544 0.0912011 22.7587 
0.57544 0.109648 21.5906 
0.57544 0.131826 20.0313 
0.57544 0.158489 18.0389 
0.57544 0.190546 15.6799 
0.57544 0.229087 13.278 
0.57544 0.275423 11.665 
0.57544 0.331131 12.4903 
0.57544 0.398107 18.3229 
0.57544 0.47863 31.9268 
0.57544 0.57544 54.2484 
0.57544 0.691831 82.4826 
0.57544 0.831764 111.504 
0.57544 1 137.971 
0.57544 1.20226 161.495 
0.57544 1.44544 182.593 
0.57544 1.7378 201.21 
0.57544 2.0893 216.847 
0.57544 2.51189 229.361 
0.57544 3.01995 239.319 
0.57544 3.63078 247.641 
0.57544 4.36516 254.977 
0.57544 5.24807 261.421 
0.57544 6.30957 266.712 
0.57544 7.58578 270.609 
0.57544 9.12011 273.102 
0.57544 10.9648 274.443 
0.57544 13.1826 275.026 
0.57544 15.8489 275.226 
0.57544 19.0546 275.279 
0.57544 22.9087 275.289 
0.57544 27.5423 275.29 
0.57544 33.1131 275.29 
0.57544 39.8107 275.29 
0.57544 47.863 275.29 
0.57544 57.544 275.29 
0.57544 69.1831 275.29 
0.57544 83.1764 275.29 
0.691831 0.01 25.6105 
0.691831 0.0120226 25.5906 
0.691831 0.0144544 25.5619 
0.691831 0.017378 25.5206 
0.691831 0.020893 25.4609 
0.691831 0.0251189 25.3749 
0.691831 0.0301995 25.2512 
0.691831 0.0363078 25.0735 
0.691831 0.0436516 24.8189 
0.691831 0.0524807 24.4559 
0.691831 0.0630957 23.9415 
0.691831 0.0758578 23.2192 
0.691831 0.0912011 22.2189 
0.691831 0.109648 20.8634 
0.691831 0.131826 19.0881 
0.691831 0.158489 16.892 
0.691831 0.190546 14.4457 
0.691831 0.229087 12.2897 
0.691831 0.275423 11.6309 
0.691831 0.331131 14.605 
0.691831 0.398107 24.0599 
0.691831 0.47863 42.1757 
0.691831 0.57544 68.1229 
0.691831 0.691831 97.4552 
0.691831 0.831764 125.481 
0.691831 1 150.495 
0.691831 1.20226 172.866 
0.691831 1.44544 192.898 
0.691831 1.7378 210.213 
0.691831 2.0893 224.389 
0.691831 2.51189 235.665 
0.691831 3.01995 244.911 
0.691831 3.63078 253.033 
0.691831 4.36516 260.419 
0.691831 5.24807 266.908 
0.691831 6.30957 272.155 
0.691831 7.58578 275.955 
0.691831 9.12011 278.361 
0.691831 10.9648 279.651 
0.691831 13.1826 280.215 
0.691831 15.8489 280.409 
0.691831 19.0546 280.461 
0.691831 22.9087 280.471 
0.691831 27.5423 280.472 
0.691831 33.1131 280.473 
0.691831 39.8107 280.473 
0.691831 47.863 280.473 
0.691831 57.544 280.473 
0.691831 69.1831 280.473 
0.691831 83.1764 280.473 
0.831764 0.01 25.6014 
0.831764 0.0120226 25.5776 
0.831764 0.0144544 25.5432 
0.831764 0.017378 25.4935 
0.831764 0.020893 25.4218 
0.831764 0.0251189 25.3187 
0.831764 0.0301995 25.1703 
0.831764 0.0363078 24.9575 
0.831764 0.0436516 24.6534 
0.831764 0.0524807 24.2208 
0.831764 0.0630957 23.6103 
0.831764 0.0758578 22.7585 
0.831764 0.0912011 21.5901 
0.831764 0.109648 20.0302 
0.831764 0.131826 18.0369 
0.831764 0.158489 15.6766 
0.831764 0.190546 13.2734 
0.831764 0.229087 11.6612 
0.831764 0.275423 12.4962 
0.831764 0.331131 18.3619 
0.831764 0.398107 32.0443 
0.831764 0.47863 54.5003 
0.831764 0.57544 82.8996 
0.831764 0.691831 112.074 
0.831764 0.831764 138.683 
0.831764 1 162.372 
0.831764 1.20226 183.679 
0.831764 1.44544 202.53 
0.831764 1.7378 218.402 
0.831764 2.0893 231.158 
0.831764 2.51189 241.436 
0.831764 3.01995 250.261 
0.831764 3.63078 258.354 
0.831764 4.36516 265.789 
0.831764 5.24807 272.224 
0.831764 6.30957 277.311 
0.831764 7.58578 280.926 
0.831764 9.12011 283.189 
0.831764 10.9648 284.397 
0.831764 13.1826 284.927 
0.831764 15.8489 285.11 
0.831764 19.0546 285.16 
0.831764 22.9087 285.169 
0.831764 27.5423 285.17 
0.831764 33.1131 285.17 
0.831764 39.8107 285.17 
0.831764 47.863 285.17 
0.831764 57.544 285.17 
0.831764 69.1831 285.17 
0.831764 83.1764 285.17 
