0.0001 0.01 25.6551 
0.0001 0.0116591 25.6551 
0.0001 0.0135936 25.6551 
0.0001 0.0158489 25.6551 
0.0001 0.0184785 25.655 
0.0001 0.0215443 25.655 
0.0001 0.0251189 25.655 
0.0001 0.0292864 25.655 
0.0001 0.0341455 25.655 
0.0001 0.0398107 25.6549 
0.0001 0.0464159 25.6549 
0.0001 0.054117 25.6548 
0.0001 0.0630957 25.6548 
0.0001 0.0735642 25.6547 
0.0001 0.0857696 25.6545 
0.0001 0.1 25.6543 
0.0001 0.116591 25.654 
0.0001 0.135936 25.6537 
0.0001 0.158489 25.6532 
0.0001 0.184785 25.6525 
0.0001 0.215443 25.6515 
0.0001 0.251189 25.6503 
0.0001 0.292864 25.6486 
0.0001 0.341455 25.6462 
0.0001 0.398107 25.6431 
0.0001 0.464159 25.6388 
0.0001 0.54117 25.633 
0.0001 0.630957 25.6252 
0.0001 0.735642 25.6148 
0.0001 0.857696 25.6007 
0.0001 1 25.582 
0.0001 1.16591 25.5572 
0.0001 1.35936 25.5245 
0.0001 1.58489 25.4822 
0.0001 1.84785 25.4281 
0.0001 2.15443 25.3605 
0.0001 2.51189 25.2782 
0.0001 2.92864 25.1815 
0.0001 3.41455 25.0729 
0.0001 3.98107 24.9577 
0.0001 4.64159 24.8437 
0.0001 5.4117 24.7404 
0.0001 6.30957 24.6561 
0.0001 7.35642 24.5955 
0.0001 8.57696 24.5583 
0.0001 10 24.5395 
0.0001 11.6591 24.5321 
0.0001 13.5936 24.5298 
0.0001 15.8489 24.5293 
0.0001 18.4785 24.5292 
0.0001 21.5443 24.5292 
0.0001 25.1189 24.5292 
0.0001 29.2864 24.5292 
0.0001 34.1455 24.5292 
0.0001 39.8107 24.5292 
0.0001 46.4159 24.5292 
0.0001 54.117 24.5292 
0.0001 63.0957 24.5292 
0.0001 73.5642 24.5292 
0.0001 85.7696 24.5292 
0.0001 100 24.5292 
0.000116591 0.01 25.6551 
0.000116591 0.0116591 25.6551 
0.000116591 0.0135936 25.6551 
0.000116591 0.0158489 25.655 
0.000116591 0.0184785 25.655 
0.000116591 0.0215443 25.655 
0.000116591 0.0251189 25.655 
0.000116591 0.0292864 25.655 
0.000116591 0.0341455 25.655 
0.000116591 0.0398107 25.6549 
0.000116591 0.0464159 25.6549 
0.000116591 0.054117 25.6548 
0.000116591 0.0630957 25.6547 
0.000116591 0.0735642 25.6546 
0.000116591 0.0857696 25.6544 
0.000116591 0.1 25.6542 
0.000116591 0.116591 25.6539 
0.000116591 0.135936 25.6534 
0.000116591 0.158489 25.6528 
0.000116591 0.184785 25.652 
0.000116591 0.215443 25.651 
0.000116591 0.251189 25.6495 
0.000116591 0.292864 25.6475 
0.000116591 0.341455 25.6448 
0.000116591 0.398107 25.6411 
0.000116591 0.464159 25.6361 
0.000116591 0.54117 25.6294 
0.000116591 0.630957 25.6203 
0.000116591 0.735642 25.6081 
0.000116591 0.857696 25.5917 
0.000116591 1 25.5699 
0.000116591 1.16591 25.5409 
0.000116591 1.35936 25.5029 
0.000116591 1.58489 25.4537 
0.000116591 1.84785 25.3907 
0.000116591 2.15443 25.312 
0.000116591 2.51189 25.2162 
0.000116591 2.92864 25.1038 
0.000116591 3.41455 24.9777 
0.000116591 3.98107 24.844 
0.000116591 4.64159 24.7119 
0.000116591 5.4117 24.5922 
0.000116591 6.30957 24.4946 
0.000116591 7.35642 24.4245 
0.000116591 8.57696 24.3815 
0.000116591 10 24.3598 
0.000116591 11.6591 24.3511 
0.000116591 13.5936 24.3485 
0.000116591 15.8489 24.3479 
0.000116591 18.4785 24.3478 
0.000116591 21.5443 24.3478 
0.000116591 25.1189 24.3478 
0.000116591 29.2864 24.3478 
0.000116591 34.1455 24.3478 
0.000116591 39.8107 24.3478 
0.000116591 46.4159 24.3478 
0.000116591 54.117 24.3478 
0.000116591 63.0957 24.3478 
0.000116591 73.5642 24.3478 
0.000116591 85.7696 24.3478 
0.000116591 100 24.3478 
0.000135936 0.01 25.6551 
0.000135936 0.0116591 25.6551 
0.000135936 0.0135936 25.6551 
0.000135936 0.0158489 25.655 
0.000135936 0.0184785 25.655 
0.000135936 0.0215443 25.655 
0.000135936 0.0251189 25.655 
0.000135936 0.0292864 25.655 
0.000135936 0.0341455 25.6549 
0.000135936 0.0398107 25.6549 
0.000135936 0.0464159 25.6548 
0.000135936 0.054117 25.6548 
0.000135936 0.0630957 25.6547 
0.000135936 0.0735642 25.6545 
0.000135936 0.0857696 25.6543 
0.000135936 0.1 25.654 
0.000135936 0.116591 25.6537 
0.000135936 0.135936 25.6532 
0.000135936 0.158489 25.6525 
0.000135936 0.184785 25.6515 
0.000135936 0.215443 25.6503 
0.000135936 0.251189 25.6486 
0.000135936 0.292864 25.6462 
0.000135936 0.341455 25.6431 
0.000135936 0.398107 25.6388 
0.000135936 0.464159 25.633 
0.000135936 0.54117 25.6251 
0.000135936 0.630957 25.6145 
0.000135936 0.735642 25.6003 
0.000135936 0.857696 25.5812 
0.000135936 1 25.5558 
0.000135936 1.16591 25.5221 
0.000135936 1.35936 25.4778 
0.000135936 1.58489 25.4204 
0.000135936 1.84785 25.3471 
0.000135936 2.15443 25.2555 
0.000135936 2.51189 25.1442 
0.000135936 2.92864 25.0136 
0.000135936 3.41455 24.8671 
0.000135936 3.98107 24.7121 
0.000135936 4.64159 24.5592 
0.000135936 5.4117 24.4207 
0.000135936 6.30957 24.3079 
0.000135936 7.35642 24.2269 
0.000135936 8.57696 24.1772 
0.000135936 10 24.1521 
0.000135936 11.6591 24.1421 
0.000135936 13.5936 24.139 
0.000135936 15.8489 24.1384 
0.000135936 18.4785 24.1382 
0.000135936 21.5443 24.1382 
0.000135936 25.1189 24.1382 
0.000135936 29.2864 24.1382 
0.000135936 34.1455 24.1382 
0.000135936 39.8107 24.1382 
0.000135936 46.4159 24.1382 
0.000135936 54.117 24.1382 
0.000135936 63.0957 24.1382 
0.000135936 73.5642 24.1382 
0.000135936 85.7696 24.1382 
0.000135936 100 24.1382 
0.000158489 0.01 25.6551 
0.000158489 0.0116591 25.6551 
0.000158489 0.0135936 25.655 
0.000158489 0.0158489 25.655 
0.000158489 0.0184785 25.655 
0.000158489 0.0215443 25.655 
0.000158489 0.0251189 25.655 
0.000158489 0.0292864 25.655 
0.000158489 0.0341455 25.6549 
0.000158489 0.0398107 25.6549 
0.000158489 0.0464159 25.6548 
0.000158489 0.054117 25.6547 
0.000158489 0.0630957 25.6546 
0.000158489 0.0735642 25.6544 
0.000158489 0.0857696 25.6542 
0.000158489 0.1 25.6539 
0.000158489 0.116591 25.6534 
0.000158489 0.135936 25.6528 
0.000158489 0.158489 25.652 
0.000158489 0.184785 25.651 
0.000158489 0.215443 25.6495 
0.000158489 0.251189 25.6475 
0.000158489 0.292864 25.6448 
0.000158489 0.341455 25.6411 
0.000158489 0.398107 25.6361 
0.000158489 0.464159 25.6293 
0.000158489 0.54117 25.6202 
0.000158489 0.630957 25.6078 
0.000158489 0.735642 25.5912 
0.000158489 0.857696 25.569 
0.000158489 1 25.5393 
0.000158489 1.16591 25.5001 
0.000158489 1.35936 25.4485 
0.000158489 1.58489 25.3817 
0.000158489 1.84785 25.2964 
0.000158489 2.15443 25.1899 
0.000158489 2.51189 25.0605 
0.000158489 2.92864 24.9088 
0.000158489 3.41455 24.739 
0.000158489 3.98107 24.5594 
0.000158489 4.64159 24.3824 
0.000158489 5.4117 24.2224 
0.000158489 6.30957 24.0922 
0.000158489 7.35642 23.9988 
0.000158489 8.57696 23.9415 
0.000158489 10 23.9125 
0.000158489 11.6591 23.901 
0.000158489 13.5936 23.8975 
0.000158489 15.8489 23.8967 
0.000158489 18.4785 23.8965 
0.000158489 21.5443 23.8965 
0.000158489 25.1189 23.8965 
0.000158489 29.2864 23.8965 
0.000158489 34.1455 23.8965 
0.000158489 39.8107 23.8965 
0.000158489 46.4159 23.8965 
0.000158489 54.117 23.8965 
0.000158489 63.0957 23.8965 
0.000158489 73.5642 23.8965 
0.000158489 85.7696 23.8965 
0.000158489 100 23.8965 
0.000184785 0.01 25.6551 
0.000184785 0.0116591 25.6551 
0.000184785 0.0135936 25.655 
0.000184785 0.0158489 25.655 
0.000184785 0.0184785 25.655 
0.000184785 0.0215443 25.655 
0.000184785 0.0251189 25.655 
0.000184785 0.0292864 25.6549 
0.000184785 0.0341455 25.6549 
0.000184785 0.0398107 25.6548 
0.000184785 0.0464159 25.6548 
0.000184785 0.054117 25.6547 
0.000184785 0.0630957 25.6545 
0.000184785 0.0735642 25.6543 
0.000184785 0.0857696 25.654 
0.000184785 0.1 25.6537 
0.000184785 0.116591 25.6532 
0.000184785 0.135936 25.6525 
0.000184785 0.158489 25.6515 
0.000184785 0.184785 25.6503 
0.000184785 0.215443 25.6486 
0.000184785 0.251189 25.6462 
0.000184785 0.292864 25.643 
0.000184785 0.341455 25.6387 
0.000184785 0.398107 25.6329 
0.000184785 0.464159 25.625 
0.000184785 0.54117 25.6144 
0.000184785 0.630957 25.6 
0.000184785 0.735642 25.5806 
0.000184785 0.857696 25.5547 
0.000184785 1 25.5202 
0.000184785 1.16591 25.4744 
0.000184785 1.35936 25.4144 
0.000184785 1.58489 25.3366 
0.000184785 1.84785 25.2374 
0.000184785 2.15443 25.1135 
0.000184785 2.51189 24.9632 
0.000184785 2.92864 24.7872 
0.000184785 3.41455 24.5904 
0.000184785 3.98107 24.3826 
0.000184785 4.64159 24.1782 
0.000184785 5.4117 23.9936 
0.000184785 6.30957 23.8435 
0.000184785 7.35642 23.736 
0.000184785 8.57696 23.67 
0.000184785 10 23.6367 
0.000184785 11.6591 23.6234 
0.000184785 13.5936 23.6193 
0.000184785 15.8489 23.6184 
0.000184785 18.4785 23.6183 
0.000184785 21.5443 23.6182 
0.000184785 25.1189 23.6182 
0.000184785 29.2864 23.6182 
0.000184785 34.1455 23.6182 
0.000184785 39.8107 23.6182 
0.000184785 46.4159 23.6182 
0.000184785 54.117 23.6182 
0.000184785 63.0957 23.6182 
0.000184785 73.5642 23.6182 
0.000184785 85.7696 23.6182 
0.000184785 100 23.6182 
0.000215443 0.01 25.6551 
0.000215443 0.0116591 25.655 
0.000215443 0.0135936 25.655 
0.000215443 0.0158489 25.655 
0.000215443 0.0184785 25.655 
0.000215443 0.0215443 25.655 
0.000215443 0.0251189 25.655 
0.000215443 0.0292864 25.6549 
0.000215443 0.0341455 25.6549 
0.000215443 0.0398107 25.6548 
0.000215443 0.0464159 25.6547 
0.000215443 0.054117 25.6546 
0.000215443 0.0630957 25.6544 
0.000215443 0.0735642 25.6542 
0.000215443 0.0857696 25.6539 
0.000215443 0.1 25.6534 
0.000215443 0.116591 25.6528 
0.000215443 0.135936 25.652 
0.000215443 0.158489 25.651 
0.000215443 0.184785 25.6495 
0.000215443 0.215443 25.6475 
0.000215443 0.251189 25.6447 
0.000215443 0.292864 25.641 
0.000215443 0.341455 25.636 
0.000215443 0.398107 25.6292 
0.000215443 0.464159 25.62 
0.000215443 0.54117 25.6076 
0.000215443 0.630957 25.5909 
0.000215443 0.735642 25.5683 
0.000215443 0.857696 25.5381 
0.000215443 1 25.4979 
0.000215443 1.16591 25.4446 
0.000215443 1.35936 25.3747 
0.000215443 1.58489 25.2842 
0.000215443 1.84785 25.1688 
0.000215443 2.15443 25.0249 
0.000215443 2.51189 24.8504 
0.000215443 2.92864 24.6463 
0.000215443 3.41455 24.4185 
0.000215443 3.98107 24.1783 
0.000215443 4.64159 23.9425 
0.000215443 5.4117 23.73 
0.000215443 6.30957 23.5574 
0.000215443 7.35642 23.4338 
0.000215443 8.57696 23.3581 
0.000215443 10 23.3198 
0.000215443 11.6591 23.3045 
0.000215443 13.5936 23.2999 
0.000215443 15.8489 23.2988 
0.000215443 18.4785 23.2986 
0.000215443 21.5443 23.2986 
0.000215443 25.1189 23.2986 
0.000215443 29.2864 23.2986 
0.000215443 34.1455 23.2986 
0.000215443 39.8107 23.2986 
0.000215443 46.4159 23.2986 
0.000215443 54.117 23.2986 
0.000215443 63.0957 23.2986 
0.000215443 73.5642 23.2986 
0.000215443 85.7696 23.2986 
0.000215443 100 23.2986 
0.000251189 0.01 25.6551 
0.000251189 0.0116591 25.655 
0.000251189 0.0135936 25.655 
0.000251189 0.0158489 25.655 
0.000251189 0.0184785 25.655 
0.000251189 0.0215443 25.655 
0.000251189 0.0251189 25.6549 
0.000251189 0.0292864 25.6549 
0.000251189 0.0341455 25.6548 
0.000251189 0.0398107 25.6548 
0.000251189 0.0464159 25.6547 
0.000251189 0.054117 25.6545 
0.000251189 0.0630957 25.6543 
0.000251189 0.0735642 25.654 
0.000251189 0.0857696 25.6537 
0.000251189 0.1 25.6532 
0.000251189 0.116591 25.6525 
0.000251189 0.135936 25.6515 
0.000251189 0.158489 25.6503 
0.000251189 0.184785 25.6485 
0.000251189 0.215443 25.6462 
0.000251189 0.251189 25.643 
0.000251189 0.292864 25.6387 
0.000251189 0.341455 25.6329 
0.000251189 0.398107 25.625 
0.000251189 0.464159 25.6142 
0.000251189 0.54117 25.5998 
0.000251189 0.630957 25.5802 
0.000251189 0.735642 25.554 
0.000251189 0.857696 25.5188 
0.000251189 1 25.4719 
0.000251189 1.16591 25.4098 
0.000251189 1.35936 25.3285 
0.000251189 1.58489 25.2231 
0.000251189 1.84785 25.089 
0.000251189 2.15443 24.9219 
0.000251189 2.51189 24.7195 
0.000251189 2.92864 24.4831 
0.000251189 3.41455 24.2197 
0.000251189 3.98107 23.9426 
0.000251189 4.64159 23.671 
0.000251189 5.4117 23.4269 
0.000251189 6.30957 23.2289 
0.000251189 7.35642 23.0873 
0.000251189 8.57696 23.0006 
0.000251189 10 22.9567 
0.000251189 11.6591 22.9392 
0.000251189 13.5936 22.9338 
0.000251189 15.8489 22.9326 
0.000251189 18.4785 22.9324 
0.000251189 21.5443 22.9324 
0.000251189 25.1189 22.9324 
0.000251189 29.2864 22.9324 
0.000251189 34.1455 22.9324 
0.000251189 39.8107 22.9324 
0.000251189 46.4159 22.9324 
0.000251189 54.117 22.9324 
0.000251189 63.0957 22.9324 
0.000251189 73.5642 22.9324 
0.000251189 85.7696 22.9324 
0.000251189 100 22.9324 
0.000292864 0.01 25.655 
0.000292864 0.0116591 25.655 
0.000292864 0.0135936 25.655 
0.000292864 0.0158489 25.655 
0.000292864 0.0184785 25.655 
0.000292864 0.0215443 25.655 
0.000292864 0.0251189 25.6549 
0.000292864 0.0292864 25.6549 
0.000292864 0.0341455 25.6548 
0.000292864 0.0398107 25.6547 
0.000292864 0.0464159 25.6546 
0.000292864 0.054117 25.6544 
0.000292864 0.0630957 25.6542 
0.000292864 0.0735642 25.6539 
0.000292864 0.0857696 25.6534 
0.000292864 0.1 25.6528 
0.000292864 0.116591 25.652 
0.000292864 0.135936 25.651 
0.000292864 0.158489 25.6495 
0.000292864 0.184785 25.6475 
0.000292864 0.215443 25.6447 
0.000292864 0.251189 25.641 
0.000292864 0.292864 25.636 
0.000292864 0.341455 25.6292 
0.000292864 0.398107 25.62 
0.000292864 0.464159 25.6075 
0.000292864 0.54117 25.5906 
0.000292864 0.630957 25.5678 
0.000292864 0.735642 25.5372 
0.000292864 0.857696 25.4962 
0.000292864 1 25.4416 
0.000292864 1.16591 25.3694 
0.000292864 1.35936 25.2747 
0.000292864 1.58489 25.1522 
0.000292864 1.84785 24.9964 
0.000292864 2.15443 24.8024 
0.000292864 2.51189 24.5678 
0.000292864 2.92864 24.2944 
0.000292864 3.41455 23.9902 
0.000292864 3.98107 23.671 
0.000292864 4.64159 23.3591 
0.000292864 5.4117 23.0792 
0.000292864 6.30957 22.8528 
0.000292864 7.35642 22.6912 
0.000292864 8.57696 22.5922 
0.000292864 10 22.542 
0.000292864 11.6591 22.522 
0.000292864 13.5936 22.5159 
0.000292864 15.8489 22.5145 
0.000292864 18.4785 22.5142 
0.000292864 21.5443 22.5142 
0.000292864 25.1189 22.5142 
0.000292864 29.2864 22.5142 
0.000292864 34.1455 22.5142 
0.000292864 39.8107 22.5142 
0.000292864 46.4159 22.5142 
0.000292864 54.117 22.5142 
0.000292864 63.0957 22.5142 
0.000292864 73.5642 22.5142 
0.000292864 85.7696 22.5142 
0.000292864 100 22.5142 
0.000341455 0.01 25.655 
0.000341455 0.0116591 25.655 
0.000341455 0.0135936 25.655 
0.000341455 0.0158489 25.655 
0.000341455 0.0184785 25.655 
0.000341455 0.0215443 25.6549 
0.000341455 0.0251189 25.6549 
0.000341455 0.0292864 25.6548 
0.000341455 0.0341455 25.6548 
0.000341455 0.0398107 25.6547 
0.000341455 0.0464159 25.6545 
0.000341455 0.054117 25.6543 
0.000341455 0.0630957 25.654 
0.000341455 0.0735642 25.6537 
0.000341455 0.0857696 25.6532 
0.000341455 0.1 25.6525 
0.000341455 0.116591 25.6515 
0.000341455 0.135936 25.6503 
0.000341455 0.158489 25.6485 
0.000341455 0.184785 25.6462 
0.000341455 0.215443 25.643 
0.000341455 0.251189 25.6387 
0.000341455 0.292864 25.6329 
0.000341455 0.341455 25.6249 
0.000341455 0.398107 25.6141 
0.000341455 0.464159 25.5996 
0.000341455 0.54117 25.5799 
0.000341455 0.630957 25.5534 
0.000341455 0.735642 25.5177 
0.000341455 0.857696 25.47 
0.000341455 1 25.4064 
0.000341455 1.16591 25.3223 
0.000341455 1.35936 25.2122 
0.000341455 1.58489 25.0698 
0.000341455 1.84785 24.8888 
0.000341455 2.15443 24.6638 
0.000341455 2.51189 24.3922 
0.000341455 2.92864 24.0763 
0.000341455 3.41455 23.7257 
0.000341455 3.98107 23.3589 
0.000341455 4.64159 23.0015 
0.000341455 5.4117 22.6818 
0.000341455 6.30957 22.4237 
0.000341455 7.35642 22.2398 
0.000341455 8.57696 22.1272 
0.000341455 10 22.0702 
0.000341455 11.6591 22.0473 
0.000341455 13.5936 22.0403 
0.000341455 15.8489 22.0387 
0.000341455 18.4785 22.0385 
0.000341455 21.5443 22.0384 
0.000341455 25.1189 22.0384 
0.000341455 29.2864 22.0384 
0.000341455 34.1455 22.0384 
0.000341455 39.8107 22.0384 
0.000341455 46.4159 22.0384 
0.000341455 54.117 22.0384 
0.000341455 63.0957 22.0384 
0.000341455 73.5642 22.0384 
0.000341455 85.7696 22.0384 
0.000341455 100 22.0384 
0.000398107 0.01 25.655 
0.000398107 0.0116591 25.655 
0.000398107 0.0135936 25.655 
0.000398107 0.0158489 25.655 
0.000398107 0.0184785 25.655 
0.000398107 0.0215443 25.6549 
0.000398107 0.0251189 25.6549 
0.000398107 0.0292864 25.6548 
0.000398107 0.0341455 25.6547 
0.000398107 0.0398107 25.6546 
0.000398107 0.0464159 25.6544 
0.000398107 0.054117 25.6542 
0.000398107 0.0630957 25.6539 
0.000398107 0.0735642 25.6534 
0.000398107 0.0857696 25.6528 
0.000398107 0.1 25.652 
0.000398107 0.116591 25.651 
0.000398107 0.135936 25.6495 
0.000398107 0.158489 25.6475 
0.000398107 0.184785 25.6447 
0.000398107 0.215443 25.641 
0.000398107 0.251189 25.636 
0.000398107 0.292864 25.6292 
0.000398107 0.341455 25.6199 
0.000398107 0.398107 25.6074 
0.000398107 0.464159 25.5904 
0.000398107 0.54117 25.5675 
0.000398107 0.630957 25.5366 
0.000398107 0.735642 25.495 
0.000398107 0.857696 25.4394 
0.000398107 1 25.3654 
0.000398107 1.16591 25.2675 
0.000398107 1.35936 25.1394 
0.000398107 1.58489 24.974 
0.000398107 1.84785 24.764 
0.000398107 2.15443 24.5033 
0.000398107 2.51189 24.1892 
0.000398107 2.92864 23.8248 
0.000398107 3.41455 23.4216 
0.000398107 3.98107 23.001 
0.000398107 4.64159 22.5928 
0.000398107 5.4117 22.2289 
0.000398107 6.30957 21.9361 
0.000398107 7.35642 21.7277 
0.000398107 8.57696 21.6003 
0.000398107 10 21.5357 
0.000398107 11.6591 21.5097 
0.000398107 13.5936 21.5018 
0.000398107 15.8489 21.5 
0.000398107 18.4785 21.4997 
0.000398107 21.5443 21.4996 
0.000398107 25.1189 21.4996 
0.000398107 29.2864 21.4996 
0.000398107 34.1455 21.4996 
0.000398107 39.8107 21.4996 
0.000398107 46.4159 21.4996 
0.000398107 54.117 21.4996 
0.000398107 63.0957 21.4996 
0.000398107 73.5642 21.4996 
0.000398107 85.7696 21.4996 
0.000398107 100 21.4996 
0.000464159 0.01 25.655 
0.000464159 0.0116591 25.655 
0.000464159 0.0135936 25.655 
0.000464159 0.0158489 25.655 
0.000464159 0.0184785 25.6549 
0.000464159 0.0215443 25.6549 
0.000464159 0.0251189 25.6548 
0.000464159 0.0292864 25.6548 
0.000464159 0.0341455 25.6547 
0.000464159 0.0398107 25.6545 
0.000464159 0.0464159 25.6543 
0.000464159 0.054117 25.654 
0.000464159 0.0630957 25.6537 
0.000464159 0.0735642 25.6532 
0.000464159 0.0857696 25.6525 
0.000464159 0.1 25.6515 
0.000464159 0.116591 25.6503 
0.000464159 0.135936 25.6485 
0.000464159 0.158489 25.6462 
0.000464159 0.184785 25.643 
0.000464159 0.215443 25.6387 
0.000464159 0.251189 25.6328 
0.000464159 0.292864 25.6249 
0.000464159 0.341455 25.6141 
0.000464159 0.398107 25.5995 
0.000464159 0.464159 25.5797 
0.000464159 0.54117 25.553 
0.000464159 0.630957 25.5169 
0.000464159 0.735642 25.4686 
0.000464159 0.857696 25.4038 
0.000464159 1 25.3176 
0.000464159 1.16591 25.2038 
0.000464159 1.35936 25.0549 
0.000464159 1.58489 24.8629 
0.000464159 1.84785 24.6193 
0.000464159 2.15443 24.3176 
0.000464159 2.51189 23.9549 
0.000464159 2.92864 23.5352 
0.000464159 3.41455 23.0726 
0.000464159 3.98107 22.592 
0.000464159 4.64159 22.1274 
0.000464159 5.4117 21.7151 
0.000464159 6.30957 21.3846 
0.000464159 7.35642 21.1499 
0.000464159 8.57696 21.0064 
0.000464159 10 20.9336 
0.000464159 11.6591 20.9044 
0.000464159 13.5936 20.8954 
0.000464159 15.8489 20.8933 
0.000464159 18.4785 20.893 
0.000464159 21.5443 20.8929 
0.000464159 25.1189 20.8929 
0.000464159 29.2864 20.8929 
0.000464159 34.1455 20.8929 
0.000464159 39.8107 20.8929 
0.000464159 46.4159 20.8929 
0.000464159 54.117 20.8929 
0.000464159 63.0957 20.8929 
0.000464159 73.5642 20.8929 
0.000464159 85.7696 20.8929 
0.000464159 100 20.8929 
0.00054117 0.01 25.655 
0.00054117 0.0116591 25.655 
0.00054117 0.0135936 25.655 
0.00054117 0.0158489 25.655 
0.00054117 0.0184785 25.6549 
0.00054117 0.0215443 25.6549 
0.00054117 0.0251189 25.6548 
0.00054117 0.0292864 25.6547 
0.00054117 0.0341455 25.6546 
0.00054117 0.0398107 25.6544 
0.00054117 0.0464159 25.6542 
0.00054117 0.054117 25.6539 
0.00054117 0.0630957 25.6534 
0.00054117 0.0735642 25.6528 
0.00054117 0.0857696 25.652 
0.00054117 0.1 25.651 
0.00054117 0.116591 25.6495 
0.00054117 0.135936 25.6475 
0.00054117 0.158489 25.6447 
0.00054117 0.184785 25.641 
0.00054117 0.215443 25.636 
0.00054117 0.251189 25.6291 
0.00054117 0.292864 25.6199 
0.00054117 0.341455 25.6073 
0.00054117 0.398107 25.5902 
0.00054117 0.464159 25.5672 
0.00054117 0.54117 25.5361 
0.00054117 0.630957 25.4941 
0.00054117 0.735642 25.4377 
0.00054117 0.857696 25.3623 
0.00054117 1 25.2621 
0.00054117 1.16591 25.1297 
0.00054117 1.35936 24.9568 
0.00054117 1.58489 24.7339 
0.00054117 1.84785 24.4518 
0.00054117 2.15443 24.103 
0.00054117 2.51189 23.6848 
0.00054117 2.92864 23.2027 
0.00054117 3.41455 22.6733 
0.00054117 3.98107 22.1261 
0.00054117 4.64159 21.5999 
0.00054117 5.4117 21.1353 
0.00054117 6.30957 20.7645 
0.00054117 7.35642 20.5019 
0.00054117 8.57696 20.3415 
0.00054117 10 20.26 
0.00054117 11.6591 20.2272 
0.00054117 13.5936 20.2171 
0.00054117 15.8489 20.2148 
0.00054117 18.4785 20.2144 
0.00054117 21.5443 20.2143 
0.00054117 25.1189 20.2143 
0.00054117 29.2864 20.2143 
0.00054117 34.1455 20.2143 
0.00054117 39.8107 20.2143 
0.00054117 46.4159 20.2143 
0.00054117 54.117 20.2143 
0.00054117 63.0957 20.2143 
0.00054117 73.5642 20.2143 
0.00054117 85.7696 20.2143 
0.00054117 100 20.2143 
0.000630957 0.01 25.655 
0.000630957 0.0116591 25.655 
0.000630957 0.0135936 25.655 
0.000630957 0.0158489 25.6549 
0.000630957 0.0184785 25.6549 
0.000630957 0.0215443 25.6548 
0.000630957 0.0251189 25.6548 
0.000630957 0.0292864 25.6547 
0.000630957 0.0341455 25.6545 
0.000630957 0.0398107 25.6543 
0.000630957 0.0464159 25.654 
0.000630957 0.054117 25.6537 
0.000630957 0.0630957 25.6532 
0.000630957 0.0735642 25.6525 
0.000630957 0.0857696 25.6515 
0.000630957 0.1 25.6503 
0.000630957 0.116591 25.6485 
0.000630957 0.135936 25.6462 
0.000630957 0.158489 25.643 
0.000630957 0.184785 25.6387 
0.000630957 0.215443 25.6328 
0.000630957 0.251189 25.6248 
0.000630957 0.292864 25.614 
0.000630957 0.341455 25.5994 
0.000630957 0.398107 25.5795 
0.000630957 0.464159 25.5526 
0.000630957 0.54117 25.5164 
0.000630957 0.630957 25.4675 
0.000630957 0.735642 25.4019 
0.000630957 0.857696 25.3141 
0.000630957 1 25.1975 
0.000630957 1.16591 25.0436 
0.000630957 1.35936 24.8428 
0.000630957 1.58489 24.5844 
0.000630957 1.84785 24.258 
0.000630957 2.15443 23.8554 
0.000630957 2.51189 23.3742 
0.000630957 2.92864 22.8217 
0.000630957 3.41455 22.2182 
0.000630957 3.98107 21.5979 
0.000630957 4.64159 21.0051 
0.000630957 5.4117 20.4852 
0.000630957 6.30957 20.0722 
0.000630957 7.35642 19.7809 
0.000630957 8.57696 19.6031 
0.000630957 10 19.5127 
0.000630957 11.6591 19.4761 
0.000630957 13.5936 19.4649 
0.000630957 15.8489 19.4623 
0.000630957 18.4785 19.4618 
0.000630957 21.5443 19.4617 
0.000630957 25.1189 19.4617 
0.000630957 29.2864 19.4617 
0.000630957 34.1455 19.4617 
0.000630957 39.8107 19.4617 
0.000630957 46.4159 19.4617 
0.000630957 54.117 19.4617 
0.000630957 63.0957 19.4617 
0.000630957 73.5642 19.4617 
0.000630957 85.7696 19.4617 
0.000630957 100 19.4617 
0.000735642 0.01 25.655 
0.000735642 0.0116591 25.655 
0.000735642 0.0135936 25.655 
0.000735642 0.0158489 25.6549 
0.000735642 0.0184785 25.6549 
0.000735642 0.0215443 25.6548 
0.000735642 0.0251189 25.6547 
0.000735642 0.0292864 25.6546 
0.000735642 0.0341455 25.6544 
0.000735642 0.0398107 25.6542 
0.000735642 0.0464159 25.6539 
0.000735642 0.054117 25.6534 
0.000735642 0.0630957 25.6528 
0.000735642 0.0735642 25.652 
0.000735642 0.0857696 25.651 
0.000735642 0.1 25.6495 
0.000735642 0.116591 25.6475 
0.000735642 0.135936 25.6447 
0.000735642 0.158489 25.641 
0.000735642 0.184785 25.636 
0.000735642 0.215443 25.6291 
0.000735642 0.251189 25.6198 
0.000735642 0.292864 25.6072 
0.000735642 0.341455 25.5901 
0.000735642 0.398107 25.567 
0.000735642 0.464159 25.5357 
0.000735642 0.54117 25.4934 
0.000735642 0.630957 25.4365 
0.000735642 0.735642 25.3601 
0.000735642 0.857696 25.258 
0.000735642 1 25.1224 
0.000735642 1.16591 24.9436 
0.000735642 1.35936 24.7107 
0.000735642 1.58489 24.4114 
0.000735642 1.84785 24.0341 
0.000735642 2.15443 23.5702 
0.000735642 2.51189 23.0179 
0.000735642 2.92864 22.3868 
0.000735642 3.41455 21.7014 
0.000735642 3.98107 21.002 
0.000735642 4.64159 20.339 
0.000735642 5.4117 19.7618 
0.000735642 6.30957 19.3064 
0.000735642 7.35642 18.9865 
0.000735642 8.57696 18.7914 
0.000735642 10 18.6921 
0.000735642 11.6591 18.6518 
0.000735642 13.5936 18.6393 
0.000735642 15.8489 18.6364 
0.000735642 18.4785 18.6359 
0.000735642 21.5443 18.6358 
0.000735642 25.1189 18.6358 
0.000735642 29.2864 18.6358 
0.000735642 34.1455 18.6358 
0.000735642 39.8107 18.6358 
0.000735642 46.4159 18.6358 
0.000735642 54.117 18.6358 
0.000735642 63.0957 18.6358 
0.000735642 73.5642 18.6358 
0.000735642 85.7696 18.6358 
0.000735642 100 18.6358 
0.000857696 0.01 25.655 
0.000857696 0.0116591 25.655 
0.000857696 0.0135936 25.6549 
0.000857696 0.0158489 25.6549 
0.000857696 0.0184785 25.6548 
0.000857696 0.0215443 25.6548 
0.000857696 0.0251189 25.6547 
0.000857696 0.0292864 25.6545 
0.000857696 0.0341455 25.6543 
0.000857696 0.0398107 25.654 
0.000857696 0.0464159 25.6537 
0.000857696 0.054117 25.6532 
0.000857696 0.0630957 25.6525 
0.000857696 0.0735642 25.6515 
0.000857696 0.0857696 25.6503 
0.000857696 0.1 25.6485 
0.000857696 0.116591 25.6462 
0.000857696 0.135936 25.643 
0.000857696 0.158489 25.6387 
0.000857696 0.184785 25.6328 
0.000857696 0.215443 25.6248 
0.000857696 0.251189 25.614 
0.000857696 0.292864 25.5993 
0.000857696 0.341455 25.5794 
0.000857696 0.398107 25.5524 
0.000857696 0.464159 25.5159 
0.000857696 0.54117 25.4667 
0.000857696 0.630957 25.4004 
0.000857696 0.735642 25.3115 
0.000857696 0.857696 25.1927 
0.000857696 1 25.0351 
0.000857696 1.16591 24.8276 
0.000857696 1.35936 24.5575 
0.000857696 1.58489 24.2113 
0.000857696 1.84785 23.7759 
0.000857696 2.15443 23.2425 
0.000857696 2.51189 22.6103 
0.000857696 2.92864 21.8921 
0.000857696 3.41455 21.1178 
0.000857696 3.98107 20.3344 
0.000857696 4.64159 19.5988 
0.000857696 5.4117 18.9647 
0.000857696 6.30957 18.4686 
0.000857696 7.35642 18.1219 
0.000857696 8.57696 17.9108 
0.000857696 10 17.803 
0.000857696 11.6591 17.759 
0.000857696 13.5936 17.7454 
0.000857696 15.8489 17.7422 
0.000857696 18.4785 17.7416 
0.000857696 21.5443 17.7415 
0.000857696 25.1189 17.7415 
0.000857696 29.2864 17.7415 
0.000857696 34.1455 17.7415 
0.000857696 39.8107 17.7415 
0.000857696 46.4159 17.7415 
0.000857696 54.117 17.7415 
0.000857696 63.0957 17.7415 
0.000857696 73.5642 17.7415 
0.000857696 85.7696 17.7415 
0.000857696 100 17.7415 
0.001 0.01 25.655 
0.001 0.0116591 25.655 
0.001 0.0135936 25.6549 
0.001 0.0158489 25.6549 
0.001 0.0184785 25.6548 
0.001 0.0215443 25.6547 
0.001 0.0251189 25.6546 
0.001 0.0292864 25.6544 
0.001 0.0341455 25.6542 
0.001 0.0398107 25.6539 
0.001 0.0464159 25.6534 
0.001 0.054117 25.6528 
0.001 0.0630957 25.652 
0.001 0.0735642 25.6509 
0.001 0.0857696 25.6495 
0.001 0.1 25.6475 
0.001 0.116591 25.6447 
0.001 0.135936 25.641 
0.001 0.158489 25.636 
0.001 0.184785 25.6291 
0.001 0.215443 25.6198 
0.001 0.251189 25.6072 
0.001 0.292864 25.5901 
0.001 0.341455 25.5668 
0.001 0.398107 25.5354 
0.001 0.464159 25.4929 
0.001 0.54117 25.4356 
0.001 0.630957 25.3584 
0.001 0.735642 25.2549 
0.001 0.857696 25.1168 
0.001 1 24.9337 
0.001 1.16591 24.693 
0.001 1.35936 24.3803 
0.001 1.58489 23.9802 
0.001 1.84785 23.4787 
0.001 2.15443 22.8669 
0.001 2.51189 22.1457 
0.001 2.92864 21.3321 
0.001 3.41455 20.4626 
0.001 3.98107 19.5922 
0.001 4.64159 18.7848 
0.001 5.4117 18.0973 
0.001 6.30957 17.5652 
0.001 7.35642 17.1958 
0.001 8.57696 16.9712 
0.001 10 16.8562 
0.001 11.6591 16.8089 
0.001 13.5936 16.7941 
0.001 15.8489 16.7906 
0.001 18.4785 16.79 
0.001 21.5443 16.7899 
0.001 25.1189 16.7898 
0.001 29.2864 16.7898 
0.001 34.1455 16.7898 
0.001 39.8107 16.7898 
0.001 46.4159 16.7898 
0.001 54.117 16.7898 
0.001 63.0957 16.7898 
0.001 73.5642 16.7898 
0.001 85.7696 16.7898 
0.001 100 16.7898 
0.00116591 0.01 25.655 
0.00116591 0.0116591 25.6549 
0.00116591 0.0135936 25.6549 
0.00116591 0.0158489 25.6548 
0.00116591 0.0184785 25.6548 
0.00116591 0.0215443 25.6547 
0.00116591 0.0251189 25.6545 
0.00116591 0.0292864 25.6543 
0.00116591 0.0341455 25.654 
0.00116591 0.0398107 25.6537 
0.00116591 0.0464159 25.6532 
0.00116591 0.054117 25.6525 
0.00116591 0.0630957 25.6515 
0.00116591 0.0735642 25.6503 
0.00116591 0.0857696 25.6485 
0.00116591 0.1 25.6462 
0.00116591 0.116591 25.643 
0.00116591 0.135936 25.6387 
0.00116591 0.158489 25.6328 
0.00116591 0.184785 25.6248 
0.00116591 0.215443 25.614 
0.00116591 0.251189 25.5992 
0.00116591 0.292864 25.5793 
0.00116591 0.341455 25.5522 
0.00116591 0.398107 25.5156 
0.00116591 0.464159 25.4661 
0.00116591 0.54117 25.3994 
0.00116591 0.630957 25.3095 
0.00116591 0.735642 25.1892 
0.00116591 0.857696 25.0287 
0.00116591 1 24.8161 
0.00116591 1.16591 24.537 
0.00116591 1.35936 24.1753 
0.00116591 1.58489 23.7137 
0.00116591 1.84785 23.1374 
0.00116591 2.15443 22.4377 
0.00116591 2.51189 21.6183 
0.00116591 2.92864 20.7017 
0.00116591 3.41455 19.7327 
0.00116591 3.98107 18.7754 
0.00116591 4.64159 17.9009 
0.00116591 5.4117 17.1682 
0.00116591 6.30957 16.6091 
0.00116591 7.35642 16.2244 
0.00116591 8.57696 15.9909 
0.00116591 10 15.8707 
0.00116591 11.6591 15.8208 
0.00116591 13.5936 15.8051 
0.00116591 15.8489 15.8013 
0.00116591 18.4785 15.8006 
0.00116591 21.5443 15.8005 
0.00116591 25.1189 15.8004 
0.00116591 29.2864 15.8004 
0.00116591 34.1455 15.8004 
0.00116591 39.8107 15.8004 
0.00116591 46.4159 15.8004 
0.00116591 54.117 15.8004 
0.00116591 63.0957 15.8004 
0.00116591 73.5642 15.8004 
0.00116591 85.7696 15.8004 
0.00116591 100 15.8004 
0.00135936 0.01 25.655 
0.00135936 0.0116591 25.6549 
0.00135936 0.0135936 25.6549 
0.00135936 0.0158489 25.6548 
0.00135936 0.0184785 25.6547 
0.00135936 0.0215443 25.6546 
0.00135936 0.0251189 25.6544 
0.00135936 0.0292864 25.6542 
0.00135936 0.0341455 25.6539 
0.00135936 0.0398107 25.6534 
0.00135936 0.0464159 25.6528 
0.00135936 0.054117 25.652 
0.00135936 0.0630957 25.6509 
0.00135936 0.0735642 25.6495 
0.00135936 0.0857696 25.6475 
0.00135936 0.1 25.6447 
0.00135936 0.116591 25.641 
0.00135936 0.135936 25.636 
0.00135936 0.158489 25.6291 
0.00135936 0.184785 25.6198 
0.00135936 0.215443 25.6072 
0.00135936 0.251189 25.59 
0.00135936 0.292864 25.5667 
0.00135936 0.341455 25.5352 
0.00135936 0.398107 25.4926 
0.00135936 0.464159 25.4349 
0.00135936 0.54117 25.3572 
0.00135936 0.630957 25.2527 
0.00135936 0.735642 25.1127 
0.00135936 0.857696 24.9263 
0.00135936 1 24.6796 
0.00135936 1.16591 24.3565 
0.00135936 1.35936 23.9386 
0.00135936 1.58489 23.4072 
0.00135936 1.84785 22.7465 
0.00135936 2.15443 21.9491 
0.00135936 2.51189 21.0227 
0.00135936 2.92864 19.997 
0.00135936 3.41455 18.9271 
0.00135936 3.98107 17.8879 
0.00135936 4.64159 16.9572 
0.00135936 5.4117 16.1939 
0.00135936 6.30957 15.6226 
0.00135936 7.35642 15.2343 
0.00135936 8.57696 14.9991 
0.00135936 10 14.877 
0.00135936 11.6591 14.8258 
0.00135936 13.5936 14.8093 
0.00135936 15.8489 14.8053 
0.00135936 18.4785 14.8045 
0.00135936 21.5443 14.8044 
0.00135936 25.1189 14.8044 
0.00135936 29.2864 14.8044 
0.00135936 34.1455 14.8044 
0.00135936 39.8107 14.8044 
0.00135936 46.4159 14.8044 
0.00135936 54.117 14.8044 
0.00135936 63.0957 14.8044 
0.00135936 73.5642 14.8044 
0.00135936 85.7696 14.8044 
0.00135936 100 14.8044 
0.00158489 0.01 25.6549 
0.00158489 0.0116591 25.6549 
0.00158489 0.0135936 25.6548 
0.00158489 0.0158489 25.6548 
0.00158489 0.0184785 25.6547 
0.00158489 0.0215443 25.6545 
0.00158489 0.0251189 25.6543 
0.00158489 0.0292864 25.654 
0.00158489 0.0341455 25.6537 
0.00158489 0.0398107 25.6532 
0.00158489 0.0464159 25.6525 
0.00158489 0.054117 25.6515 
0.00158489 0.0630957 25.6503 
0.00158489 0.0735642 25.6485 
0.00158489 0.0857696 25.6462 
0.00158489 0.1 25.643 
0.00158489 0.116591 25.6387 
0.00158489 0.135936 25.6328 
0.00158489 0.158489 25.6248 
0.00158489 0.184785 25.6139 
0.00158489 0.215443 25.5992 
0.00158489 0.251189 25.5792 
0.00158489 0.292864 25.5521 
0.00158489 0.341455 25.5154 
0.00158489 0.398107 25.4657 
0.00158489 0.464159 25.3986 
0.00158489 0.54117 25.3081 
0.00158489 0.630957 25.1865 
0.00158489 0.735642 25.0239 
0.00158489 0.857696 24.8074 
0.00158489 1 24.5216 
0.00158489 1.16591 24.1478 
0.00158489 1.35936 23.6658 
0.00158489 1.58489 23.0553 
0.00158489 1.84785 22.3002 
0.00158489 2.15443 21.3954 
0.00158489 2.51189 20.3541 
0.00158489 2.92864 19.216 
0.00158489 3.41455 18.0487 
0.00158489 3.98107 16.9392 
0.00158489 4.64159 15.9716 
0.00158489 5.4117 15.2012 
0.00158489 6.30957 14.6403 
0.00158489 7.35642 14.266 
0.00158489 8.57696 14.0397 
0.00158489 10 13.9208 
0.00158489 11.6591 13.8698 
0.00158489 13.5936 13.853 
0.00158489 15.8489 13.8489 
0.00158489 18.4785 13.8481 
0.00158489 21.5443 13.8479 
0.00158489 25.1189 13.8479 
0.00158489 29.2864 13.8479 
0.00158489 34.1455 13.8479 
0.00158489 39.8107 13.8479 
0.00158489 46.4159 13.8479 
0.00158489 54.117 13.8479 
0.00158489 63.0957 13.8479 
0.00158489 73.5642 13.8479 
0.00158489 85.7696 13.8479 
0.00158489 100 13.8479 
0.00184785 0.01 25.6549 
0.00184785 0.0116591 25.6549 
0.00184785 0.0135936 25.6548 
0.00184785 0.0158489 25.6547 
0.00184785 0.0184785 25.6546 
0.00184785 0.0215443 25.6544 
0.00184785 0.0251189 25.6542 
0.00184785 0.0292864 25.6539 
0.00184785 0.0341455 25.6534 
0.00184785 0.0398107 25.6528 
0.00184785 0.0464159 25.652 
0.00184785 0.054117 25.6509 
0.00184785 0.0630957 25.6495 
0.00184785 0.0735642 25.6475 
0.00184785 0.0857696 25.6447 
0.00184785 0.1 25.641 
0.00184785 0.116591 25.636 
0.00184785 0.135936 25.6291 
0.00184785 0.158489 25.6198 
0.00184785 0.184785 25.6071 
0.00184785 0.215443 25.59 
0.00184785 0.251189 25.5667 
0.00184785 0.292864 25.5351 
0.00184785 0.341455 25.4923 
0.00184785 0.398107 25.4344 
0.00184785 0.464159 25.3563 
0.00184785 0.54117 25.251 
0.00184785 0.630957 25.1097 
0.00184785 0.735642 24.9207 
0.00184785 0.857696 24.6696 
0.00184785 1 24.3386 
0.00184785 1.16591 23.9069 
0.00184785 1.35936 23.352 
0.00184785 1.58489 22.6524 
0.00184785 1.84785 21.7927 
0.00184785 2.15443 20.7713 
0.00184785 2.51189 19.6095 
0.00184785 2.92864 18.3598 
0.00184785 3.41455 17.1055 
0.00184785 3.98107 15.947 
0.00184785 4.64159 14.9732 
0.00184785 5.4117 14.2309 
0.00184785 6.30957 13.7133 
0.00184785 7.35642 13.3776 
0.00184785 8.57696 13.1752 
0.00184785 10 13.0665 
0.00184785 11.6591 13.0182 
0.00184785 13.5936 13.0018 
0.00184785 15.8489 12.9976 
0.00184785 18.4785 12.9968 
0.00184785 21.5443 12.9966 
0.00184785 25.1189 12.9966 
0.00184785 29.2864 12.9966 
0.00184785 34.1455 12.9966 
0.00184785 39.8107 12.9966 
0.00184785 46.4159 12.9966 
0.00184785 54.117 12.9966 
0.00184785 63.0957 12.9966 
0.00184785 73.5642 12.9966 
0.00184785 85.7696 12.9966 
0.00184785 100 12.9966 
0.00215443 0.01 25.6549 
0.00215443 0.0116591 25.6548 
0.00215443 0.0135936 25.6548 
0.00215443 0.0158489 25.6547 
0.00215443 0.0184785 25.6545 
0.00215443 0.0215443 25.6543 
0.00215443 0.0251189 25.654 
0.00215443 0.0292864 25.6537 
0.00215443 0.0341455 25.6532 
0.00215443 0.0398107 25.6525 
0.00215443 0.0464159 25.6515 
0.00215443 0.054117 25.6503 
0.00215443 0.0630957 25.6485 
0.00215443 0.0735642 25.6462 
0.00215443 0.0857696 25.643 
0.00215443 0.1 25.6387 
0.00215443 0.116591 25.6328 
0.00215443 0.135936 25.6248 
0.00215443 0.158489 25.6139 
0.00215443 0.184785 25.5992 
0.00215443 0.215443 25.5792 
0.00215443 0.251189 25.552 
0.00215443 0.292864 25.5152 
0.00215443 0.341455 25.4654 
0.00215443 0.398107 25.398 
0.00215443 0.464159 25.307 
0.00215443 0.54117 25.1846 
0.00215443 0.630957 25.0203 
0.00215443 0.735642 24.801 
0.00215443 0.857696 24.5099 
0.00215443 1 24.1271 
0.00215443 1.16591 23.6293 
0.00215443 1.35936 22.992 
0.00215443 1.58489 22.1929 
0.00215443 1.84785 21.2183 
0.00215443 2.15443 20.0724 
0.00215443 2.51189 18.7879 
0.00215443 2.92864 17.4339 
0.00215443 3.41455 16.1128 
0.00215443 3.98107 14.9398 
0.00215443 4.64159 14.0057 
0.00215443 5.4117 13.3417 
0.00215443 6.30957 12.9129 
0.00215443 7.35642 12.6498 
0.00215443 8.57696 12.4915 
0.00215443 10 12.4023 
0.00215443 11.6591 12.3602 
0.00215443 13.5936 12.3449 
0.00215443 15.8489 12.3408 
0.00215443 18.4785 12.34 
0.00215443 21.5443 12.3398 
0.00215443 25.1189 12.3398 
0.00215443 29.2864 12.3398 
0.00215443 34.1455 12.3398 
0.00215443 39.8107 12.3398 
0.00215443 46.4159 12.3398 
0.00215443 54.117 12.3398 
0.00215443 63.0957 12.3398 
0.00215443 73.5642 12.3398 
0.00215443 85.7696 12.3398 
0.00215443 100 12.3398 
0.00251189 0.01 25.6549 
0.00251189 0.0116591 25.6548 
0.00251189 0.0135936 25.6547 
0.00251189 0.0158489 25.6546 
0.00251189 0.0184785 25.6544 
0.00251189 0.0215443 25.6542 
0.00251189 0.0251189 25.6539 
0.00251189 0.0292864 25.6534 
0.00251189 0.0341455 25.6528 
0.00251189 0.0398107 25.652 
0.00251189 0.0464159 25.6509 
0.00251189 0.054117 25.6495 
0.00251189 0.0630957 25.6475 
0.00251189 0.0735642 25.6447 
0.00251189 0.0857696 25.641 
0.00251189 0.1 25.636 
0.00251189 0.116591 25.6291 
0.00251189 0.135936 25.6198 
0.00251189 0.158489 25.6071 
0.00251189 0.184785 25.5899 
0.00251189 0.215443 25.5666 
0.00251189 0.251189 25.535 
0.00251189 0.292864 25.4921 
0.00251189 0.341455 25.434 
0.00251189 0.398107 25.3556 
0.00251189 0.464159 25.2498 
0.00251189 0.54117 25.1074 
0.00251189 0.630957 24.9166 
0.00251189 0.735642 24.6621 
0.00251189 0.857696 24.3251 
0.00251189 1 23.883 
0.00251189 1.16591 23.31 
0.00251189 1.35936 22.58 
0.00251189 1.58489 21.6707 
0.00251189 1.84785 20.5718 
0.00251189 2.15443 19.2963 
0.00251189 2.51189 17.8924 
0.00251189 2.92864 16.4506 
0.00251189 3.41455 15.0966 
0.00251189 3.98107 13.961 
0.00251189 4.64159 13.1319 
0.00251189 5.4117 12.6151 
0.00251189 6.30957 12.3358 
0.00251189 7.35642 12.1896 
0.00251189 8.57696 12.1016 
0.00251189 10 12.0443 
0.00251189 11.6591 12.0124 
0.00251189 13.5936 11.9994 
0.00251189 15.8489 11.9956 
0.00251189 18.4785 11.9947 
0.00251189 21.5443 11.9945 
0.00251189 25.1189 11.9945 
0.00251189 29.2864 11.9945 
0.00251189 34.1455 11.9945 
0.00251189 39.8107 11.9945 
0.00251189 46.4159 11.9945 
0.00251189 54.117 11.9945 
0.00251189 63.0957 11.9945 
0.00251189 73.5642 11.9945 
0.00251189 85.7696 11.9945 
0.00251189 100 11.9945 
0.00292864 0.01 25.6548 
0.00292864 0.0116591 25.6548 
0.00292864 0.0135936 25.6547 
0.00292864 0.0158489 25.6545 
0.00292864 0.0184785 25.6543 
0.00292864 0.0215443 25.654 
0.00292864 0.0251189 25.6537 
0.00292864 0.0292864 25.6532 
0.00292864 0.0341455 25.6525 
0.00292864 0.0398107 25.6515 
0.00292864 0.0464159 25.6503 
0.00292864 0.054117 25.6485 
0.00292864 0.0630957 25.6462 
0.00292864 0.0735642 25.643 
0.00292864 0.0857696 25.6387 
0.00292864 0.1 25.6328 
0.00292864 0.116591 25.6248 
0.00292864 0.135936 25.6139 
0.00292864 0.158489 25.5992 
0.00292864 0.184785 25.5791 
0.00292864 0.215443 25.5519 
0.00292864 0.251189 25.5151 
0.00292864 0.292864 25.4651 
0.00292864 0.341455 25.3976 
0.00292864 0.398107 25.3062 
0.00292864 0.464159 25.1831 
0.00292864 0.54117 25.0177 
0.00292864 0.630957 24.7962 
0.00292864 0.735642 24.5013 
0.00292864 0.857696 24.1116 
0.00292864 1 23.6017 
0.00292864 1.16591 22.9438 
0.00292864 1.35936 22.1102 
0.00292864 1.58489 21.0802 
0.00292864 1.84785 19.8494 
0.00292864 2.15443 18.4433 
0.00292864 2.51189 16.9311 
0.00292864 2.92864 15.431 
0.00292864 3.41455 14.0962 
0.00292864 3.98107 13.0724 
0.00292864 4.64159 12.4377 
0.00292864 5.4117 12.159 
0.00292864 6.30957 12.1074 
0.00292864 7.35642 12.1341 
0.00292864 8.57696 12.1492 
0.00292864 10 12.1387 
0.00292864 11.6591 12.1224 
0.00292864 13.5936 12.1129 
0.00292864 15.8489 12.1096 
0.00292864 18.4785 12.1087 
0.00292864 21.5443 12.1085 
0.00292864 25.1189 12.1085 
0.00292864 29.2864 12.1085 
0.00292864 34.1455 12.1085 
0.00292864 39.8107 12.1085 
0.00292864 46.4159 12.1085 
0.00292864 54.117 12.1085 
0.00292864 63.0957 12.1085 
0.00292864 73.5642 12.1085 
0.00292864 85.7696 12.1085 
0.00292864 100 12.1085 
0.00341455 0.01 25.6548 
0.00341455 0.0116591 25.6547 
0.00341455 0.0135936 25.6546 
0.00341455 0.0158489 25.6544 
0.00341455 0.0184785 25.6542 
0.00341455 0.0215443 25.6539 
0.00341455 0.0251189 25.6534 
0.00341455 0.0292864 25.6528 
0.00341455 0.0341455 25.652 
0.00341455 0.0398107 25.6509 
0.00341455 0.0464159 25.6495 
0.00341455 0.054117 25.6475 
0.00341455 0.0630957 25.6447 
0.00341455 0.0735642 25.641 
0.00341455 0.0857696 25.636 
0.00341455 0.1 25.6291 
0.00341455 0.116591 25.6198 
0.00341455 0.135936 25.6071 
0.00341455 0.158489 25.5899 
0.00341455 0.184785 25.5666 
0.00341455 0.215443 25.5349 
0.00341455 0.251189 25.4919 
0.00341455 0.292864 25.4338 
0.00341455 0.341455 25.3551 
0.00341455 0.398107 25.2488 
0.00341455 0.464159 25.1057 
0.00341455 0.54117 24.9135 
0.00341455 0.630957 24.6566 
0.00341455 0.735642 24.3151 
0.00341455 0.857696 23.865 
0.00341455 1 23.2783 
0.00341455 1.16591 22.5249 
0.00341455 1.35936 21.5768 
0.00341455 1.58489 20.4165 
0.00341455 1.84785 19.049 
0.00341455 2.15443 17.5178 
0.00341455 2.51189 15.9201 
0.00341455 2.92864 14.4088 
0.00341455 3.41455 13.1691 
0.00341455 3.98107 12.3594 
0.00341455 4.64159 12.0368 
0.00341455 5.4117 12.1118 
0.00341455 6.30957 12.3845 
0.00341455 7.35642 12.6517 
0.00341455 8.57696 12.8088 
0.00341455 10 12.8629 
0.00341455 11.6591 12.8683 
0.00341455 13.5936 12.8638 
0.00341455 15.8489 12.8612 
0.00341455 18.4785 12.8604 
0.00341455 21.5443 12.8601 
0.00341455 25.1189 12.8601 
0.00341455 29.2864 12.8601 
0.00341455 34.1455 12.8601 
0.00341455 39.8107 12.8601 
0.00341455 46.4159 12.8601 
0.00341455 54.117 12.8601 
0.00341455 63.0957 12.8601 
0.00341455 73.5642 12.8601 
0.00341455 85.7696 12.8601 
0.00341455 100 12.8601 
0.00398107 0.01 25.6548 
0.00398107 0.0116591 25.6547 
0.00398107 0.0135936 25.6545 
0.00398107 0.0158489 25.6543 
0.00398107 0.0184785 25.654 
0.00398107 0.0215443 25.6537 
0.00398107 0.0251189 25.6532 
0.00398107 0.0292864 25.6525 
0.00398107 0.0341455 25.6515 
0.00398107 0.0398107 25.6503 
0.00398107 0.0464159 25.6485 
0.00398107 0.054117 25.6462 
0.00398107 0.0630957 25.643 
0.00398107 0.0735642 25.6387 
0.00398107 0.0857696 25.6328 
0.00398107 0.1 25.6248 
0.00398107 0.116591 25.6139 
0.00398107 0.135936 25.5991 
0.00398107 0.158489 25.5791 
0.00398107 0.184785 25.5519 
0.00398107 0.215443 25.515 
0.00398107 0.251189 25.465 
0.00398107 0.292864 25.3972 
0.00398107 0.341455 25.3057 
0.00398107 0.398107 25.1821 
0.00398107 0.464159 25.0157 
0.00398107 0.54117 24.7926 
0.00398107 0.630957 24.4948 
0.00398107 0.735642 24.1 
0.00398107 0.857696 23.5811 
0.00398107 1 22.9074 
0.00398107 1.16591 22.0474 
0.00398107 1.35936 20.9741 
0.00398107 1.58489 19.676 
0.00398107 1.84785 18.1719 
0.00398107 2.15443 16.5306 
0.00398107 2.51189 14.8858 
0.00398107 2.92864 13.4337 
0.00398107 3.41455 12.3947 
0.00398107 3.98107 11.9348 
0.00398107 4.64159 12.0736 
0.00398107 5.4117 12.6436 
0.00398107 6.30957 13.3542 
0.00398107 7.35642 13.9394 
0.00398107 8.57696 14.2821 
0.00398107 10 14.4204 
0.00398107 11.6591 14.4542 
0.00398107 13.5936 14.4563 
0.00398107 15.8489 14.4546 
0.00398107 18.4785 14.4538 
0.00398107 21.5443 14.4536 
0.00398107 25.1189 14.4535 
0.00398107 29.2864 14.4535 
0.00398107 34.1455 14.4535 
0.00398107 39.8107 14.4535 
0.00398107 46.4159 14.4535 
0.00398107 54.117 14.4535 
0.00398107 63.0957 14.4535 
0.00398107 73.5642 14.4535 
0.00398107 85.7696 14.4535 
0.00398107 100 14.4535 
0.00464159 0.01 25.6547 
0.00464159 0.0116591 25.6546 
0.00464159 0.0135936 25.6544 
0.00464159 0.0158489 25.6542 
0.00464159 0.0184785 25.6539 
0.00464159 0.0215443 25.6534 
0.00464159 0.0251189 25.6528 
0.00464159 0.0292864 25.652 
0.00464159 0.0341455 25.6509 
0.00464159 0.0398107 25.6495 
0.00464159 0.0464159 25.6475 
0.00464159 0.054117 25.6447 
0.00464159 0.0630957 25.641 
0.00464159 0.0735642 25.636 
0.00464159 0.0857696 25.6291 
0.00464159 0.1 25.6198 
0.00464159 0.116591 25.6071 
0.00464159 0.135936 25.5899 
0.00464159 0.158489 25.5665 
0.00464159 0.184785 25.5348 
0.00464159 0.215443 25.4918 
0.00464159 0.251189 25.4336 
0.00464159 0.292864 25.3547 
0.00464159 0.341455 25.2482 
0.00464159 0.398107 25.1045 
0.00464159 0.464159 24.9112 
0.00464159 0.54117 24.6524 
0.00464159 0.630957 24.3077 
0.00464159 0.735642 23.8517 
0.00464159 0.857696 23.2546 
0.00464159 1 22.4833 
0.00464159 1.16591 21.5055 
0.00464159 1.35936 20.2973 
0.00464159 1.58489 18.8571 
0.00464159 1.84785 17.224 
0.00464159 2.15443 15.501 
0.00464159 2.51189 13.8689 
0.00464159 2.92864 12.5759 
0.00464159 3.41455 11.8795 
0.00464159 3.98107 11.9423 
0.00464159 4.64159 12.7243 
0.00464159 5.4117 13.9529 
0.00464159 6.30957 15.2278 
0.00464159 7.35642 16.2139 
0.00464159 8.57696 16.7876 
0.00464159 10 17.0302 
0.00464159 11.6591 17.0989 
0.00464159 13.5936 17.1091 
0.00464159 15.8489 17.1085 
0.00464159 18.4785 17.1076 
0.00464159 21.5443 17.1074 
0.00464159 25.1189 17.1073 
0.00464159 29.2864 17.1073 
0.00464159 34.1455 17.1073 
0.00464159 39.8107 17.1073 
0.00464159 46.4159 17.1073 
0.00464159 54.117 17.1073 
0.00464159 63.0957 17.1073 
0.00464159 73.5642 17.1073 
0.00464159 85.7696 17.1073 
0.00464159 100 17.1073 
0.0054117 0.01 25.6547 
0.0054117 0.0116591 25.6545 
0.0054117 0.0135936 25.6543 
0.0054117 0.0158489 25.654 
0.0054117 0.0184785 25.6537 
0.0054117 0.0215443 25.6532 
0.0054117 0.0251189 25.6525 
0.0054117 0.0292864 25.6515 
0.0054117 0.0341455 25.6503 
0.0054117 0.0398107 25.6485 
0.0054117 0.0464159 25.6462 
0.0054117 0.054117 25.643 
0.0054117 0.0630957 25.6387 
0.0054117 0.0735642 25.6328 
0.0054117 0.0857696 25.6248 
0.0054117 0.1 25.6139 
0.0054117 0.116591 25.5991 
0.0054117 0.135936 25.5791 
0.0054117 0.158489 25.5519 
0.0054117 0.184785 25.5149 
0.0054117 0.215443 25.4648 
0.0054117 0.251189 25.397 
0.0054117 0.292864 25.3052 
0.0054117 0.341455 25.1813 
0.0054117 0.398107 25.0143 
0.0054117 0.464159 24.79 
0.0054117 0.54117 24.49 
0.0054117 0.630957 24.0913 
0.0054117 0.735642 23.5656 
0.0054117 0.857696 22.8802 
0.0054117 1 22 
0.0054117 1.16591 20.8935 
0.0054117 1.35936 19.543 
0.0054117 1.58489 17.9618 
0.0054117 1.84785 16.218 
0.0054117 2.15443 14.46 
0.0054117 2.51189 12.9281 
0.0054117 2.92864 11.9307 
0.0054117 3.41455 11.7601 
0.0054117 3.98107 12.5575 
0.0054117 4.64159 14.1927 
0.0054117 5.4117 16.2581 
0.0054117 6.30957 18.2267 
0.0054117 7.35642 19.6942 
0.0054117 8.57696 20.5414 
0.0054117 10 20.9064 
0.0054117 11.6591 21.0158 
0.0054117 13.5936 21.0352 
0.0054117 15.8489 21.0356 
0.0054117 18.4785 21.0347 
0.0054117 21.5443 21.0344 
0.0054117 25.1189 21.0343 
0.0054117 29.2864 21.0343 
0.0054117 34.1455 21.0343 
0.0054117 39.8107 21.0343 
0.0054117 46.4159 21.0343 
0.0054117 54.117 21.0343 
0.0054117 63.0957 21.0343 
0.0054117 73.5642 21.0343 
0.0054117 85.7696 21.0343 
0.0054117 100 21.0343 
0.00630957 0.01 25.6546 
0.00630957 0.0116591 25.6544 
0.00630957 0.0135936 25.6542 
0.00630957 0.0158489 25.6539 
0.00630957 0.0184785 25.6534 
0.00630957 0.0215443 25.6528 
0.00630957 0.0251189 25.652 
0.00630957 0.0292864 25.6509 
0.00630957 0.0341455 25.6495 
0.00630957 0.0398107 25.6475 
0.00630957 0.0464159 25.6447 
0.00630957 0.054117 25.641 
0.00630957 0.0630957 25.636 
0.00630957 0.0735642 25.6291 
0.00630957 0.0857696 25.6198 
0.00630957 0.1 25.6071 
0.00630957 0.116591 25.5899 
0.00630957 0.135936 25.5665 
0.00630957 0.158489 25.5348 
0.00630957 0.184785 25.4917 
0.00630957 0.215443 25.4334 
0.00630957 0.251189 25.3544 
0.00630957 0.292864 25.2477 
0.00630957 0.341455 25.1035 
0.00630957 0.398107 24.9096 
0.00630957 0.464159 24.6494 
0.00630957 0.54117 24.3021 
0.00630957 0.630957 23.8417 
0.00630957 0.735642 23.2368 
0.00630957 0.857696 22.4521 
0.00630957 1 21.4517 
0.00630957 1.16591 20.2068 
0.00630957 1.35936 18.7101 
0.00630957 1.58489 16.9973 
0.00630957 1.84785 15.1761 
0.00630957 2.15443 13.454 
0.00630957 2.51189 12.1447 
0.00630957 2.92864 11.6227 
0.00630957 3.41455 12.2054 
0.00630957 3.98107 13.984 
0.00630957 4.64159 16.6998 
0.00630957 5.4117 19.7795 
0.00630957 6.30957 22.5596 
0.00630957 7.35642 24.5758 
0.00630957 8.57696 25.7296 
0.00630957 10 26.2301 
0.00630957 11.6591 26.3841 
0.00630957 13.5936 26.4133 
0.00630957 15.8489 26.4147 
0.00630957 18.4785 26.4136 
0.00630957 21.5443 26.4131 
0.00630957 25.1189 26.413 
0.00630957 29.2864 26.413 
0.00630957 34.1455 26.413 
0.00630957 39.8107 26.413 
0.00630957 46.4159 26.413 
0.00630957 54.117 26.413 
0.00630957 63.0957 26.413 
0.00630957 73.5642 26.413 
0.00630957 85.7696 26.413 
0.00630957 100 26.413 
0.00735642 0.01 25.6545 
0.00735642 0.0116591 25.6543 
0.00735642 0.0135936 25.654 
0.00735642 0.0158489 25.6537 
0.00735642 0.0184785 25.6532 
0.00735642 0.0215443 25.6525 
0.00735642 0.0251189 25.6515 
0.00735642 0.0292864 25.6503 
0.00735642 0.0341455 25.6485 
0.00735642 0.0398107 25.6462 
0.00735642 0.0464159 25.643 
0.00735642 0.054117 25.6387 
0.00735642 0.0630957 25.6328 
0.00735642 0.0735642 25.6248 
0.00735642 0.0857696 25.6139 
0.00735642 0.1 25.5991 
0.00735642 0.116591 25.5791 
0.00735642 0.135936 25.5518 
0.00735642 0.158489 25.5149 
0.00735642 0.184785 25.4647 
0.00735642 0.215443 25.3968 
0.00735642 0.251189 25.3049 
0.00735642 0.292864 25.1807 
0.00735642 0.341455 25.0132 
0.00735642 0.398107 24.788 
0.00735642 0.464159 24.4865 
0.00735642 0.54117 24.0849 
0.00735642 0.630957 23.5542 
0.00735642 0.735642 22.8598 
0.00735642 0.857696 21.9645 
0.00735642 1 20.8328 
0.00735642 1.16591 19.4422 
0.00735642 1.35936 17.8013 
0.00735642 1.58489 15.9778 
0.00735642 1.84785 14.1329 
0.00735642 2.15443 12.5494 
0.00735642 2.51189 11.6273 
0.00735642 2.92864 11.8082 
0.00735642 3.41455 13.4136 
0.00735642 3.98107 16.4434 
0.00735642 4.64159 20.4648 
0.00735642 5.4117 24.7128 
0.00735642 6.30957 28.3911 
0.00735642 7.35642 30.997 
0.00735642 8.57696 32.4738 
0.00735642 10 33.1156 
0.00735642 11.6591 33.3152 
0.00735642 13.5936 33.3537 
0.00735642 15.8489 33.3557 
0.00735642 18.4785 33.3542 
0.00735642 21.5443 33.3536 
0.00735642 25.1189 33.3535 
0.00735642 29.2864 33.3535 
0.00735642 34.1455 33.3535 
0.00735642 39.8107 33.3535 
0.00735642 46.4159 33.3535 
0.00735642 54.117 33.3535 
0.00735642 63.0957 33.3535 
0.00735642 73.5642 33.3535 
0.00735642 85.7696 33.3535 
0.00735642 100 33.3535 
0.00857696 0.01 25.6544 
0.00857696 0.0116591 25.6542 
0.00857696 0.0135936 25.6539 
0.00857696 0.0158489 25.6534 
0.00857696 0.0184785 25.6528 
0.00857696 0.0215443 25.652 
0.00857696 0.0251189 25.6509 
0.00857696 0.0292864 25.6495 
0.00857696 0.0341455 25.6475 
0.00857696 0.0398107 25.6447 
0.00857696 0.0464159 25.641 
0.00857696 0.054117 25.6359 
0.00857696 0.0630957 25.6291 
0.00857696 0.0735642 25.6198 
0.00857696 0.0857696 25.6071 
0.00857696 0.1 25.5899 
0.00857696 0.116591 25.5665 
0.00857696 0.135936 25.5347 
0.00857696 0.158489 25.4917 
0.00857696 0.184785 25.4333 
0.00857696 0.215443 25.3542 
0.00857696 0.251189 25.2473 
0.00857696 0.292864 25.1029 
0.00857696 0.341455 24.9083 
0.00857696 0.398107 24.6471 
0.00857696 0.464159 24.298 
0.00857696 0.54117 23.8343 
0.00857696 0.630957 23.2237 
0.00857696 0.735642 22.4289 
0.00857696 0.857696 21.4114 
0.00857696 1 20.1387 
0.00857696 1.16591 18.5988 
0.00857696 1.35936 16.8244 
0.00857696 1.58489 14.9277 
0.00857696 1.84785 13.1397 
0.00857696 2.15443 11.8368 
0.00857696 2.51189 11.5152 
0.00857696 2.92864 12.6748 
0.00857696 3.41455 15.6041 
0.00857696 3.98107 20.1561 
0.00857696 4.64159 25.6758 
0.00857696 5.4117 31.1942 
0.00857696 6.30957 35.8054 
0.00857696 7.35642 39.0034 
0.00857696 8.57696 40.798 
0.00857696 10 41.5767 
0.00857696 11.6591 41.8196 
0.00857696 13.5936 41.8663 
0.00857696 15.8489 41.8683 
0.00857696 18.4785 41.8663 
0.00857696 21.5443 41.8655 
0.00857696 25.1189 41.8653 
0.00857696 29.2864 41.8652 
0.00857696 34.1455 41.8652 
0.00857696 39.8107 41.8652 
0.00857696 46.4159 41.8652 
0.00857696 54.117 41.8652 
0.00857696 63.0957 41.8652 
0.00857696 73.5642 41.8652 
0.00857696 85.7696 41.8652 
0.00857696 100 41.8652 
0.01 0.01 25.6543 
0.01 0.0116591 25.654 
0.01 0.0135936 25.6537 
0.01 0.0158489 25.6532 
0.01 0.0184785 25.6525 
0.01 0.0215443 25.6515 
0.01 0.0251189 25.6503 
0.01 0.0292864 25.6485 
0.01 0.0341455 25.6462 
0.01 0.0398107 25.643 
0.01 0.0464159 25.6387 
0.01 0.054117 25.6328 
0.01 0.0630957 25.6248 
0.01 0.0735642 25.6139 
0.01 0.0857696 25.5991 
0.01 0.1 25.5791 
0.01 0.116591 25.5518 
0.01 0.135936 25.5148 
0.01 0.158489 25.4647 
0.01 0.184785 25.3967 
0.01 0.215443 25.3047 
0.01 0.251189 25.1803 
0.01 0.292864 25.0124 
0.01 0.341455 24.7866 
0.01 0.398107 24.4839 
0.01 0.464159 24.0802 
0.01 0.54117 23.5457 
0.01 0.630957 22.8447 
0.01 0.735642 21.938 
0.01 0.857696 20.7873 
0.01 1 19.3663 
0.01 1.16591 17.6798 
0.01 1.35936 15.7952 
0.01 1.58489 13.8847 
0.01 1.84785 12.2691 
0.01 2.15443 11.4353 
0.01 2.51189 11.9799 
0.01 2.92864 14.4355 
0.01 3.41455 19.0009 
0.01 3.98107 25.3132 
0.01 4.64159 32.455 
0.01 5.4117 39.2648 
0.01 6.30957 44.7748 
0.01 7.35642 48.522 
0.01 8.57696 50.6051 
0.01 10 51.5066 
0.01 11.6591 51.7873 
0.01 13.5936 51.8404 
0.01 15.8489 51.8417 
0.01 18.4785 51.8389 
0.01 21.5443 51.8378 
0.01 25.1189 51.8375 
0.01 29.2864 51.8375 
0.01 34.1455 51.8375 
0.01 39.8107 51.8375 
0.01 46.4159 51.8375 
0.01 54.117 51.8375 
0.01 63.0957 51.8375 
0.01 73.5642 51.8375 
0.01 85.7696 51.8375 
0.01 100 51.8375 
0.0116591 0.01 25.6542 
0.0116591 0.0116591 25.6539 
0.0116591 0.0135936 25.6534 
0.0116591 0.0158489 25.6528 
0.0116591 0.0184785 25.652 
0.0116591 0.0215443 25.6509 
0.0116591 0.0251189 25.6495 
0.0116591 0.0292864 25.6475 
0.0116591 0.0341455 25.6447 
0.0116591 0.0398107 25.641 
0.0116591 0.0464159 25.6359 
0.0116591 0.054117 25.6291 
0.0116591 0.0630957 25.6198 
0.0116591 0.0735642 25.6071 
0.0116591 0.0857696 25.5899 
0.0116591 0.1 25.5665 
0.0116591 0.116591 25.5347 
0.0116591 0.135936 25.4916 
0.0116591 0.158489 25.4332 
0.0116591 0.184785 25.3541 
0.0116591 0.215443 25.247 
0.0116591 0.251189 25.1024 
0.0116591 0.292864 24.9074 
0.0116591 0.341455 24.6455 
0.0116591 0.398107 24.295 
0.0116591 0.464159 23.8289 
0.0116591 0.54117 23.2139 
0.0116591 0.630957 22.4116 
0.0116591 0.735642 21.3813 
0.0116591 0.857696 20.0877 
0.0116591 1 18.5151 
0.0116591 1.16591 16.6939 
0.0116591 1.35936 14.7397 
0.0116591 1.58489 12.904 
0.0116591 1.84785 11.6188 
0.0116591 2.15443 11.4959 
0.0116591 2.51189 13.2223 
0.0116591 2.92864 17.3156 
0.0116591 3.41455 23.8056 
0.0116591 3.98107 32.0403 
0.0116591 4.64159 40.8218 
0.0116591 5.4117 48.8421 
0.0116591 6.30957 55.1428 
0.0116591 7.35642 59.3536 
0.0116591 8.57696 61.6763 
0.0116591 10 62.6794 
0.0116591 11.6591 62.9907 
0.0116591 13.5936 63.0479 
0.0116591 15.8489 63.0479 
0.0116591 18.4785 63.044 
0.0116591 21.5443 63.0426 
0.0116591 25.1189 63.0423 
0.0116591 29.2864 63.0422 
0.0116591 34.1455 63.0422 
0.0116591 39.8107 63.0422 
0.0116591 46.4159 63.0422 
0.0116591 54.117 63.0422 
0.0116591 63.0957 63.0422 
0.0116591 73.5642 63.0422 
0.0116591 85.7696 63.0422 
0.0116591 100 63.0422 
0.0135936 0.01 25.654 
0.0135936 0.0116591 25.6537 
0.0135936 0.0135936 25.6532 
0.0135936 0.0158489 25.6525 
0.0135936 0.0184785 25.6515 
0.0135936 0.0215443 25.6503 
0.0135936 0.0251189 25.6485 
0.0135936 0.0292864 25.6462 
0.0135936 0.0341455 25.643 
0.0135936 0.0398107 25.6387 
0.0135936 0.0464159 25.6328 
0.0135936 0.054117 25.6248 
0.0135936 0.0630957 25.6139 
0.0135936 0.0735642 25.5991 
0.0135936 0.0857696 25.579 
0.0135936 0.1 25.5518 
0.0135936 0.116591 25.5148 
0.0135936 0.135936 25.4646 
0.0135936 0.158489 25.3966 
0.0135936 0.184785 25.3045 
0.0135936 0.215443 25.18 
0.0135936 0.251189 25.0118 
0.0135936 0.292864 24.7855 
0.0135936 0.341455 24.482 
0.0135936 0.398107 24.0767 
0.0135936 0.464159 23.5394 
0.0135936 0.54117 22.8335 
0.0135936 0.630957 21.9183 
0.0135936 0.735642 20.7534 
0.0135936 0.857696 19.3095 
0.0135936 1 17.5886 
0.0135936 1.16591 15.6577 
0.0135936 1.35936 13.698 
0.0135936 1.58489 12.0628 
0.0135936 1.84785 11.3165 
0.0135936 2.15443 12.2012 
0.0135936 2.51189 15.4637 
0.0135936 2.92864 21.5304 
0.0135936 3.41455 30.1634 
0.0135936 3.98107 40.3609 
0.0135936 4.64159 50.6669 
0.0135936 5.4117 59.7132 
0.0135936 6.30957 66.6351 
0.0135936 7.35642 71.1953 
0.0135936 8.57696 73.6981 
0.0135936 10 74.779 
0.0135936 11.6591 75.1137 
0.0135936 13.5936 75.1733 
0.0135936 15.8489 75.1714 
0.0135936 18.4785 75.1664 
0.0135936 21.5443 75.1645 
0.0135936 25.1189 75.1641 
0.0135936 29.2864 75.1641 
0.0135936 34.1455 75.1641 
0.0135936 39.8107 75.1641 
0.0135936 46.4159 75.1641 
0.0135936 54.117 75.1641 
0.0135936 63.0957 75.1641 
0.0135936 73.5642 75.1641 
0.0135936 85.7696 75.1641 
0.0135936 100 75.1641 
0.0158489 0.01 25.6539 
0.0158489 0.0116591 25.6534 
0.0158489 0.0135936 25.6528 
0.0158489 0.0158489 25.652 
0.0158489 0.0184785 25.6509 
0.0158489 0.0215443 25.6495 
0.0158489 0.0251189 25.6475 
0.0158489 0.0292864 25.6447 
0.0158489 0.0341455 25.641 
0.0158489 0.0398107 25.6359 
0.0158489 0.0464159 25.6291 
0.0158489 0.054117 25.6197 
0.0158489 0.0630957 25.6071 
0.0158489 0.0735642 25.5898 
0.0158489 0.0857696 25.5665 
0.0158489 0.1 25.5347 
0.0158489 0.116591 25.4916 
0.0158489 0.135936 25.4332 
0.0158489 0.158489 25.354 
0.0158489 0.184785 25.2468 
0.0158489 0.215443 25.102 
0.0158489 0.251189 24.9067 
0.0158489 0.292864 24.6442 
0.0158489 0.341455 24.2928 
0.0158489 0.398107 23.8248 
0.0158489 0.464159 23.2067 
0.0158489 0.54117 22.3988 
0.0158489 0.630957 21.359 
0.0158489 0.735642 20.0496 
0.0158489 0.857696 18.4525 
0.0158489 1 16.596 
0.0158489 1.16591 14.5986 
0.0158489 1.35936 12.7284 
0.0158489 1.58489 11.4648 
0.0158489 1.84785 11.5218 
0.0158489 2.15443 13.7611 
0.0158489 2.51189 18.9289 
0.0158489 2.92864 27.2532 
0.0158489 3.41455 38.125 
0.0158489 3.98107 50.1689 
0.0158489 4.64159 61.7496 
0.0158489 5.4117 71.5569 
0.0158489 6.30957 78.8981 
0.0158489 7.35642 83.687 
0.0158489 8.57696 86.3121 
0.0158489 10 87.4497 
0.0158489 11.6591 87.8023 
0.0158489 13.5936 87.8631 
0.0158489 15.8489 87.8592 
0.0158489 18.4785 87.8529 
0.0158489 21.5443 87.8506 
0.0158489 25.1189 87.85 
0.0158489 29.2864 87.85 
0.0158489 34.1455 87.85 
0.0158489 39.8107 87.85 
0.0158489 46.4159 87.85 
0.0158489 54.117 87.85 
0.0158489 63.0957 87.85 
0.0158489 73.5642 87.85 
0.0158489 85.7696 87.85 
0.0158489 100 87.85 
0.0184785 0.01 25.6537 
0.0184785 0.0116591 25.6532 
0.0184785 0.0135936 25.6525 
0.0184785 0.0158489 25.6515 
0.0184785 0.0184785 25.6503 
0.0184785 0.0215443 25.6485 
0.0184785 0.0251189 25.6462 
0.0184785 0.0292864 25.643 
0.0184785 0.0341455 25.6387 
0.0184785 0.0398107 25.6328 
0.0184785 0.0464159 25.6248 
0.0184785 0.054117 25.6139 
0.0184785 0.0630957 25.5991 
0.0184785 0.0735642 25.579 
0.0184785 0.0857696 25.5518 
0.0184785 0.1 25.5148 
0.0184785 0.116591 25.4646 
0.0184785 0.135936 25.3965 
0.0184785 0.158489 25.3044 
0.0184785 0.184785 25.1797 
0.0184785 0.215443 25.0114 
0.0184785 0.251189 24.7848 
0.0184785 0.292864 24.4805 
0.0184785 0.341455 24.0741 
0.0184785 0.398107 23.5347 
0.0184785 0.464159 22.8252 
0.0184785 0.54117 21.9037 
0.0184785 0.630957 20.7282 
0.0184785 0.735642 19.2672 
0.0184785 0.857696 17.5204 
0.0184785 1 15.5547 
0.0184785 1.16591 13.5585 
0.0184785 1.35936 11.9116 
0.0184785 1.58489 11.2438 
0.0184785 1.84785 12.4256 
0.0184785 2.15443 16.401 
0.0184785 2.51189 23.8187 
0.0184785 2.92864 34.5774 
0.0184785 3.41455 47.6149 
0.0184785 3.98107 61.2235 
0.0184785 4.64159 73.7256 
0.0184785 5.4117 83.9949 
0.0184785 6.30957 91.5588 
0.0184785 7.35642 96.4704 
0.0184785 8.57696 99.1714 
0.0184785 10 100.35 
0.0184785 11.6591 100.718 
0.0184785 13.5936 100.78 
0.0184785 15.8489 100.774 
0.0184785 18.4785 100.766 
0.0184785 21.5443 100.763 
0.0184785 25.1189 100.762 
0.0184785 29.2864 100.762 
0.0184785 34.1455 100.762 
0.0184785 39.8107 100.762 
0.0184785 46.4159 100.762 
0.0184785 54.117 100.762 
0.0184785 63.0957 100.762 
0.0184785 73.5642 100.762 
0.0184785 85.7696 100.762 
0.0184785 100 100.762 
0.0215443 0.01 25.6534 
0.0215443 0.0116591 25.6528 
0.0215443 0.0135936 25.652 
0.0215443 0.0158489 25.6509 
0.0215443 0.0184785 25.6495 
0.0215443 0.0215443 25.6475 
0.0215443 0.0251189 25.6447 
0.0215443 0.0292864 25.641 
0.0215443 0.0341455 25.6359 
0.0215443 0.0398107 25.6291 
0.0215443 0.0464159 25.6197 
0.0215443 0.054117 25.6071 
0.0215443 0.0630957 25.5898 
0.0215443 0.0735642 25.5664 
0.0215443 0.0857696 25.5347 
0.0215443 0.1 25.4916 
0.0215443 0.116591 25.4331 
0.0215443 0.135936 25.3539 
0.0215443 0.158489 25.2467 
0.0215443 0.184785 25.1017 
0.0215443 0.215443 24.9062 
0.0215443 0.251189 24.6433 
0.0215443 0.292864 24.2911 
0.0215443 0.341455 23.8219 
0.0215443 0.398107 23.2013 
0.0215443 0.464159 22.3893 
0.0215443 0.54117 21.3425 
0.0215443 0.630957 20.0214 
0.0215443 0.735642 18.4059 
0.0215443 0.857696 16.5229 
0.0215443 1 14.4932 
0.0215443 1.16591 12.598 
0.0215443 1.35936 11.3557 
0.0215443 1.58489 11.5662 
0.0215443 1.84785 14.2436 
0.0215443 2.15443 20.3414 
0.0215443 2.51189 30.2754 
0.0215443 2.92864 43.481 
0.0215443 3.41455 58.4196 
0.0215443 3.98107 73.1759 
0.0215443 4.64159 86.2035 
0.0215443 5.4117 96.6559 
0.0215443 6.30957 104.283 
0.0215443 7.35642 109.24 
0.0215443 8.57696 111.986 
0.0215443 10 113.196 
0.0215443 11.6591 113.577 
0.0215443 13.5936 113.64 
0.0215443 15.8489 113.632 
0.0215443 18.4785 113.623 
0.0215443 21.5443 113.619 
0.0215443 25.1189 113.619 
0.0215443 29.2864 113.619 
0.0215443 34.1455 113.619 
0.0215443 39.8107 113.619 
0.0215443 46.4159 113.619 
0.0215443 54.117 113.619 
0.0215443 63.0957 113.619 
0.0215443 73.5642 113.619 
0.0215443 85.7696 113.619 
0.0215443 100 113.619 
0.0251189 0.01 25.6532 
0.0251189 0.0116591 25.6525 
0.0251189 0.0135936 25.6515 
0.0251189 0.0158489 25.6503 
0.0251189 0.0184785 25.6485 
0.0251189 0.0215443 25.6462 
0.0251189 0.0251189 25.643 
0.0251189 0.0292864 25.6387 
0.0251189 0.0341455 25.6328 
0.0251189 0.0398107 25.6248 
0.0251189 0.0464159 25.6139 
0.0251189 0.054117 25.5991 
0.0251189 0.0630957 25.579 
0.0251189 0.0735642 25.5518 
0.0251189 0.0857696 25.5148 
0.0251189 0.1 25.4646 
0.0251189 0.116591 25.3965 
0.0251189 0.135936 25.3043 
0.0251189 0.158489 25.1796 
0.0251189 0.184785 25.0111 
0.0251189 0.215443 24.7842 
0.0251189 0.251189 24.4795 
0.0251189 0.292864 24.0722 
0.0251189 0.341455 23.5313 
0.0251189 0.398107 22.8191 
0.0251189 0.464159 21.8929 
0.0251189 0.54117 20.7095 
0.0251189 0.630957 19.2358 
0.0251189 0.735642 17.4697 
0.0251189 0.857696 15.4779 
0.0251189 1 13.4547 
0.0251189 1.16591 11.8008 
0.0251189 1.35936 11.1996 
0.0251189 1.58489 12.6287 
0.0251189 1.84785 17.2027 
0.0251189 2.15443 25.7675 
0.0251189 2.51189 38.3434 
0.0251189 2.92864 53.8042 
0.0251189 3.41455 70.2061 
0.0251189 3.98107 85.6265 
0.0251189 4.64159 98.8119 
0.0251189 5.4117 109.232 
0.0251189 6.30957 116.816 
0.0251189 7.35642 121.771 
0.0251189 8.57696 124.541 
0.0251189 10 125.777 
0.0251189 11.6591 126.17 
0.0251189 13.5936 126.235 
0.0251189 15.8489 126.224 
0.0251189 18.4785 126.214 
0.0251189 21.5443 126.21 
0.0251189 25.1189 126.209 
0.0251189 29.2864 126.209 
0.0251189 34.1455 126.209 
0.0251189 39.8107 126.209 
0.0251189 46.4159 126.209 
0.0251189 54.117 126.209 
0.0251189 63.0957 126.209 
0.0251189 73.5642 126.209 
0.0251189 85.7696 126.209 
0.0251189 100 126.209 
0.0292864 0.01 25.6528 
0.0292864 0.0116591 25.652 
0.0292864 0.0135936 25.6509 
0.0292864 0.0158489 25.6495 
0.0292864 0.0184785 25.6475 
0.0292864 0.0215443 25.6447 
0.0292864 0.0251189 25.641 
0.0292864 0.0292864 25.6359 
0.0292864 0.0341455 25.6291 
0.0292864 0.0398107 25.6197 
0.0292864 0.0464159 25.6071 
0.0292864 0.054117 25.5898 
0.0292864 0.0630957 25.5664 
0.0292864 0.0735642 25.5347 
0.0292864 0.0857696 25.4916 
0.0292864 0.1 25.4331 
0.0292864 0.116591 25.3538 
0.0292864 0.135936 25.2466 
0.0292864 0.158489 25.1015 
0.0292864 0.184785 24.9059 
0.0292864 0.215443 24.6427 
0.0292864 0.251189 24.2899 
0.0292864 0.292864 23.8197 
0.0292864 0.341455 23.1974 
0.0292864 0.398107 22.3823 
0.0292864 0.464159 21.3302 
0.0292864 0.54117 20.0005 
0.0292864 0.630957 18.3713 
0.0292864 0.735642 16.4686 
0.0292864 0.857696 14.4148 
0.0292864 1 12.5016 
0.0292864 1.16591 11.2781 
0.0292864 1.35936 11.6143 
0.0292864 1.58489 14.6508 
0.0292864 1.84785 21.5178 
0.0292864 2.15443 32.792 
0.0292864 2.51189 47.9383 
0.0292864 2.92864 65.2539 
0.0292864 3.41455 82.5726 
0.0292864 3.98107 98.1939 
0.0292864 4.64159 111.256 
0.0292864 5.4117 121.509 
0.0292864 6.30957 128.993 
0.0292864 7.35642 133.919 
0.0292864 8.57696 136.7 
0.0292864 10 137.955 
0.0292864 11.6591 138.357 
0.0292864 13.5936 138.422 
0.0292864 15.8489 138.409 
0.0292864 18.4785 138.397 
0.0292864 21.5443 138.393 
0.0292864 25.1189 138.392 
0.0292864 29.2864 138.392 
0.0292864 34.1455 138.392 
0.0292864 39.8107 138.392 
0.0292864 46.4159 138.392 
0.0292864 54.117 138.392 
0.0292864 63.0957 138.392 
0.0292864 73.5642 138.392 
0.0292864 85.7696 138.392 
0.0292864 100 138.392 
0.0341455 0.01 25.6525 
0.0341455 0.0116591 25.6515 
0.0341455 0.0135936 25.6503 
0.0341455 0.0158489 25.6485 
0.0341455 0.0184785 25.6462 
0.0341455 0.0215443 25.643 
0.0341455 0.0251189 25.6387 
0.0341455 0.0292864 25.6328 
0.0341455 0.0341455 25.6248 
0.0341455 0.0398107 25.6139 
0.0341455 0.0464159 25.5991 
0.0341455 0.054117 25.579 
0.0341455 0.0630957 25.5518 
0.0341455 0.0735642 25.5148 
0.0341455 0.0857696 25.4645 
0.0341455 0.1 25.3965 
0.0341455 0.116591 25.3042 
0.0341455 0.135936 25.1794 
0.0341455 0.158489 25.0109 
0.0341455 0.184785 24.7838 
0.0341455 0.215443 24.4787 
0.0341455 0.251189 24.0708 
0.0341455 0.292864 23.5288 
0.0341455 0.341455 22.8146 
0.0341455 0.398107 21.885 
0.0341455 0.464159 20.6957 
0.0341455 0.54117 19.2125 
0.0341455 0.630957 17.4321 
0.0341455 0.735642 15.4209 
0.0341455 0.857696 13.3777 
0.0341455 1 11.7196 
0.0341455 1.16591 11.1725 
0.0341455 1.35936 12.8008 
0.0341455 1.58489 17.8595 
0.0341455 1.84785 27.3592 
0.0341455 2.15443 41.4173 
0.0341455 2.51189 58.8345 
0.0341455 2.92864 77.4425 
0.0341455 3.41455 95.12 
0.0341455 3.98107 110.575 
0.0341455 4.64159 123.341 
0.0341455 5.4117 133.365 
0.0341455 6.30957 140.724 
0.0341455 7.35642 145.603 
0.0341455 8.57696 148.38 
0.0341455 10 149.643 
0.0341455 11.6591 150.05 
0.0341455 13.5936 150.113 
0.0341455 15.8489 150.097 
0.0341455 18.4785 150.083 
0.0341455 21.5443 150.078 
0.0341455 25.1189 150.077 
0.0341455 29.2864 150.077 
0.0341455 34.1455 150.077 
0.0341455 39.8107 150.077 
0.0341455 46.4159 150.077 
0.0341455 54.117 150.077 
0.0341455 63.0957 150.077 
0.0341455 73.5642 150.077 
0.0341455 85.7696 150.077 
0.0341455 100 150.077 
0.0398107 0.01 25.652 
0.0398107 0.0116591 25.6509 
0.0398107 0.0135936 25.6495 
0.0398107 0.0158489 25.6475 
0.0398107 0.0184785 25.6447 
0.0398107 0.0215443 25.641 
0.0398107 0.0251189 25.6359 
0.0398107 0.0292864 25.6291 
0.0398107 0.0341455 25.6197 
0.0398107 0.0398107 25.6071 
0.0398107 0.0464159 25.5898 
0.0398107 0.054117 25.5664 
0.0398107 0.0630957 25.5347 
0.0398107 0.0735642 25.4916 
0.0398107 0.0857696 25.4331 
0.0398107 0.1 25.3538 
0.0398107 0.116591 25.2465 
0.0398107 0.135936 25.1014 
0.0398107 0.158489 24.9056 
0.0398107 0.184785 24.6422 
0.0398107 0.215443 24.289 
0.0398107 0.251189 23.8181 
0.0398107 0.292864 23.1945 
0.0398107 0.341455 22.3772 
0.0398107 0.398107 21.3212 
0.0398107 0.464159 19.985 
0.0398107 0.54117 18.3457 
0.0398107 0.630957 16.4283 
0.0398107 0.735642 14.3566 
0.0398107 0.857696 12.4303 
0.0398107 1 11.2226 
0.0398107 1.16591 11.6587 
0.0398107 1.35936 14.9811 
0.0398107 1.58489 22.464 
0.0398107 1.84785 34.8141 
0.0398107 2.15443 51.509 
0.0398107 2.51189 70.6852 
0.0398107 2.92864 89.9543 
0.0398107 3.41455 107.518 
0.0398107 3.98107 122.576 
0.0398107 4.64159 134.973 
0.0398107 5.4117 144.75 
0.0398107 6.30957 151.969 
0.0398107 7.35642 156.779 
0.0398107 8.57696 159.53 
0.0398107 10 160.786 
0.0398107 11.6591 161.19 
0.0398107 13.5936 161.249 
0.0398107 15.8489 161.23 
0.0398107 18.4785 161.214 
0.0398107 21.5443 161.208 
0.0398107 25.1189 161.207 
0.0398107 29.2864 161.207 
0.0398107 34.1455 161.207 
0.0398107 39.8107 161.207 
0.0398107 46.4159 161.207 
0.0398107 54.117 161.207 
0.0398107 63.0957 161.207 
0.0398107 73.5642 161.207 
0.0398107 85.7696 161.207 
0.0398107 100 161.207 
0.0464159 0.01 25.6515 
0.0464159 0.0116591 25.6503 
0.0464159 0.0135936 25.6485 
0.0464159 0.0158489 25.6462 
0.0464159 0.0184785 25.643 
0.0464159 0.0215443 25.6387 
0.0464159 0.0251189 25.6328 
0.0464159 0.0292864 25.6248 
0.0464159 0.0341455 25.6139 
0.0464159 0.0398107 25.5991 
0.0464159 0.0464159 25.579 
0.0464159 0.054117 25.5518 
0.0464159 0.0630957 25.5148 
0.0464159 0.0735642 25.4645 
0.0464159 0.0857696 25.3964 
0.0464159 0.1 25.3042 
0.0464159 0.116591 25.1793 
0.0464159 0.135936 25.0107 
0.0464159 0.158489 24.7835 
0.0464159 0.184785 24.4782 
0.0464159 0.215443 24.0698 
0.0464159 0.251189 23.5269 
0.0464159 0.292864 22.8113 
0.0464159 0.341455 21.8791 
0.0464159 0.398107 20.6856 
0.0464159 0.464159 19.1953 
0.0464159 0.54117 17.4042 
0.0464159 0.630957 15.3787 
0.0464159 0.735642 13.3207 
0.0464159 0.857696 11.6601 
0.0464159 1 11.1558 
0.0464159 1.16591 12.9405 
0.0464159 1.35936 18.3816 
0.0464159 1.58489 28.6215 
0.0464159 1.84785 43.8509 
0.0464159 2.15443 62.793 
0.0464159 2.51189 83.0755 
0.0464159 2.92864 102.419 
0.0464159 3.41455 119.545 
0.0464159 3.98107 134.103 
0.0464159 4.64159 146.122 
0.0464159 5.4117 155.651 
0.0464159 6.30957 162.71 
0.0464159 7.35642 167.419 
0.0464159 8.57696 170.113 
0.0464159 10 171.344 
0.0464159 11.6591 171.737 
0.0464159 13.5936 171.789 
0.0464159 15.8489 171.766 
0.0464159 18.4785 171.748 
0.0464159 21.5443 171.742 
0.0464159 25.1189 171.74 
0.0464159 29.2864 171.74 
0.0464159 34.1455 171.74 
0.0464159 39.8107 171.74 
0.0464159 46.4159 171.74 
0.0464159 54.117 171.74 
0.0464159 63.0957 171.74 
0.0464159 73.5642 171.74 
0.0464159 85.7696 171.74 
0.0464159 100 171.74 
0.054117 0.01 25.6509 
0.054117 0.0116591 25.6495 
0.054117 0.0135936 25.6475 
0.054117 0.0158489 25.6447 
0.054117 0.0184785 25.641 
0.054117 0.0215443 25.6359 
0.054117 0.0251189 25.6291 
0.054117 0.0292864 25.6197 
0.054117 0.0341455 25.6071 
0.054117 0.0398107 25.5898 
0.054117 0.0464159 25.5664 
0.054117 0.054117 25.5347 
0.054117 0.0630957 25.4915 
0.054117 0.0735642 25.4331 
0.054117 0.0857696 25.3538 
0.054117 0.1 25.2464 
0.054117 0.116591 25.1013 
0.054117 0.135936 24.9054 
0.054117 0.158489 24.6418 
0.054117 0.184785 24.2884 
0.054117 0.215443 23.8169 
0.054117 0.251189 23.1923 
0.054117 0.292864 22.3733 
0.054117 0.341455 21.3145 
0.054117 0.398107 19.9736 
0.054117 0.464159 18.3268 
0.054117 0.54117 16.3985 
0.054117 0.630957 14.3136 
0.054117 0.735642 12.3778 
0.054117 0.857696 11.1827 
0.054117 1 11.6965 
0.054117 1.16591 15.2417 
0.054117 1.35936 23.2064 
0.054117 1.58489 36.3988 
0.054117 1.84785 54.2964 
0.054117 2.15443 74.8881 
0.054117 2.51189 95.597 
0.054117 2.92864 114.567 
0.054117 3.41455 131.091 
0.054117 3.98107 145.137 
0.054117 4.64159 156.795 
0.054117 5.4117 166.065 
0.054117 6.30957 172.926 
0.054117 7.35642 177.491 
0.054117 8.57696 180.096 
0.054117 10 181.282 
0.054117 11.6591 181.657 
0.054117 13.5936 181.701 
0.054117 15.8489 181.674 
0.054117 18.4785 181.654 
0.054117 21.5443 181.647 
0.054117 25.1189 181.646 
0.054117 29.2864 181.646 
0.054117 34.1455 181.646 
0.054117 39.8107 181.646 
0.054117 46.4159 181.646 
0.054117 54.117 181.646 
0.054117 63.0957 181.646 
0.054117 73.5642 181.646 
0.054117 85.7696 181.646 
0.054117 100 181.646 
0.0630957 0.01 25.6503 
0.0630957 0.0116591 25.6485 
0.0630957 0.0135936 25.6462 
0.0630957 0.0158489 25.643 
0.0630957 0.0184785 25.6387 
0.0630957 0.0215443 25.6328 
0.0630957 0.0251189 25.6248 
0.0630957 0.0292864 25.6139 
0.0630957 0.0341455 25.5991 
0.0630957 0.0398107 25.579 
0.0630957 0.0464159 25.5518 
0.0630957 0.054117 25.5147 
0.0630957 0.0630957 25.4645 
0.0630957 0.0735642 25.3964 
0.0630957 0.0857696 25.3041 
0.0630957 0.1 25.1793 
0.0630957 0.116591 25.0106 
0.0630957 0.135936 24.7832 
0.0630957 0.158489 24.4777 
0.0630957 0.184785 24.069 
0.0630957 0.215443 23.5255 
0.0630957 0.251189 22.8088 
0.0630957 0.292864 21.8748 
0.0630957 0.341455 20.678 
0.0630957 0.398107 19.1826 
0.0630957 0.464159 17.3836 
0.0630957 0.54117 15.3475 
0.0630957 0.630957 13.2786 
0.0630957 0.735642 11.6165 
0.0630957 0.857696 11.1453 
0.0630957 1 13.0508 
0.0630957 1.16591 18.7879 
0.0630957 1.35936 29.602 
0.0630957 1.58489 45.7371 
0.0630957 1.84785 65.8422 
0.0630957 2.15443 87.3688 
0.0630957 2.51189 107.917 
0.0630957 2.92864 126.246 
0.0630957 3.41455 142.131 
0.0630957 3.98107 155.699 
0.0630957 4.64159 167.002 
0.0630957 5.4117 175.979 
0.0630957 6.30957 182.591 
0.0630957 7.35642 186.963 
0.0630957 8.57696 189.448 
0.0630957 10 190.576 
0.0630957 11.6591 190.928 
0.0630957 13.5936 190.966 
0.0630957 15.8489 190.936 
0.0630957 18.4785 190.915 
0.0630957 21.5443 190.908 
0.0630957 25.1189 190.907 
0.0630957 29.2864 190.907 
0.0630957 34.1455 190.907 
0.0630957 39.8107 190.907 
0.0630957 46.4159 190.907 
0.0630957 54.117 190.907 
0.0630957 63.0957 190.907 
0.0630957 73.5642 190.907 
0.0630957 85.7696 190.907 
0.0630957 100 190.907 
0.0735642 0.01 25.6495 
0.0735642 0.0116591 25.6475 
0.0735642 0.0135936 25.6447 
0.0735642 0.0158489 25.641 
0.0735642 0.0184785 25.6359 
0.0735642 0.0215443 25.6291 
0.0735642 0.0251189 25.6197 
0.0735642 0.0292864 25.6071 
0.0735642 0.0341455 25.5898 
0.0735642 0.0398107 25.5664 
0.0735642 0.0464159 25.5347 
0.0735642 0.054117 25.4915 
0.0735642 0.0630957 25.433 
0.0735642 0.0735642 25.3537 
0.0735642 0.0857696 25.2464 
0.0735642 0.1 25.1012 
0.0735642 0.116591 24.9053 
0.0735642 0.135936 24.6415 
0.0735642 0.158489 24.2879 
0.0735642 0.184785 23.816 
0.0735642 0.215443 23.1908 
0.0735642 0.251189 22.3705 
0.0735642 0.292864 21.3096 
0.0735642 0.341455 19.9652 
0.0735642 0.398107 18.3128 
0.0735642 0.464159 16.3765 
0.0735642 0.54117 14.2818 
0.0735642 0.630957 12.3391 
0.0735642 0.735642 11.1539 
0.0735642 0.857696 11.7272 
0.0735642 1 15.4434 
0.0735642 1.16591 23.7787 
0.0735642 1.35936 37.6189 
0.0735642 1.58489 56.4344 
0.0735642 1.84785 78.0855 
0.0735642 2.15443 99.8426 
0.0735642 2.51189 119.82 
0.0735642 2.92864 137.407 
0.0735642 3.41455 152.689 
0.0735642 3.98107 165.809 
0.0735642 4.64159 176.739 
0.0735642 5.4117 185.367 
0.0735642 6.30957 191.669 
0.0735642 7.35642 195.807 
0.0735642 8.57696 198.151 
0.0735642 10 199.215 
0.0735642 11.6591 199.548 
0.0735642 13.5936 199.583 
0.0735642 15.8489 199.553 
0.0735642 18.4785 199.533 
0.0735642 21.5443 199.526 
0.0735642 25.1189 199.524 
0.0735642 29.2864 199.524 
0.0735642 34.1455 199.524 
0.0735642 39.8107 199.524 
0.0735642 46.4159 199.524 
0.0735642 54.117 199.524 
0.0735642 63.0957 199.524 
0.0735642 73.5642 199.524 
0.0735642 85.7696 199.524 
0.0735642 100 199.524 
0.0857696 0.01 25.6485 
0.0857696 0.0116591 25.6462 
0.0857696 0.0135936 25.643 
0.0857696 0.0158489 25.6387 
0.0857696 0.0184785 25.6328 
0.0857696 0.0215443 25.6248 
0.0857696 0.0251189 25.6139 
0.0857696 0.0292864 25.5991 
0.0857696 0.0341455 25.579 
0.0857696 0.0398107 25.5518 
0.0857696 0.0464159 25.5147 
0.0857696 0.054117 25.4645 
0.0857696 0.0630957 25.3964 
0.0857696 0.0735642 25.3041 
0.0857696 0.0857696 25.1792 
0.0857696 0.1 25.0105 
0.0857696 0.116591 24.7831 
0.0857696 0.135936 24.4774 
0.0857696 0.158489 24.0685 
0.0857696 0.184785 23.5245 
0.0857696 0.215443 22.807 
0.0857696 0.251189 21.8716 
0.0857696 0.292864 20.6725 
0.0857696 0.341455 19.1733 
0.0857696 0.398107 17.3685 
0.0857696 0.464159 15.3244 
0.0857696 0.54117 13.2475 
0.0857696 0.630957 11.5845 
0.0857696 0.735642 11.1386 
0.0857696 0.857696 13.1361 
0.0857696 1 19.0992 
0.0857696 1.16591 30.3524 
0.0857696 1.35936 47.1775 
0.0857696 1.58489 68.1577 
0.0857696 1.84785 90.599 
0.0857696 2.15443 112.013 
0.0857696 2.51189 131.205 
0.0857696 2.92864 148.064 
0.0857696 3.41455 162.8 
0.0857696 3.98107 175.476 
0.0857696 4.64159 185.981 
0.0857696 5.4117 194.193 
0.0857696 6.30957 200.131 
0.0857696 7.35642 204.009 
0.0857696 8.57696 206.207 
0.0857696 10 207.215 
0.0857696 11.6591 207.538 
0.0857696 13.5936 207.576 
0.0857696 15.8489 207.551 
0.0857696 18.4785 207.533 
0.0857696 21.5443 207.526 
0.0857696 25.1189 207.525 
0.0857696 29.2864 207.525 
0.0857696 34.1455 207.525 
0.0857696 39.8107 207.525 
0.0857696 46.4159 207.525 
0.0857696 54.117 207.525 
0.0857696 63.0957 207.525 
0.0857696 73.5642 207.525 
0.0857696 85.7696 207.525 
0.0857696 100 207.525 
0.1 0.01 25.6475 
0.1 0.0116591 25.6447 
0.1 0.0135936 25.641 
0.1 0.0158489 25.6359 
0.1 0.0184785 25.6291 
0.1 0.0215443 25.6197 
0.1 0.0251189 25.6071 
0.1 0.0292864 25.5898 
0.1 0.0341455 25.5664 
0.1 0.0398107 25.5347 
0.1 0.0464159 25.4915 
0.1 0.054117 25.433 
0.1 0.0630957 25.3537 
0.1 0.0735642 25.2463 
0.1 0.0857696 25.1011 
0.1 0.1 24.9052 
0.1 0.116591 24.6414 
0.1 0.135936 24.2875 
0.1 0.158489 23.8153 
0.1 0.184785 23.1896 
0.1 0.215443 22.3685 
0.1 0.251189 21.306 
0.1 0.292864 19.959 
0.1 0.341455 18.3025 
0.1 0.398107 16.3602 
0.1 0.464159 14.2583 
0.1 0.54117 12.3105 
0.1 0.630957 11.133 
0.1 0.735642 11.7515 
0.1 0.857696 15.5974 
0.1 1 24.2143 
0.1 1.16591 38.5465 
0.1 1.35936 58.0543 
0.1 1.58489 80.4913 
0.1 1.84785 103.008 
0.1 2.15443 123.705 
0.1 2.51189 142.062 
0.1 2.92864 158.261 
0.1 3.41455 172.484 
0.1 3.98107 184.683 
0.1 4.64159 194.691 
0.1 5.4117 202.421 
0.1 6.30957 207.963 
0.1 7.35642 211.579 
0.1 8.57696 213.647 
0.1 10 214.617 
0.1 11.6591 214.945 
0.1 13.5936 214.998 
0.1 15.8489 214.983 
0.1 18.4785 214.968 
0.1 21.5443 214.963 
0.1 25.1189 214.962 
0.1 29.2864 214.962 
0.1 34.1455 214.962 
0.1 39.8107 214.962 
0.1 46.4159 214.962 
0.1 54.117 214.962 
0.1 63.0957 214.962 
0.1 73.5642 214.962 
0.1 85.7696 214.962 
0.1 100 214.962 
0.116591 0.01 25.6462 
0.116591 0.0116591 25.643 
0.116591 0.0135936 25.6387 
0.116591 0.0158489 25.6328 
0.116591 0.0184785 25.6248 
0.116591 0.0215443 25.6139 
0.116591 0.0251189 25.5991 
0.116591 0.0292864 25.579 
0.116591 0.0341455 25.5518 
0.116591 0.0398107 25.5147 
0.116591 0.0464159 25.4645 
0.116591 0.054117 25.3964 
0.116591 0.0630957 25.3041 
0.116591 0.0735642 25.1792 
0.116591 0.0857696 25.0104 
0.116591 0.1 24.7829 
0.116591 0.116591 24.4772 
0.116591 0.135936 24.0681 
0.116591 0.158489 23.5238 
0.116591 0.184785 22.8057 
0.116591 0.215443 21.8692 
0.116591 0.251189 20.6684 
0.116591 0.292864 19.1664 
0.116591 0.341455 17.3572 
0.116591 0.398107 15.3074 
0.116591 0.464159 13.2246 
0.116591 0.54117 11.561 
0.116591 0.630957 11.1343 
0.116591 0.735642 13.2012 
0.116591 0.857696 19.3351 
0.116591 1 30.9205 
0.116591 1.16591 48.2659 
0.116591 1.35936 69.8993 
0.116591 1.58489 93.0102 
0.116591 1.84785 115.046 
0.116591 2.15443 134.858 
0.116591 2.51189 152.431 
0.116591 2.92864 168.035 
0.116591 3.41455 181.74 
0.116591 3.98107 193.394 
0.116591 4.64159 202.83 
0.116591 5.4117 210.035 
0.116591 6.30957 215.179 
0.116591 7.35642 218.557 
0.116591 8.57696 220.528 
0.116591 10 221.49 
0.116591 11.6591 221.845 
0.116591 13.5936 221.924 
0.116591 15.8489 221.923 
0.116591 18.4785 221.915 
0.116591 21.5443 221.912 
0.116591 25.1189 221.911 
0.116591 29.2864 221.911 
0.116591 34.1455 221.911 
0.116591 39.8107 221.911 
0.116591 46.4159 221.911 
0.116591 54.117 221.911 
0.116591 63.0957 221.911 
0.116591 73.5642 221.911 
0.116591 85.7696 221.911 
0.116591 100 221.911 
0.135936 0.01 25.6447 
0.135936 0.0116591 25.641 
0.135936 0.0135936 25.6359 
0.135936 0.0158489 25.6291 
0.135936 0.0184785 25.6197 
0.135936 0.0215443 25.6071 
0.135936 0.0251189 25.5898 
0.135936 0.0292864 25.5664 
0.135936 0.0341455 25.5347 
0.135936 0.0398107 25.4915 
0.135936 0.0464159 25.433 
0.135936 0.054117 25.3537 
0.135936 0.0630957 25.2463 
0.135936 0.0735642 25.1011 
0.135936 0.0857696 24.9051 
0.135936 0.1 24.6412 
0.135936 0.116591 24.2873 
0.135936 0.135936 23.8149 
0.135936 0.158489 23.1887 
0.135936 0.184785 22.367 
0.135936 0.215443 21.3033 
0.135936 0.251189 19.9544 
0.135936 0.292864 18.2949 
0.135936 0.341455 16.3482 
0.135936 0.398107 14.241 
0.135936 0.464159 12.2895 
0.135936 0.54117 11.1178 
0.135936 0.630957 11.7703 
0.135936 0.735642 15.7138 
0.135936 0.857696 24.5429 
0.135936 1 39.2454 
0.135936 1.16591 59.2714 
0.135936 1.35936 82.2887 
0.135936 1.58489 105.356 
0.135936 1.84785 126.57 
0.135936 2.15443 145.486 
0.135936 2.51189 162.361 
0.135936 2.92864 177.402 
0.135936 3.41455 190.539 
0.135936 3.98107 201.567 
0.135936 4.64159 210.372 
0.135936 5.4117 217.041 
0.135936 6.30957 221.819 
0.135936 7.35642 225.01 
0.135936 8.57696 226.932 
0.135936 10 227.921 
0.135936 11.6591 228.324 
0.135936 13.5936 228.441 
0.135936 15.8489 228.461 
0.135936 18.4785 228.462 
0.135936 21.5443 228.461 
0.135936 25.1189 228.461 
0.135936 29.2864 228.461 
0.135936 34.1455 228.461 
0.135936 39.8107 228.461 
0.135936 46.4159 228.461 
0.135936 54.117 228.461 
0.135936 63.0957 228.461 
0.135936 73.5642 228.461 
0.135936 85.7696 228.461 
0.135936 100 228.461 
0.158489 0.01 25.643 
0.158489 0.0116591 25.6387 
0.158489 0.0135936 25.6328 
0.158489 0.0158489 25.6248 
0.158489 0.0184785 25.6139 
0.158489 0.0215443 25.5991 
0.158489 0.0251189 25.579 
0.158489 0.0292864 25.5518 
0.158489 0.0341455 25.5147 
0.158489 0.0398107 25.4645 
0.158489 0.0464159 25.3964 
0.158489 0.054117 25.3041 
0.158489 0.0630957 25.1792 
0.158489 0.0735642 25.0104 
0.158489 0.0857696 24.7828 
0.158489 0.1 24.477 
0.158489 0.116591 24.0678 
0.158489 0.135936 23.5232 
0.158489 0.158489 22.8047 
0.158489 0.184785 21.8675 
0.158489 0.215443 20.6654 
0.158489 0.251189 19.1613 
0.158489 0.292864 17.349 
0.158489 0.341455 15.2948 
0.158489 0.398107 13.2077 
0.158489 0.464159 11.5437 
0.158489 0.54117 11.1314 
0.158489 0.630957 13.2504 
0.158489 0.735642 19.5126 
0.158489 0.857696 31.3472 
0.158489 1 49.0824 
0.158489 1.16591 71.2006 
0.158489 1.35936 94.8012 
0.158489 1.58489 117.284 
0.158489 1.84785 137.545 
0.158489 2.15443 155.641 
0.158489 2.51189 171.887 
0.158489 2.92864 186.348 
0.158489 3.41455 198.84 
0.158489 3.98107 209.166 
0.158489 4.64159 217.315 
0.158489 5.4117 223.48 
0.158489 6.30957 227.954 
0.158489 7.35642 231.026 
0.158489 8.57696 232.954 
0.158489 10 234.005 
0.158489 11.6591 234.476 
0.158489 13.5936 234.642 
0.158489 15.8489 234.686 
0.158489 18.4785 234.696 
0.158489 21.5443 234.699 
0.158489 25.1189 234.699 
0.158489 29.2864 234.699 
0.158489 34.1455 234.699 
0.158489 39.8107 234.699 
0.158489 46.4159 234.699 
0.158489 54.117 234.699 
0.158489 63.0957 234.699 
0.158489 73.5642 234.699 
0.158489 85.7696 234.699 
0.158489 100 234.699 
0.184785 0.01 25.641 
0.184785 0.0116591 25.6359 
0.184785 0.0135936 25.6291 
0.184785 0.0158489 25.6197 
0.184785 0.0184785 25.6071 
0.184785 0.0215443 25.5898 
0.184785 0.0251189 25.5664 
0.184785 0.0292864 25.5347 
0.184785 0.0341455 25.4915 
0.184785 0.0398107 25.433 
0.184785 0.0464159 25.3537 
0.184785 0.054117 25.2463 
0.184785 0.0630957 25.1011 
0.184785 0.0735642 24.905 
0.184785 0.0857696 24.6411 
0.184785 0.1 24.2871 
0.184785 0.116591 23.8145 
0.184785 0.135936 23.1881 
0.184785 0.158489 22.3658 
0.184785 0.184785 21.3014 
0.184785 0.215443 19.951 
0.184785 0.251189 18.2893 
0.184785 0.292864 16.3394 
0.184785 0.341455 14.2282 
0.184785 0.398107 12.274 
0.184785 0.464159 11.1067 
0.184785 0.54117 11.7846 
0.184785 0.630957 15.8011 
0.184785 0.735642 24.7891 
0.184785 0.857696 39.7686 
0.184785 1 60.1804 
0.184785 1.16591 83.6251 
0.184785 1.35936 107.091 
0.184785 1.58489 128.678 
0.184785 1.84785 148.002 
0.184785 2.15443 165.374 
0.184785 2.51189 181.016 
0.184785 2.92864 194.837 
0.184785 3.41455 206.598 
0.184785 3.98107 216.175 
0.184785 4.64159 223.686 
0.184785 5.4117 229.417 
0.184785 6.30957 233.676 
0.184785 7.35642 236.704 
0.184785 8.57696 238.688 
0.184785 10 239.83 
0.184785 11.6591 240.383 
0.184785 13.5936 240.602 
0.184785 15.8489 240.675 
0.184785 18.4785 240.695 
0.184785 21.5443 240.7 
0.184785 25.1189 240.702 
0.184785 29.2864 240.702 
0.184785 34.1455 240.702 
0.184785 39.8107 240.702 
0.184785 46.4159 240.702 
0.184785 54.117 240.702 
0.184785 63.0957 240.702 
0.184785 73.5642 240.702 
0.184785 85.7696 240.702 
0.184785 100 240.702 
0.215443 0.01 25.6387 
0.215443 0.0116591 25.6328 
0.215443 0.0135936 25.6248 
0.215443 0.0158489 25.6139 
0.215443 0.0184785 25.5991 
0.215443 0.0215443 25.579 
0.215443 0.0251189 25.5518 
0.215443 0.0292864 25.5147 
0.215443 0.0341455 25.4645 
0.215443 0.0398107 25.3964 
0.215443 0.0464159 25.3041 
0.215443 0.054117 25.1791 
0.215443 0.0630957 25.0103 
0.215443 0.0735642 24.7828 
0.215443 0.0857696 24.4769 
0.215443 0.1 24.0675 
0.215443 0.116591 23.5228 
0.215443 0.135936 22.804 
0.215443 0.158489 21.8662 
0.215443 0.184785 20.6632 
0.215443 0.215443 19.1575 
0.215443 0.251189 17.3429 
0.215443 0.292864 15.2856 
0.215443 0.341455 13.1953 
0.215443 0.398107 11.531 
0.215443 0.464159 11.1295 
0.215443 0.54117 13.2873 
0.215443 0.630957 19.6452 
0.215443 0.735642 31.666 
0.215443 0.857696 49.6915 
0.215443 1 72.1687 
0.215443 1.16591 96.1273 
0.215443 1.35936 118.935 
0.215443 1.58489 139.52 
0.215443 1.84785 157.999 
0.215443 2.15443 174.716 
0.215443 2.51189 189.73 
0.215443 2.92864 202.824 
0.215443 3.41455 213.782 
0.215443 3.98107 222.608 
0.215443 4.64159 229.546 
0.215443 5.4117 234.943 
0.215443 6.30957 239.083 
0.215443 7.35642 242.137 
0.215443 8.57696 244.215 
0.215443 10 245.465 
0.215443 11.6591 246.105 
0.215443 13.5936 246.38 
0.215443 15.8489 246.48 
0.215443 18.4785 246.511 
0.215443 21.5443 246.519 
0.215443 25.1189 246.521 
0.215443 29.2864 246.521 
0.215443 34.1455 246.521 
0.215443 39.8107 246.521 
0.215443 46.4159 246.521 
0.215443 54.117 246.521 
0.215443 63.0957 246.521 
0.215443 73.5642 246.521 
0.215443 85.7696 246.521 
0.215443 100 246.521 
0.251189 0.01 25.6359 
0.251189 0.0116591 25.6291 
0.251189 0.0135936 25.6197 
0.251189 0.0158489 25.6071 
0.251189 0.0184785 25.5898 
0.251189 0.0215443 25.5664 
0.251189 0.0251189 25.5347 
0.251189 0.0292864 25.4915 
0.251189 0.0341455 25.433 
0.251189 0.0398107 25.3537 
0.251189 0.0464159 25.2463 
0.251189 0.054117 25.101 
0.251189 0.0630957 24.905 
0.251189 0.0735642 24.641 
0.251189 0.0857696 24.2869 
0.251189 0.1 23.8143 
0.251189 0.116591 23.1876 
0.251189 0.135936 22.365 
0.251189 0.158489 21.2999 
0.251189 0.184785 19.9485 
0.251189 0.215443 18.2852 
0.251189 0.251189 16.3329 
0.251189 0.292864 14.2188 
0.251189 0.341455 12.2627 
0.251189 0.398107 11.0986 
0.251189 0.464159 11.7953 
0.251189 0.54117 15.8663 
0.251189 0.630957 24.9726 
0.251189 0.735642 40.1584 
0.251189 0.857696 60.8564 
0.251189 1 84.6157 
0.251189 1.16591 108.372 
0.251189 1.35936 130.23 
0.251189 1.58489 149.851 
0.251189 1.84785 167.587 
0.251189 2.15443 183.67 
0.251189 2.51189 197.986 
0.251189 2.92864 210.266 
0.251189 3.41455 220.388 
0.251189 3.98107 228.508 
0.251189 4.64159 234.978 
0.251189 5.4117 240.156 
0.251189 6.30957 244.269 
0.251189 7.35642 247.4 
0.251189 8.57696 249.594 
0.251189 10 250.953 
0.251189 11.6591 251.676 
0.251189 13.5936 252.002 
0.251189 15.8489 252.127 
0.251189 18.4785 252.168 
0.251189 21.5443 252.179 
0.251189 25.1189 252.182 
0.251189 29.2864 252.182 
0.251189 34.1455 252.182 
0.251189 39.8107 252.182 
0.251189 46.4159 252.182 
0.251189 54.117 252.182 
0.251189 63.0957 252.182 
0.251189 73.5642 252.182 
0.251189 85.7696 252.182 
0.251189 100 252.182 
0.292864 0.01 25.6328 
0.292864 0.0116591 25.6248 
0.292864 0.0135936 25.6139 
0.292864 0.0158489 25.5991 
0.292864 0.0184785 25.579 
0.292864 0.0215443 25.5518 
0.292864 0.0251189 25.5147 
0.292864 0.0292864 25.4645 
0.292864 0.0341455 25.3964 
0.292864 0.0398107 25.304 
0.292864 0.0464159 25.1791 
0.292864 0.054117 25.0103 
0.292864 0.0630957 24.7827 
0.292864 0.0735642 24.4768 
0.292864 0.0857696 24.0674 
0.292864 0.1 23.5225 
0.292864 0.116591 22.8034 
0.292864 0.135936 21.8653 
0.292864 0.158489 20.6616 
0.292864 0.184785 19.1548 
0.292864 0.215443 17.3384 
0.292864 0.251189 15.2788 
0.292864 0.292864 13.1861 
0.292864 0.341455 11.5217 
0.292864 0.398107 11.1282 
0.292864 0.464159 13.3149 
0.292864 0.54117 19.7439 
0.292864 0.630957 31.9032 
0.292864 0.735642 50.1442 
0.292864 0.857696 72.8866 
0.292864 1 97.1071 
0.292864 1.16591 120.15 
0.292864 1.35936 140.972 
0.292864 1.58489 159.731 
0.292864 1.84785 176.795 
0.292864 2.15443 192.21 
0.292864 2.51189 205.736 
0.292864 2.92864 217.139 
0.292864 3.41455 226.442 
0.292864 3.98107 233.95 
0.292864 4.64159 240.079 
0.292864 5.4117 245.154 
0.292864 6.30957 249.309 
0.292864 7.35642 252.545 
0.292864 8.57696 254.851 
0.292864 10 256.307 
0.292864 11.6591 257.1 
0.292864 13.5936 257.469 
0.292864 15.8489 257.615 
0.292864 18.4785 257.665 
0.292864 21.5443 257.678 
0.292864 25.1189 257.681 
0.292864 29.2864 257.682 
0.292864 34.1455 257.682 
0.292864 39.8107 257.682 
0.292864 46.4159 257.682 
0.292864 54.117 257.682 
0.292864 63.0957 257.682 
0.292864 73.5642 257.682 
0.292864 85.7696 257.682 
0.292864 100 257.682 
0.341455 0.01 25.6291 
0.341455 0.0116591 25.6197 
0.341455 0.0135936 25.6071 
0.341455 0.0158489 25.5898 
0.341455 0.0184785 25.5664 
0.341455 0.0215443 25.5347 
0.341455 0.0251189 25.4915 
0.341455 0.0292864 25.433 
0.341455 0.0341455 25.3537 
0.341455 0.0398107 25.2463 
0.341455 0.0464159 25.101 
0.341455 0.054117 24.9049 
0.341455 0.0630957 24.641 
0.341455 0.0735642 24.2868 
0.341455 0.0857696 23.8141 
0.341455 0.1 23.1873 
0.341455 0.116591 22.3644 
0.341455 0.135936 21.2988 
0.341455 0.158489 19.9467 
0.341455 0.184785 18.2821 
0.341455 0.215443 16.3281 
0.341455 0.251189 14.2119 
0.341455 0.292864 12.2543 
0.341455 0.341455 11.0926 
0.341455 0.398107 11.8034 
0.341455 0.464159 15.9147 
0.341455 0.54117 25.1089 
0.341455 0.630957 40.4479 
0.341455 0.735642 61.3578 
0.341455 0.857696 85.3483 
0.341455 1 109.317 
0.341455 1.16591 131.37 
0.341455 1.35936 151.209 
0.341455 1.58489 169.213 
0.341455 1.84785 185.619 
0.341455 2.15443 200.291 
0.341455 2.51189 212.941 
0.341455 2.92864 223.444 
0.341455 3.41455 231.999 
0.341455 3.98107 239.026 
0.341455 4.64159 244.95 
0.341455 5.4117 250.013 
0.341455 6.30957 254.251 
0.341455 7.35642 257.59 
0.341455 8.57696 259.987 
0.341455 10 261.515 
0.341455 11.6591 262.359 
0.341455 13.5936 262.759 
0.341455 15.8489 262.921 
0.341455 18.4785 262.977 
0.341455 21.5443 262.992 
0.341455 25.1189 262.995 
0.341455 29.2864 262.996 
0.341455 34.1455 262.996 
0.341455 39.8107 262.996 
0.341455 46.4159 262.996 
0.341455 54.117 262.996 
0.341455 63.0957 262.996 
0.341455 73.5642 262.996 
0.341455 85.7696 262.996 
0.341455 100 262.996 
0.398107 0.01 25.6248 
0.398107 0.0116591 25.6139 
0.398107 0.0135936 25.5991 
0.398107 0.0158489 25.579 
0.398107 0.0184785 25.5518 
0.398107 0.0215443 25.5147 
0.398107 0.0251189 25.4645 
0.398107 0.0292864 25.3964 
0.398107 0.0341455 25.304 
0.398107 0.0398107 25.1791 
0.398107 0.0464159 25.0103 
0.398107 0.054117 24.7827 
0.398107 0.0630957 24.4768 
0.398107 0.0735642 24.0673 
0.398107 0.0857696 23.5223 
0.398107 0.1 22.803 
0.398107 0.116591 21.8646 
0.398107 0.135936 20.6604 
0.398107 0.158489 19.1527 
0.398107 0.184785 17.3351 
0.398107 0.215443 15.2738 
0.398107 0.251189 13.1794 
0.398107 0.292864 11.5149 
0.398107 0.341455 11.1272 
0.398107 0.398107 13.3353 
0.398107 0.464159 19.8171 
0.398107 0.54117 32.0791 
0.398107 0.630957 50.4798 
0.398107 0.735642 73.4177 
0.398107 0.857696 97.8302 
0.398107 1 121.044 
0.398107 1.16591 142.039 
0.398107 1.35936 161.004 
0.398107 1.58489 178.322 
0.398107 1.84785 194.03 
0.398107 2.15443 207.865 
0.398107 2.51189 219.58 
0.398107 2.92864 229.219 
0.398107 3.41455 237.143 
0.398107 3.98107 243.837 
0.398107 4.64159 249.675 
0.398107 5.4117 254.788 
0.398107 6.30957 259.113 
0.398107 7.35642 262.527 
0.398107 8.57696 264.979 
0.398107 10 266.545 
0.398107 11.6591 267.418 
0.398107 13.5936 267.836 
0.398107 15.8489 268.008 
0.398107 18.4785 268.067 
0.398107 21.5443 268.084 
0.398107 25.1189 268.087 
0.398107 29.2864 268.088 
0.398107 34.1455 268.088 
0.398107 39.8107 268.088 
0.398107 46.4159 268.088 
0.398107 54.117 268.088 
0.398107 63.0957 268.088 
0.398107 73.5642 268.088 
0.398107 85.7696 268.088 
0.398107 100 268.088 
0.464159 0.01 25.6197 
0.464159 0.0116591 25.6071 
0.464159 0.0135936 25.5898 
0.464159 0.0158489 25.5664 
0.464159 0.0184785 25.5347 
0.464159 0.0215443 25.4915 
0.464159 0.0251189 25.433 
0.464159 0.0292864 25.3537 
0.464159 0.0341455 25.2463 
0.464159 0.0398107 25.101 
0.464159 0.0464159 24.9049 
0.464159 0.054117 24.6409 
0.464159 0.0630957 24.2867 
0.464159 0.0735642 23.8139 
0.464159 0.0857696 23.1871 
0.464159 0.1 22.364 
0.464159 0.116591 21.2981 
0.464159 0.135936 19.9454 
0.464159 0.158489 18.2799 
0.464159 0.184785 16.3246 
0.464159 0.215443 14.2068 
0.464159 0.251189 12.2481 
0.464159 0.292864 11.0883 
0.464159 0.341455 11.8095 
0.464159 0.398107 15.9506 
0.464159 0.464159 25.21 
0.464159 0.54117 40.6623 
0.464159 0.630957 61.7287 
0.464159 0.735642 85.8892 
0.464159 0.857696 110.013 
0.464159 1 132.209 
0.464159 1.16591 152.207 
0.464159 1.35936 170.408 
0.464159 1.58489 187.05 
0.464159 1.84785 201.98 
0.464159 2.15443 214.892 
0.464159 2.51189 225.664 
0.464159 2.92864 234.529 
0.464159 3.41455 241.971 
0.464159 3.98107 248.477 
0.464159 4.64159 254.317 
0.464159 5.4117 259.501 
0.464159 6.30957 263.886 
0.464159 7.35642 267.328 
0.464159 8.57696 269.787 
0.464159 10 271.357 
0.464159 11.6591 272.235 
0.464159 13.5936 272.659 
0.464159 15.8489 272.835 
0.464159 18.4785 272.896 
0.464159 21.5443 272.913 
0.464159 25.1189 272.917 
0.464159 29.2864 272.917 
0.464159 34.1455 272.917 
0.464159 39.8107 272.917 
0.464159 46.4159 272.917 
0.464159 54.117 272.917 
0.464159 63.0957 272.917 
0.464159 73.5642 272.917 
0.464159 85.7696 272.917 
0.464159 100 272.917 
0.54117 0.01 25.6139 
0.54117 0.0116591 25.5991 
0.54117 0.0135936 25.579 
0.54117 0.0158489 25.5518 
0.54117 0.0184785 25.5147 
0.54117 0.0215443 25.4645 
0.54117 0.0251189 25.3964 
0.54117 0.0292864 25.304 
0.54117 0.0341455 25.1791 
0.54117 0.0398107 25.0103 
0.54117 0.0464159 24.7827 
0.54117 0.054117 24.4767 
0.54117 0.0630957 24.0672 
0.54117 0.0735642 23.5222 
0.54117 0.0857696 22.8028 
0.54117 0.1 21.8641 
0.54117 0.116591 20.6595 
0.54117 0.135936 19.1512 
0.54117 0.158489 17.3327 
0.54117 0.184785 15.2701 
0.54117 0.215443 13.1744 
0.54117 0.251189 11.5098 
0.54117 0.292864 11.1266 
0.54117 0.341455 13.3505 
0.54117 0.398107 19.8713 
0.54117 0.464159 32.2093 
0.54117 0.54117 50.728 
0.54117 0.630957 73.8101 
0.54117 0.735642 98.3633 
0.54117 0.857696 121.702 
0.54117 1 142.823 
0.54117 1.16591 161.94 
0.54117 1.35936 179.443 
0.54117 1.58489 195.365 
0.54117 1.84785 209.422 
0.54117 2.15443 221.359 
0.54117 2.51189 231.236 
0.54117 2.92864 239.461 
0.54117 3.41455 246.583 
0.54117 3.98107 253.02 
0.54117 4.64159 258.908 
0.54117 5.4117 264.144 
0.54117 6.30957 268.537 
0.54117 7.35642 271.951 
0.54117 8.57696 274.371 
0.54117 10 275.91 
0.54117 11.6591 276.772 
0.54117 13.5936 277.191 
0.54117 15.8489 277.365 
0.54117 18.4785 277.426 
0.54117 21.5443 277.443 
0.54117 25.1189 277.447 
0.54117 29.2864 277.447 
0.54117 34.1455 277.447 
0.54117 39.8107 277.447 
0.54117 46.4159 277.447 
0.54117 54.117 277.447 
0.54117 63.0957 277.447 
0.54117 73.5642 277.447 
0.54117 85.7696 277.447 
0.54117 100 277.447 
0.630957 0.01 25.6071 
0.630957 0.0116591 25.5898 
0.630957 0.0135936 25.5664 
0.630957 0.0158489 25.5347 
0.630957 0.0184785 25.4915 
0.630957 0.0215443 25.433 
0.630957 0.0251189 25.3537 
0.630957 0.0292864 25.2463 
0.630957 0.0341455 25.101 
0.630957 0.0398107 24.9049 
0.630957 0.0464159 24.6409 
0.630957 0.054117 24.2867 
0.630957 0.0630957 23.8138 
0.630957 0.0735642 23.1869 
0.630957 0.0857696 22.3636 
0.630957 0.1 21.2975 
0.630957 0.116591 19.9444 
0.630957 0.135936 18.2782 
0.630957 0.158489 16.322 
0.630957 0.184785 14.2031 
0.630957 0.215443 12.2436 
0.630957 0.251189 11.0851 
0.630957 0.292864 11.8139 
0.630957 0.341455 15.9772 
0.630957 0.398107 25.2847 
0.630957 0.464159 40.8208 
0.630957 0.54117 62.0027 
0.630957 0.630957 86.2883 
0.630957 0.735642 110.525 
0.630957 0.857696 132.826 
0.630957 1 152.941 
0.630957 1.16591 171.287 
0.630957 1.35936 188.101 
0.630957 1.58489 203.219 
0.630957 1.84785 216.318 
0.630957 2.15443 227.28 
0.630957 2.51189 236.366 
0.630957 2.92864 244.116 
0.630957 3.41455 251.066 
0.630957 3.98107 257.513 
0.630957 4.64159 263.45 
0.630957 5.4117 268.688 
0.630957 6.30957 273.025 
0.630957 7.35642 276.351 
0.630957 8.57696 278.689 
0.630957 10 280.169 
0.630957 11.6591 280.998 
0.630957 13.5936 281.401 
0.630957 15.8489 281.57 
0.630957 18.4785 281.629 
0.630957 21.5443 281.646 
0.630957 25.1189 281.65 
0.630957 29.2864 281.65 
0.630957 34.1455 281.65 
0.630957 39.8107 281.65 
0.630957 46.4159 281.65 
0.630957 54.117 281.65 
0.630957 63.0957 281.65 
0.630957 73.5642 281.65 
0.630957 85.7696 281.65 
0.630957 100 281.65 
0.735642 0.01 25.5991 
0.735642 0.0116591 25.579 
0.735642 0.0135936 25.5518 
0.735642 0.0158489 25.5147 
0.735642 0.0184785 25.4645 
0.735642 0.0215443 25.3964 
0.735642 0.0251189 25.304 
0.735642 0.0292864 25.1791 
0.735642 0.0341455 25.0103 
0.735642 0.0398107 24.7826 
0.735642 0.0464159 24.4767 
0.735642 0.054117 24.0671 
0.735642 0.0630957 23.522 
0.735642 0.0735642 22.8025 
0.735642 0.0857696 21.8637 
0.735642 0.1 20.6588 
0.735642 0.116591 19.1501 
0.735642 0.135936 17.3309 
0.735642 0.158489 15.2674 
0.735642 0.184785 13.1707 
0.735642 0.215443 11.5061 
0.735642 0.251189 11.1261 
0.735642 0.292864 13.3617 
0.735642 0.341455 19.9114 
0.735642 0.398107 32.3055 
0.735642 0.464159 50.9114 
0.735642 0.54117 74.0996 
0.735642 0.630957 98.756 
0.735642 0.735642 122.186 
0.735642 0.857696 143.4 
0.735642 1 162.628 
0.735642 1.16591 180.268 
0.735642 1.35936 196.345 
0.735642 1.58489 210.562 
0.735642 1.84785 222.657 
0.735642 2.15443 232.703 
0.735642 2.51189 241.148 
0.735642 2.92864 248.59 
0.735642 3.41455 255.485 
0.735642 3.98107 261.972 
0.735642 4.64159 267.919 
0.735642 5.4117 273.091 
0.735642 6.30957 277.303 
0.735642 7.35642 280.49 
0.735642 8.57696 282.709 
0.735642 10 284.108 
0.735642 11.6591 284.891 
0.735642 13.5936 285.273 
0.735642 15.8489 285.433 
0.735642 18.4785 285.489 
0.735642 21.5443 285.505 
0.735642 25.1189 285.508 
0.735642 29.2864 285.509 
0.735642 34.1455 285.509 
0.735642 39.8107 285.509 
0.735642 46.4159 285.509 
0.735642 54.117 285.509 
0.735642 63.0957 285.509 
0.735642 73.5642 285.509 
0.735642 85.7696 285.509 
0.735642 100 285.509 
0.857696 0.01 25.5898 
0.857696 0.0116591 25.5664 
0.857696 0.0135936 25.5347 
0.857696 0.0158489 25.4915 
0.857696 0.0184785 25.433 
0.857696 0.0215443 25.3537 
0.857696 0.0251189 25.2463 
0.857696 0.0292864 25.101 
0.857696 0.0341455 24.9049 
0.857696 0.0398107 24.6409 
0.857696 0.0464159 24.2866 
0.857696 0.054117 23.8138 
0.857696 0.0630957 23.1867 
0.857696 0.0735642 22.3634 
0.857696 0.0857696 21.2971 
0.857696 0.1 19.9436 
0.857696 0.116591 18.277 
0.857696 0.135936 16.3201 
0.857696 0.158489 14.2003 
0.857696 0.184785 12.2402 
0.857696 0.215443 11.0827 
0.857696 0.251189 11.8173 
0.857696 0.292864 15.9968 
0.857696 0.341455 25.3398 
0.857696 0.398107 40.9378 
0.857696 0.464159 62.2049 
0.857696 0.54117 86.5824 
0.857696 0.630957 110.902 
0.857696 0.735642 133.28 
0.857696 0.857696 153.48 
0.857696 1 171.932 
0.857696 1.16591 188.873 
0.857696 1.35936 204.127 
0.857696 1.58489 217.361 
0.857696 1.84785 228.458 
0.857696 2.15443 237.704 
0.857696 2.51189 245.68 
0.857696 2.92864 252.965 
0.857696 3.41455 259.874 
0.857696 3.98107 266.385 
0.857696 4.64159 272.276 
0.857696 5.4117 277.305 
0.857696 6.30957 281.331 
0.857696 7.35642 284.338 
0.857696 8.57696 286.413 
0.857696 10 287.714 
0.857696 11.6591 288.442 
0.857696 13.5936 288.797 
0.857696 15.8489 288.946 
0.857696 18.4785 288.999 
0.857696 21.5443 289.014 
0.857696 25.1189 289.017 
0.857696 29.2864 289.018 
0.857696 34.1455 289.018 
0.857696 39.8107 289.018 
0.857696 46.4159 289.018 
0.857696 54.117 289.018 
0.857696 63.0957 289.018 
0.857696 73.5642 289.018 
0.857696 85.7696 289.018 
0.857696 100 289.018 
