-4 -2 29.2155 
-4 -1.92 29.2155 
-4 -1.84 29.2155 
-4 -1.76 29.2155 
-4 -1.68 29.2155 
-4 -1.6 29.2154 
-4 -1.52 29.2154 
-4 -1.44 29.2154 
-4 -1.36 29.2153 
-4 -1.28 29.2153 
-4 -1.2 29.2152 
-4 -1.12 29.215 
-4 -1.04 29.2148 
-4 -0.96 29.2145 
-4 -0.88 29.2141 
-4 -0.8 29.2135 
-4 -0.72 29.2126 
-4 -0.64 29.2113 
-4 -0.56 29.2095 
-4 -0.48 29.2068 
-4 -0.4 29.203 
-4 -0.32 29.1975 
-4 -0.24 29.1896 
-4 -0.16 29.1782 
-4 -0.08 29.1621 
-4 6.93889e-16 29.1393 
-4 0.08 29.1073 
-4 0.16 29.0631 
-4 0.24 29.0032 
-4 0.32 28.924 
-4 0.4 28.8231 
-4 0.48 28.701 
-4 0.56 28.5628 
-4 0.64 28.4194 
-4 0.72 28.2866 
-4 0.8 28.1797 
-4 0.88 28.1077 
-4 0.96 28.069 
-4 1.04 28.0533 
-4 1.12 28.0488 
-4 1.2 28.0479 
-4 1.28 28.0478 
-4 1.36 28.0477 
-4 1.44 28.0477 
-4 1.52 28.0477 
-4 1.6 28.0477 
-4 1.68 28.0477 
-4 1.76 28.0477 
-4 1.84 28.0477 
-4 1.92 28.0477 
-3.92 -2 29.2155 
-3.92 -1.92 29.2155 
-3.92 -1.84 29.2155 
-3.92 -1.76 29.2155 
-3.92 -1.68 29.2155 
-3.92 -1.6 29.2154 
-3.92 -1.52 29.2154 
-3.92 -1.44 29.2154 
-3.92 -1.36 29.2153 
-3.92 -1.28 29.2152 
-3.92 -1.2 29.2151 
-3.92 -1.12 29.2149 
-3.92 -1.04 29.2147 
-3.92 -0.96 29.2143 
-3.92 -0.88 29.2138 
-3.92 -0.8 29.2131 
-3.92 -0.72 29.212 
-3.92 -0.64 29.2105 
-3.92 -0.56 29.2083 
-3.92 -0.48 29.2051 
-3.92 -0.4 29.2005 
-3.92 -0.32 29.1938 
-3.92 -0.24 29.1843 
-3.92 -0.16 29.1707 
-3.92 -0.08 29.1513 
-3.92 6.93889e-16 29.1239 
-3.92 0.08 29.0855 
-3.92 0.16 29.0324 
-3.92 0.24 28.9604 
-3.92 0.32 28.8654 
-3.92 0.4 28.7445 
-3.92 0.48 28.5982 
-3.92 0.56 28.4328 
-3.92 0.64 28.2615 
-3.92 0.72 28.103 
-3.92 0.8 27.9756 
-3.92 0.88 27.8899 
-3.92 0.96 27.8438 
-3.92 1.04 27.8251 
-3.92 1.12 27.8197 
-3.92 1.2 27.8186 
-3.92 1.28 27.8184 
-3.92 1.36 27.8184 
-3.92 1.44 27.8184 
-3.92 1.52 27.8184 
-3.92 1.6 27.8184 
-3.92 1.68 27.8184 
-3.92 1.76 27.8184 
-3.92 1.84 27.8184 
-3.92 1.92 27.8184 
-3.84 -2 29.2155 
-3.84 -1.92 29.2155 
-3.84 -1.84 29.2155 
-3.84 -1.76 29.2155 
-3.84 -1.68 29.2154 
-3.84 -1.6 29.2154 
-3.84 -1.52 29.2154 
-3.84 -1.44 29.2153 
-3.84 -1.36 29.2153 
-3.84 -1.28 29.2152 
-3.84 -1.2 29.215 
-3.84 -1.12 29.2148 
-3.84 -1.04 29.2145 
-3.84 -0.96 29.2141 
-3.84 -0.88 29.2135 
-3.84 -0.8 29.2126 
-3.84 -0.72 29.2113 
-3.84 -0.64 29.2095 
-3.84 -0.56 29.2068 
-3.84 -0.48 29.203 
-3.84 -0.4 29.1974 
-3.84 -0.32 29.1894 
-3.84 -0.24 29.178 
-3.84 -0.16 29.1616 
-3.84 -0.08 29.1384 
-3.84 6.93889e-16 29.1054 
-3.84 0.08 29.0593 
-3.84 0.16 28.9956 
-3.84 0.24 28.9092 
-3.84 0.32 28.7952 
-3.84 0.4 28.6503 
-3.84 0.48 28.4752 
-3.84 0.56 28.2774 
-3.84 0.64 28.073 
-3.84 0.72 27.8841 
-3.84 0.8 27.7325 
-3.84 0.88 27.6306 
-3.84 0.96 27.5758 
-3.84 1.04 27.5536 
-3.84 1.12 27.5472 
-3.84 1.2 27.5459 
-3.84 1.28 27.5457 
-3.84 1.36 27.5457 
-3.84 1.44 27.5457 
-3.84 1.52 27.5457 
-3.84 1.6 27.5457 
-3.84 1.68 27.5457 
-3.84 1.76 27.5457 
-3.84 1.84 27.5457 
-3.84 1.92 27.5457 
-3.76 -2 29.2155 
-3.76 -1.92 29.2155 
-3.76 -1.84 29.2155 
-3.76 -1.76 29.2155 
-3.76 -1.68 29.2154 
-3.76 -1.6 29.2154 
-3.76 -1.52 29.2154 
-3.76 -1.44 29.2153 
-3.76 -1.36 29.2152 
-3.76 -1.28 29.2151 
-3.76 -1.2 29.2149 
-3.76 -1.12 29.2147 
-3.76 -1.04 29.2143 
-3.76 -0.96 29.2138 
-3.76 -0.88 29.2131 
-3.76 -0.8 29.212 
-3.76 -0.72 29.2105 
-3.76 -0.64 29.2083 
-3.76 -0.56 29.2051 
-3.76 -0.48 29.2004 
-3.76 -0.4 29.1938 
-3.76 -0.32 29.1842 
-3.76 -0.24 29.1704 
-3.76 -0.16 29.1508 
-3.76 -0.08 29.1228 
-3.76 6.93889e-16 29.0832 
-3.76 0.08 29.0278 
-3.76 0.16 28.9513 
-3.76 0.24 28.8476 
-3.76 0.32 28.7109 
-3.76 0.4 28.5374 
-3.76 0.48 28.328 
-3.76 0.56 28.0919 
-3.76 0.64 27.8483 
-3.76 0.72 27.6237 
-3.76 0.8 27.4437 
-3.76 0.88 27.3229 
-3.76 0.96 27.258 
-3.76 1.04 27.2316 
-3.76 1.12 27.224 
-3.76 1.2 27.2225 
-3.76 1.28 27.2222 
-3.76 1.36 27.2222 
-3.76 1.44 27.2222 
-3.76 1.52 27.2222 
-3.76 1.6 27.2222 
-3.76 1.68 27.2222 
-3.76 1.76 27.2222 
-3.76 1.84 27.2222 
-3.76 1.92 27.2222 
-3.68 -2 29.2155 
-3.68 -1.92 29.2155 
-3.68 -1.84 29.2155 
-3.68 -1.76 29.2154 
-3.68 -1.68 29.2154 
-3.68 -1.6 29.2154 
-3.68 -1.52 29.2153 
-3.68 -1.44 29.2153 
-3.68 -1.36 29.2152 
-3.68 -1.28 29.215 
-3.68 -1.2 29.2148 
-3.68 -1.12 29.2145 
-3.68 -1.04 29.2141 
-3.68 -0.96 29.2135 
-3.68 -0.88 29.2126 
-3.68 -0.8 29.2113 
-3.68 -0.72 29.2095 
-3.68 -0.64 29.2068 
-3.68 -0.56 29.2029 
-3.68 -0.48 29.1974 
-3.68 -0.4 29.1894 
-3.68 -0.32 29.1779 
-3.68 -0.24 29.1613 
-3.68 -0.16 29.1377 
-3.68 -0.08 29.1041 
-3.68 6.93889e-16 29.0565 
-3.68 0.08 28.99 
-3.68 0.16 28.8982 
-3.68 0.24 28.7738 
-3.68 0.32 28.6101 
-3.68 0.4 28.4024 
-3.68 0.48 28.1522 
-3.68 0.56 27.8708 
-3.68 0.64 27.581 
-3.68 0.72 27.3145 
-3.68 0.8 27.1015 
-3.68 0.88 26.9586 
-3.68 0.96 26.8818 
-3.68 1.04 26.8507 
-3.68 1.12 26.8417 
-3.68 1.2 26.8399 
-3.68 1.28 26.8396 
-3.68 1.36 26.8395 
-3.68 1.44 26.8395 
-3.68 1.52 26.8395 
-3.68 1.6 26.8395 
-3.68 1.68 26.8395 
-3.68 1.76 26.8395 
-3.68 1.84 26.8395 
-3.68 1.92 26.8395 
-3.6 -2 29.2155 
-3.6 -1.92 29.2155 
-3.6 -1.84 29.2155 
-3.6 -1.76 29.2154 
-3.6 -1.68 29.2154 
-3.6 -1.6 29.2154 
-3.6 -1.52 29.2153 
-3.6 -1.44 29.2152 
-3.6 -1.36 29.2151 
-3.6 -1.28 29.2149 
-3.6 -1.2 29.2147 
-3.6 -1.12 29.2143 
-3.6 -1.04 29.2138 
-3.6 -0.96 29.2131 
-3.6 -0.88 29.212 
-3.6 -0.8 29.2105 
-3.6 -0.72 29.2083 
-3.6 -0.64 29.205 
-3.6 -0.56 29.2004 
-3.6 -0.48 29.1937 
-3.6 -0.4 29.1841 
-3.6 -0.32 29.1702 
-3.6 -0.24 29.1504 
-3.6 -0.16 29.122 
-3.6 -0.08 29.0816 
-3.6 6.93889e-16 29.0245 
-3.6 0.08 28.9446 
-3.6 0.16 28.8344 
-3.6 0.24 28.6854 
-3.6 0.32 28.4893 
-3.6 0.4 28.241 
-3.6 0.48 27.9426 
-3.6 0.56 27.6076 
-3.6 0.64 27.2638 
-3.6 0.72 26.9485 
-3.6 0.8 26.6971 
-3.6 0.88 26.5287 
-3.6 0.96 26.4383 
-3.6 1.04 26.4016 
-3.6 1.12 26.391 
-3.6 1.2 26.3889 
-3.6 1.28 26.3885 
-3.6 1.36 26.3885 
-3.6 1.44 26.3885 
-3.6 1.52 26.3885 
-3.6 1.6 26.3885 
-3.6 1.68 26.3885 
-3.6 1.76 26.3885 
-3.6 1.84 26.3885 
-3.6 1.92 26.3885 
-3.52 -2 29.2155 
-3.52 -1.92 29.2155 
-3.52 -1.84 29.2154 
-3.52 -1.76 29.2154 
-3.52 -1.68 29.2154 
-3.52 -1.6 29.2153 
-3.52 -1.52 29.2153 
-3.52 -1.44 29.2152 
-3.52 -1.36 29.215 
-3.52 -1.28 29.2148 
-3.52 -1.2 29.2145 
-3.52 -1.12 29.2141 
-3.52 -1.04 29.2135 
-3.52 -0.96 29.2126 
-3.52 -0.88 29.2113 
-3.52 -0.8 29.2095 
-3.52 -0.72 29.2068 
-3.52 -0.64 29.2029 
-3.52 -0.56 29.1974 
-3.52 -0.48 29.1893 
-3.52 -0.4 29.1777 
-3.52 -0.32 29.1611 
-3.52 -0.24 29.1372 
-3.52 -0.16 29.1031 
-3.52 -0.08 29.0546 
-3.52 6.93889e-16 28.986 
-3.52 0.08 28.8902 
-3.52 0.16 28.758 
-3.52 0.24 28.5794 
-3.52 0.32 28.3448 
-3.52 0.4 28.0484 
-3.52 0.48 27.6929 
-3.52 0.56 27.2951 
-3.52 0.64 26.8883 
-3.52 0.72 26.5165 
-3.52 0.8 26.221 
-3.52 0.88 26.0236 
-3.52 0.96 25.9176 
-3.52 1.04 25.8745 
-3.52 1.12 25.862 
-3.52 1.2 25.8595 
-3.52 1.28 25.8591 
-3.52 1.36 25.8591 
-3.52 1.44 25.859 
-3.52 1.52 25.859 
-3.52 1.6 25.859 
-3.52 1.68 25.859 
-3.52 1.76 25.859 
-3.52 1.84 25.859 
-3.52 1.92 25.859 
-3.44 -2 29.2155 
-3.44 -1.92 29.2155 
-3.44 -1.84 29.2154 
-3.44 -1.76 29.2154 
-3.44 -1.68 29.2154 
-3.44 -1.6 29.2153 
-3.44 -1.52 29.2152 
-3.44 -1.44 29.2151 
-3.44 -1.36 29.2149 
-3.44 -1.28 29.2147 
-3.44 -1.2 29.2143 
-3.44 -1.12 29.2138 
-3.44 -1.04 29.2131 
-3.44 -0.96 29.212 
-3.44 -0.88 29.2105 
-3.44 -0.8 29.2083 
-3.44 -0.72 29.205 
-3.44 -0.64 29.2004 
-3.44 -0.56 29.1937 
-3.44 -0.48 29.184 
-3.44 -0.4 29.1701 
-3.44 -0.32 29.1501 
-3.44 -0.24 29.1214 
-3.44 -0.16 29.0804 
-3.44 -0.08 29.0222 
-3.44 6.93889e-16 28.9398 
-3.44 0.08 28.8248 
-3.44 0.16 28.6664 
-3.44 0.24 28.4526 
-3.44 0.32 28.1723 
-3.44 0.4 27.8188 
-3.44 0.48 27.3961 
-3.44 0.56 26.925 
-3.44 0.64 26.4453 
-3.44 0.72 26.0088 
-3.44 0.8 25.6633 
-3.44 0.88 25.433 
-3.44 0.96 25.3094 
-3.44 1.04 25.2591 
-3.44 1.12 25.2445 
-3.44 1.2 25.2416 
-3.44 1.28 25.2411 
-3.44 1.36 25.241 
-3.44 1.44 25.241 
-3.44 1.52 25.241 
-3.44 1.6 25.241 
-3.44 1.68 25.241 
-3.44 1.76 25.241 
-3.44 1.84 25.241 
-3.44 1.92 25.241 
-3.36 -2 29.2155 
-3.36 -1.92 29.2154 
-3.36 -1.84 29.2154 
-3.36 -1.76 29.2154 
-3.36 -1.68 29.2153 
-3.36 -1.6 29.2153 
-3.36 -1.52 29.2152 
-3.36 -1.44 29.215 
-3.36 -1.36 29.2148 
-3.36 -1.28 29.2145 
-3.36 -1.2 29.2141 
-3.36 -1.12 29.2135 
-3.36 -1.04 29.2126 
-3.36 -0.96 29.2113 
-3.36 -0.88 29.2095 
-3.36 -0.8 29.2068 
-3.36 -0.72 29.2029 
-3.36 -0.64 29.1973 
-3.36 -0.56 29.1893 
-3.36 -0.48 29.1777 
-3.36 -0.4 29.161 
-3.36 -0.32 29.1369 
-3.36 -0.24 29.1025 
-3.36 -0.16 29.0532 
-3.36 -0.08 28.9832 
-3.36 6.93889e-16 28.8844 
-3.36 0.08 28.7465 
-3.36 0.16 28.5567 
-3.36 0.24 28.301 
-3.36 0.32 27.9663 
-3.36 0.4 27.5455 
-3.36 0.48 27.0443 
-3.36 0.56 26.4882 
-3.36 0.64 25.9248 
-3.36 0.72 25.4151 
-3.36 0.8 25.0136 
-3.36 0.88 24.7468 
-3.36 0.96 24.6037 
-3.36 1.04 24.5454 
-3.36 1.12 24.5285 
-3.36 1.2 24.5251 
-3.36 1.28 24.5245 
-3.36 1.36 24.5244 
-3.36 1.44 24.5244 
-3.36 1.52 24.5244 
-3.36 1.6 24.5244 
-3.36 1.68 24.5244 
-3.36 1.76 24.5244 
-3.36 1.84 24.5244 
-3.36 1.92 24.5244 
-3.28 -2 29.2155 
-3.28 -1.92 29.2154 
-3.28 -1.84 29.2154 
-3.28 -1.76 29.2154 
-3.28 -1.68 29.2153 
-3.28 -1.6 29.2152 
-3.28 -1.52 29.2151 
-3.28 -1.44 29.2149 
-3.28 -1.36 29.2147 
-3.28 -1.28 29.2143 
-3.28 -1.2 29.2138 
-3.28 -1.12 29.2131 
-3.28 -1.04 29.212 
-3.28 -0.96 29.2105 
-3.28 -0.88 29.2083 
-3.28 -0.8 29.205 
-3.28 -0.72 29.2004 
-3.28 -0.64 29.1937 
-3.28 -0.56 29.184 
-3.28 -0.48 29.17 
-3.28 -0.4 29.1499 
-3.28 -0.32 29.121 
-3.28 -0.24 29.0796 
-3.28 -0.16 29.0205 
-3.28 -0.08 28.9365 
-3.28 6.93889e-16 28.818 
-3.28 0.08 28.6526 
-3.28 0.16 28.4254 
-3.28 0.24 28.1199 
-3.28 0.32 27.721 
-3.28 0.4 27.2211 
-3.28 0.48 26.6284 
-3.28 0.56 25.9745 
-3.28 0.64 25.3165 
-3.28 0.72 24.7253 
-3.28 0.8 24.2623 
-3.28 0.88 23.9559 
-3.28 0.96 23.7917 
-3.28 1.04 23.7247 
-3.28 1.12 23.7052 
-3.28 1.2 23.7012 
-3.28 1.28 23.7006 
-3.28 1.36 23.7005 
-3.28 1.44 23.7005 
-3.28 1.52 23.7005 
-3.28 1.6 23.7005 
-3.28 1.68 23.7005 
-3.28 1.76 23.7005 
-3.28 1.84 23.7005 
-3.28 1.92 23.7005 
-3.2 -2 29.2154 
-3.2 -1.92 29.2154 
-3.2 -1.84 29.2154 
-3.2 -1.76 29.2153 
-3.2 -1.68 29.2153 
-3.2 -1.6 29.2152 
-3.2 -1.52 29.215 
-3.2 -1.44 29.2148 
-3.2 -1.36 29.2145 
-3.2 -1.28 29.2141 
-3.2 -1.2 29.2135 
-3.2 -1.12 29.2126 
-3.2 -1.04 29.2113 
-3.2 -0.96 29.2095 
-3.2 -0.88 29.2068 
-3.2 -0.8 29.2029 
-3.2 -0.72 29.1973 
-3.2 -0.64 29.1893 
-3.2 -0.56 29.1776 
-3.2 -0.48 29.1608 
-3.2 -0.4 29.1367 
-3.2 -0.32 29.102 
-3.2 -0.24 29.0522 
-3.2 -0.16 28.9812 
-3.2 -0.08 28.8804 
-3.2 6.93889e-16 28.7383 
-3.2 0.08 28.5402 
-3.2 0.16 28.2685 
-3.2 0.24 27.9038 
-3.2 0.32 27.4292 
-3.2 0.4 26.8371 
-3.2 0.48 26.1387 
-3.2 0.56 25.3736 
-3.2 0.64 24.61 
-3.2 0.72 23.93 
-3.2 0.8 23.4016 
-3.2 0.88 23.0536 
-3.2 0.96 22.8673 
-3.2 1.04 22.7911 
-3.2 1.12 22.7687 
-3.2 1.2 22.7641 
-3.2 1.28 22.7634 
-3.2 1.36 22.7633 
-3.2 1.44 22.7633 
-3.2 1.52 22.7633 
-3.2 1.6 22.7633 
-3.2 1.68 22.7633 
-3.2 1.76 22.7633 
-3.2 1.84 22.7633 
-3.2 1.92 22.7633 
-3.12 -2 29.2154 
-3.12 -1.92 29.2154 
-3.12 -1.84 29.2154 
-3.12 -1.76 29.2153 
-3.12 -1.68 29.2152 
-3.12 -1.6 29.2151 
-3.12 -1.52 29.2149 
-3.12 -1.44 29.2147 
-3.12 -1.36 29.2143 
-3.12 -1.28 29.2138 
-3.12 -1.2 29.2131 
-3.12 -1.12 29.212 
-3.12 -1.04 29.2105 
-3.12 -0.96 29.2083 
-3.12 -0.88 29.205 
-3.12 -0.8 29.2004 
-3.12 -0.72 29.1937 
-3.12 -0.64 29.184 
-3.12 -0.56 29.17 
-3.12 -0.48 29.1498 
-3.12 -0.4 29.1208 
-3.12 -0.32 29.0791 
-3.12 -0.24 29.0193 
-3.12 -0.16 28.9341 
-3.12 -0.08 28.8131 
-3.12 6.93889e-16 28.6428 
-3.12 0.08 28.4057 
-3.12 0.16 28.0811 
-3.12 0.24 27.6465 
-3.12 0.32 27.0832 
-3.12 0.4 26.3838 
-3.12 0.48 25.5645 
-3.12 0.56 24.6749 
-3.12 0.64 23.7962 
-3.12 0.72 23.0224 
-3.12 0.8 22.4272 
-3.12 0.88 22.0375 
-3.12 0.96 21.8291 
-3.12 1.04 21.7436 
-3.12 1.12 21.7183 
-3.12 1.2 21.7131 
-3.12 1.28 21.7123 
-3.12 1.36 21.7121 
-3.12 1.44 21.7121 
-3.12 1.52 21.7121 
-3.12 1.6 21.7121 
-3.12 1.68 21.7121 
-3.12 1.76 21.7121 
-3.12 1.84 21.7121 
-3.12 1.92 21.7121 
-3.04 -2 29.2154 
-3.04 -1.92 29.2154 
-3.04 -1.84 29.2153 
-3.04 -1.76 29.2153 
-3.04 -1.68 29.2152 
-3.04 -1.6 29.215 
-3.04 -1.52 29.2148 
-3.04 -1.44 29.2145 
-3.04 -1.36 29.2141 
-3.04 -1.28 29.2135 
-3.04 -1.2 29.2126 
-3.04 -1.12 29.2113 
-3.04 -1.04 29.2095 
-3.04 -0.96 29.2068 
-3.04 -0.88 29.2029 
-3.04 -0.8 29.1973 
-3.04 -0.72 29.1892 
-3.04 -0.64 29.1776 
-3.04 -0.56 29.1608 
-3.04 -0.48 29.1365 
-3.04 -0.4 29.1017 
-3.04 -0.32 29.0516 
-3.04 -0.24 28.9798 
-3.04 -0.16 28.8775 
-3.04 -0.08 28.7324 
-3.04 6.93889e-16 28.5284 
-3.04 0.08 28.2449 
-3.04 0.16 27.8575 
-3.04 0.24 27.3408 
-3.04 0.32 26.6738 
-3.04 0.4 25.851 
-3.04 0.48 24.8953 
-3.04 0.56 23.8689 
-3.04 0.64 22.8685 
-3.04 0.72 22.0002 
-3.04 0.8 21.341 
-3.04 0.88 20.9129 
-3.04 0.96 20.6842 
-3.04 1.04 20.5898 
-3.04 1.12 20.5617 
-3.04 1.2 20.5558 
-3.04 1.28 20.5549 
-3.04 1.36 20.5547 
-3.04 1.44 20.5547 
-3.04 1.52 20.5547 
-3.04 1.6 20.5547 
-3.04 1.68 20.5547 
-3.04 1.76 20.5547 
-3.04 1.84 20.5547 
-3.04 1.92 20.5547 
-2.96 -2 29.2154 
-2.96 -1.92 29.2154 
-2.96 -1.84 29.2153 
-2.96 -1.76 29.2152 
-2.96 -1.68 29.2151 
-2.96 -1.6 29.2149 
-2.96 -1.52 29.2147 
-2.96 -1.44 29.2143 
-2.96 -1.36 29.2138 
-2.96 -1.28 29.2131 
-2.96 -1.2 29.212 
-2.96 -1.12 29.2105 
-2.96 -1.04 29.2083 
-2.96 -0.96 29.205 
-2.96 -0.88 29.2004 
-2.96 -0.8 29.1936 
-2.96 -0.72 29.1839 
-2.96 -0.64 29.1699 
-2.96 -0.56 29.1497 
-2.96 -0.48 29.1206 
-2.96 -0.4 29.0787 
-2.96 -0.32 29.0185 
-2.96 -0.24 28.9324 
-2.96 -0.16 28.8097 
-2.96 -0.08 28.6358 
-2.96 6.93889e-16 28.3916 
-2.96 0.08 28.0529 
-2.96 0.16 27.5914 
-2.96 0.24 26.9783 
-2.96 0.32 26.1913 
-2.96 0.4 25.2279 
-2.96 0.48 24.1209 
-2.96 0.56 22.9483 
-2.96 0.64 21.825 
-2.96 0.72 20.8686 
-2.96 0.8 20.1551 
-2.96 0.88 19.6968 
-2.96 0.96 19.4522 
-2.96 1.04 19.3504 
-2.96 1.12 19.3198 
-2.96 1.2 19.3132 
-2.96 1.28 19.3122 
-2.96 1.36 19.312 
-2.96 1.44 19.312 
-2.96 1.52 19.312 
-2.96 1.6 19.312 
-2.96 1.68 19.312 
-2.96 1.76 19.312 
-2.96 1.84 19.312 
-2.96 1.92 19.312 
-2.88 -2 29.2154 
-2.88 -1.92 29.2153 
-2.88 -1.84 29.2153 
-2.88 -1.76 29.2152 
-2.88 -1.68 29.215 
-2.88 -1.6 29.2148 
-2.88 -1.52 29.2145 
-2.88 -1.44 29.2141 
-2.88 -1.36 29.2135 
-2.88 -1.28 29.2126 
-2.88 -1.2 29.2113 
-2.88 -1.12 29.2095 
-2.88 -1.04 29.2068 
-2.88 -0.96 29.2029 
-2.88 -0.88 29.1973 
-2.88 -0.8 29.1892 
-2.88 -0.72 29.1776 
-2.88 -0.64 29.1607 
-2.88 -0.56 29.1364 
-2.88 -0.48 29.1014 
-2.88 -0.4 29.0511 
-2.88 -0.32 28.9789 
-2.88 -0.24 28.8755 
-2.88 -0.16 28.7283 
-2.88 -0.08 28.52 
-2.88 6.93889e-16 28.228 
-2.88 0.08 27.8239 
-2.88 0.16 27.2753 
-2.88 0.24 26.5498 
-2.88 0.32 25.625 
-2.88 0.4 24.5039 
-2.88 0.48 23.2327 
-2.88 0.56 21.9102 
-2.88 0.64 20.6718 
-2.88 0.72 19.6445 
-2.88 0.8 18.8969 
-2.88 0.88 18.424 
-2.88 0.96 18.1717 
-2.88 1.04 18.0653 
-2.88 1.12 18.0326 
-2.88 1.2 18.0256 
-2.88 1.28 18.0244 
-2.88 1.36 18.0242 
-2.88 1.44 18.0241 
-2.88 1.52 18.0241 
-2.88 1.6 18.0241 
-2.88 1.68 18.0241 
-2.88 1.76 18.0241 
-2.88 1.84 18.0241 
-2.88 1.92 18.0241 
-2.8 -2 29.2154 
-2.8 -1.92 29.2153 
-2.8 -1.84 29.2152 
-2.8 -1.76 29.2151 
-2.8 -1.68 29.2149 
-2.8 -1.6 29.2147 
-2.8 -1.52 29.2143 
-2.8 -1.44 29.2138 
-2.8 -1.36 29.2131 
-2.8 -1.28 29.212 
-2.8 -1.2 29.2105 
-2.8 -1.12 29.2083 
-2.8 -1.04 29.205 
-2.8 -0.96 29.2004 
-2.8 -0.88 29.1936 
-2.8 -0.8 29.1839 
-2.8 -0.72 29.1699 
-2.8 -0.64 29.1497 
-2.8 -0.56 29.1205 
-2.8 -0.48 29.0784 
-2.8 -0.4 29.018 
-2.8 -0.32 28.9313 
-2.8 -0.24 28.8073 
-2.8 -0.16 28.6309 
-2.8 -0.08 28.3815 
-2.8 6.93889e-16 28.0327 
-2.8 0.08 27.5514 
-2.8 0.16 26.9006 
-2.8 0.24 26.0452 
-2.8 0.32 24.964 
-2.8 0.4 23.6692 
-2.8 0.48 22.2259 
-2.8 0.56 20.7592 
-2.8 0.64 19.4276 
-2.8 0.72 18.3631 
-2.8 0.8 17.6161 
-2.8 0.88 17.1544 
-2.8 0.96 16.9078 
-2.8 1.04 16.8016 
-2.8 1.12 16.768 
-2.8 1.2 16.7604 
-2.8 1.28 16.7591 
-2.8 1.36 16.7589 
-2.8 1.44 16.7589 
-2.8 1.52 16.7589 
-2.8 1.6 16.7589 
-2.8 1.68 16.7589 
-2.8 1.76 16.7589 
-2.8 1.84 16.7589 
-2.8 1.92 16.7589 
-2.72 -2 29.2153 
-2.72 -1.92 29.2153 
-2.72 -1.84 29.2152 
-2.72 -1.76 29.215 
-2.72 -1.68 29.2148 
-2.72 -1.6 29.2145 
-2.72 -1.52 29.2141 
-2.72 -1.44 29.2135 
-2.72 -1.36 29.2126 
-2.72 -1.28 29.2113 
-2.72 -1.2 29.2095 
-2.72 -1.12 29.2068 
-2.72 -1.04 29.2029 
-2.72 -0.96 29.1973 
-2.72 -0.88 29.1892 
-2.72 -0.8 29.1775 
-2.72 -0.72 29.1607 
-2.72 -0.64 29.1364 
-2.72 -0.56 29.1013 
-2.72 -0.48 29.0508 
-2.72 -0.4 28.9782 
-2.72 -0.32 28.8741 
-2.72 -0.24 28.7255 
-2.72 -0.16 28.5141 
-2.72 -0.08 28.216 
-2.72 6.93889e-16 27.7999 
-2.72 0.08 27.2278 
-2.72 0.16 26.4581 
-2.72 0.24 25.4537 
-2.72 0.32 24.1978 
-2.72 0.4 22.7167 
-2.72 0.48 21.1019 
-2.72 0.56 19.5119 
-2.72 0.64 18.1299 
-2.72 0.72 17.085 
-2.72 0.8 16.3937 
-2.72 0.88 15.9826 
-2.72 0.96 15.7622 
-2.72 1.04 15.6633 
-2.72 1.12 15.6303 
-2.72 1.2 15.6225 
-2.72 1.28 15.621 
-2.72 1.36 15.6208 
-2.72 1.44 15.6208 
-2.72 1.52 15.6208 
-2.72 1.6 15.6208 
-2.72 1.68 15.6208 
-2.72 1.76 15.6208 
-2.72 1.84 15.6208 
-2.72 1.92 15.6208 
-2.64 -2 29.2153 
-2.64 -1.92 29.2152 
-2.64 -1.84 29.2151 
-2.64 -1.76 29.2149 
-2.64 -1.68 29.2147 
-2.64 -1.6 29.2143 
-2.64 -1.52 29.2138 
-2.64 -1.44 29.2131 
-2.64 -1.36 29.212 
-2.64 -1.28 29.2105 
-2.64 -1.2 29.2083 
-2.64 -1.12 29.205 
-2.64 -1.04 29.2004 
-2.64 -0.96 29.1936 
-2.64 -0.88 29.1839 
-2.64 -0.8 29.1699 
-2.64 -0.72 29.1496 
-2.64 -0.64 29.1204 
-2.64 -0.56 29.0782 
-2.64 -0.48 29.0176 
-2.64 -0.4 28.9305 
-2.64 -0.32 28.8056 
-2.64 -0.24 28.6274 
-2.64 -0.16 28.3745 
-2.64 -0.08 28.0184 
-2.64 6.93889e-16 27.5228 
-2.64 0.08 26.8443 
-2.64 0.16 25.9372 
-2.64 0.24 24.7643 
-2.64 0.32 23.3171 
-2.64 0.4 21.6438 
-2.64 0.48 19.8722 
-2.64 0.56 18.2026 
-2.64 0.64 16.8428 
-2.64 0.72 15.9057 
-2.64 0.8 15.3518 
-2.64 0.88 15.0484 
-2.64 0.96 14.8831 
-2.64 1.04 14.8017 
-2.64 1.12 14.7714 
-2.64 1.2 14.7636 
-2.64 1.28 14.762 
-2.64 1.36 14.7618 
-2.64 1.44 14.7617 
-2.64 1.52 14.7617 
-2.64 1.6 14.7617 
-2.64 1.68 14.7617 
-2.64 1.76 14.7617 
-2.64 1.84 14.7617 
-2.64 1.92 14.7617 
-2.56 -2 29.2153 
-2.56 -1.92 29.2152 
-2.56 -1.84 29.215 
-2.56 -1.76 29.2148 
-2.56 -1.68 29.2145 
-2.56 -1.6 29.2141 
-2.56 -1.52 29.2135 
-2.56 -1.44 29.2126 
-2.56 -1.36 29.2113 
-2.56 -1.28 29.2095 
-2.56 -1.2 29.2068 
-2.56 -1.12 29.2029 
-2.56 -1.04 29.1973 
-2.56 -0.96 29.1892 
-2.56 -0.88 29.1775 
-2.56 -0.8 29.1607 
-2.56 -0.72 29.1363 
-2.56 -0.64 29.1012 
-2.56 -0.56 29.0506 
-2.56 -0.48 28.9777 
-2.56 -0.4 28.8732 
-2.56 -0.32 28.7234 
-2.56 -0.24 28.51 
-2.56 -0.16 28.2076 
-2.56 -0.08 27.7828 
-2.56 6.93889e-16 27.1938 
-2.56 0.08 26.3916 
-2.56 0.16 25.3272 
-2.56 0.24 23.9666 
-2.56 0.32 22.316 
-2.56 0.4 20.456 
-2.56 0.48 18.5641 
-2.56 0.56 16.8913 
-2.56 0.64 15.6669 
-2.56 0.72 14.9666 
-2.56 0.8 14.6645 
-2.56 0.88 14.5464 
-2.56 0.96 14.475 
-2.56 1.04 14.4244 
-2.56 1.12 14.3999 
-2.56 1.2 14.3923 
-2.56 1.28 14.3906 
-2.56 1.36 14.3903 
-2.56 1.44 14.3902 
-2.56 1.52 14.3902 
-2.56 1.6 14.3902 
-2.56 1.68 14.3902 
-2.56 1.76 14.3902 
-2.56 1.84 14.3902 
-2.56 1.92 14.3902 
-2.48 -2 29.2152 
-2.48 -1.92 29.2151 
-2.48 -1.84 29.2149 
-2.48 -1.76 29.2147 
-2.48 -1.68 29.2143 
-2.48 -1.6 29.2138 
-2.48 -1.52 29.2131 
-2.48 -1.44 29.212 
-2.48 -1.36 29.2105 
-2.48 -1.28 29.2083 
-2.48 -1.2 29.205 
-2.48 -1.12 29.2004 
-2.48 -1.04 29.1936 
-2.48 -0.96 29.1839 
-2.48 -0.88 29.1699 
-2.48 -0.8 29.1496 
-2.48 -0.72 29.1203 
-2.48 -0.64 29.0781 
-2.48 -0.56 29.0173 
-2.48 -0.48 28.9299 
-2.48 -0.4 28.8044 
-2.48 -0.32 28.625 
-2.48 -0.24 28.3696 
-2.48 -0.16 28.0083 
-2.48 -0.08 27.5025 
-2.48 6.93889e-16 26.8041 
-2.48 0.08 25.859 
-2.48 0.16 24.617 
-2.48 0.24 23.0518 
-2.48 0.32 21.1941 
-2.48 0.4 19.1716 
-2.48 0.48 17.2274 
-2.48 0.56 15.6731 
-2.48 0.64 14.7501 
-2.48 0.72 14.4651 
-2.48 0.8 14.5662 
-2.48 0.88 14.7328 
-2.48 0.96 14.804 
-2.48 1.04 14.8008 
-2.48 1.12 14.7854 
-2.48 1.2 14.7784 
-2.48 1.28 14.7765 
-2.48 1.36 14.7761 
-2.48 1.44 14.7761 
-2.48 1.52 14.7761 
-2.48 1.6 14.7761 
-2.48 1.68 14.7761 
-2.48 1.76 14.7761 
-2.48 1.84 14.7761 
-2.48 1.92 14.7761 
-2.4 -2 29.2152 
-2.4 -1.92 29.215 
-2.4 -1.84 29.2148 
-2.4 -1.76 29.2145 
-2.4 -1.68 29.2141 
-2.4 -1.6 29.2135 
-2.4 -1.52 29.2126 
-2.4 -1.44 29.2113 
-2.4 -1.36 29.2095 
-2.4 -1.28 29.2068 
-2.4 -1.2 29.2029 
-2.4 -1.12 29.1973 
-2.4 -1.04 29.1892 
-2.4 -0.96 29.1775 
-2.4 -0.88 29.1606 
-2.4 -0.8 29.1363 
-2.4 -0.72 29.1011 
-2.4 -0.64 29.0504 
-2.4 -0.56 28.9774 
-2.4 -0.48 28.8725 
-2.4 -0.4 28.7221 
-2.4 -0.32 28.5071 
-2.4 -0.24 28.2017 
-2.4 -0.16 27.7708 
-2.4 -0.08 27.1697 
-2.4 6.93889e-16 26.344 
-2.4 0.08 25.2356 
-2.4 0.16 23.7963 
-2.4 0.24 22.0149 
-2.4 0.32 19.9606 
-2.4 0.4 17.8274 
-2.4 0.48 15.9439 
-2.4 0.56 14.6895 
-2.4 0.64 14.2976 
-2.4 0.72 14.661 
-2.4 0.8 15.3532 
-2.4 0.88 15.9233 
-2.4 0.96 16.1937 
-2.4 1.04 16.2567 
-2.4 1.12 16.2541 
-2.4 1.2 16.2477 
-2.4 1.28 16.2456 
-2.4 1.36 16.2451 
-2.4 1.44 16.2451 
-2.4 1.52 16.2451 
-2.4 1.6 16.2451 
-2.4 1.68 16.2451 
-2.4 1.76 16.2451 
-2.4 1.84 16.2451 
-2.4 1.92 16.2451 
-2.32 -2 29.2151 
-2.32 -1.92 29.2149 
-2.32 -1.84 29.2147 
-2.32 -1.76 29.2143 
-2.32 -1.68 29.2138 
-2.32 -1.6 29.2131 
-2.32 -1.52 29.212 
-2.32 -1.44 29.2105 
-2.32 -1.36 29.2083 
-2.32 -1.28 29.205 
-2.32 -1.2 29.2004 
-2.32 -1.12 29.1936 
-2.32 -1.04 29.1839 
-2.32 -0.96 29.1699 
-2.32 -0.88 29.1496 
-2.32 -0.8 29.1203 
-2.32 -0.72 29.078 
-2.32 -0.64 29.0171 
-2.32 -0.56 28.9295 
-2.32 -0.48 28.8036 
-2.32 -0.4 28.6233 
-2.32 -0.32 28.3661 
-2.32 -0.24 28.0013 
-2.32 -0.16 27.4882 
-2.32 -0.08 26.7755 
-2.32 6.93889e-16 25.8031 
-2.32 0.08 24.5104 
-2.32 0.16 22.8567 
-2.32 0.24 20.8577 
-2.32 0.32 18.6393 
-2.32 0.4 16.4872 
-2.32 0.48 14.8378 
-2.32 0.56 14.1381 
-2.32 0.64 14.5781 
-2.32 0.72 15.8744 
-2.32 0.8 17.3732 
-2.32 0.88 18.476 
-2.32 0.96 19.0048 
-2.32 1.04 19.1529 
-2.32 1.12 19.1664 
-2.32 1.2 19.1608 
-2.32 1.28 19.1581 
-2.32 1.36 19.1575 
-2.32 1.44 19.1575 
-2.32 1.52 19.1574 
-2.32 1.6 19.1574 
-2.32 1.68 19.1574 
-2.32 1.76 19.1574 
-2.32 1.84 19.1574 
-2.32 1.92 19.1574 
-2.24 -2 29.215 
-2.24 -1.92 29.2148 
-2.24 -1.84 29.2145 
-2.24 -1.76 29.2141 
-2.24 -1.68 29.2135 
-2.24 -1.6 29.2126 
-2.24 -1.52 29.2113 
-2.24 -1.44 29.2095 
-2.24 -1.36 29.2068 
-2.24 -1.28 29.2029 
-2.24 -1.2 29.1973 
-2.24 -1.12 29.1892 
-2.24 -1.04 29.1775 
-2.24 -0.96 29.1606 
-2.24 -0.88 29.1362 
-2.24 -0.8 29.101 
-2.24 -0.72 29.0503 
-2.24 -0.64 28.9772 
-2.24 -0.56 28.872 
-2.24 -0.48 28.7211 
-2.24 -0.4 28.5051 
-2.24 -0.32 28.1976 
-2.24 -0.24 27.7624 
-2.24 -0.16 27.1527 
-2.24 -0.08 26.3103 
-2.24 6.93889e-16 25.1702 
-2.24 0.08 23.6731 
-2.24 0.16 21.7942 
-2.24 0.24 19.592 
-2.24 0.32 17.2751 
-2.24 0.4 15.2519 
-2.24 0.48 14.0865 
-2.24 0.56 14.2802 
-2.24 0.64 15.9199 
-2.24 0.72 18.4681 
-2.24 0.8 20.9942 
-2.24 0.88 22.7524 
-2.24 0.96 23.5928 
-2.24 1.04 23.842 
-2.24 1.12 23.8739 
-2.24 1.2 23.8685 
-2.24 1.28 23.8651 
-2.24 1.36 23.8643 
-2.24 1.44 23.8642 
-2.24 1.52 23.8642 
-2.24 1.6 23.8642 
-2.24 1.68 23.8642 
-2.24 1.76 23.8642 
-2.24 1.84 23.8642 
-2.24 1.92 23.8642 
-2.16 -2 29.2149 
-2.16 -1.92 29.2147 
-2.16 -1.84 29.2143 
-2.16 -1.76 29.2138 
-2.16 -1.68 29.2131 
-2.16 -1.6 29.212 
-2.16 -1.52 29.2105 
-2.16 -1.44 29.2083 
-2.16 -1.36 29.205 
-2.16 -1.28 29.2004 
-2.16 -1.2 29.1936 
-2.16 -1.12 29.1839 
-2.16 -1.04 29.1698 
-2.16 -0.96 29.1495 
-2.16 -0.88 29.1202 
-2.16 -0.8 29.078 
-2.16 -0.72 29.017 
-2.16 -0.64 28.9292 
-2.16 -0.56 28.8031 
-2.16 -0.48 28.6222 
-2.16 -0.4 28.3637 
-2.16 -0.32 27.9964 
-2.16 -0.24 27.4783 
-2.16 -0.16 26.7555 
-2.16 -0.08 25.7635 
-2.16 6.93889e-16 24.4343 
-2.16 0.08 22.7158 
-2.16 0.16 20.6116 
-2.16 0.24 18.246 
-2.16 0.32 15.9436 
-2.16 0.4 14.2701 
-2.16 0.48 13.9297 
-2.16 0.56 15.4387 
-2.16 0.64 18.6911 
-2.16 0.72 22.807 
-2.16 0.8 26.5503 
-2.16 0.88 29.0557 
-2.16 0.96 30.2434 
-2.16 1.04 30.603 
-2.16 1.12 30.6537 
-2.16 1.2 30.6478 
-2.16 1.28 30.6432 
-2.16 1.36 30.6421 
-2.16 1.44 30.642 
-2.16 1.52 30.642 
-2.16 1.6 30.642 
-2.16 1.68 30.642 
-2.16 1.76 30.642 
-2.16 1.84 30.642 
-2.16 1.92 30.642 
-2.08 -2 29.2148 
-2.08 -1.92 29.2145 
-2.08 -1.84 29.2141 
-2.08 -1.76 29.2135 
-2.08 -1.68 29.2126 
-2.08 -1.6 29.2113 
-2.08 -1.52 29.2095 
-2.08 -1.44 29.2068 
-2.08 -1.36 29.2029 
-2.08 -1.28 29.1973 
-2.08 -1.2 29.1892 
-2.08 -1.12 29.1775 
-2.08 -1.04 29.1606 
-2.08 -0.96 29.1362 
-2.08 -0.88 29.101 
-2.08 -0.8 29.0502 
-2.08 -0.72 28.977 
-2.08 -0.64 28.8717 
-2.08 -0.56 28.7204 
-2.08 -0.48 28.5037 
-2.08 -0.4 28.1947 
-2.08 -0.32 27.7566 
-2.08 -0.24 27.1409 
-2.08 -0.16 26.2867 
-2.08 -0.08 25.1239 
-2.08 6.93889e-16 23.5853 
-2.08 0.08 21.635 
-2.08 0.16 19.3235 
-2.08 0.24 16.8715 
-2.08 0.32 14.7609 
-2.08 0.4 13.7485 
-2.08 0.48 14.671 
-2.08 0.56 17.9803 
-2.08 0.64 23.2557 
-2.08 0.72 29.1934 
-2.08 0.8 34.2657 
-2.08 0.88 37.5533 
-2.08 0.96 39.096 
-2.08 1.04 39.5664 
-2.08 1.12 39.6342 
-2.08 1.2 39.6265 
-2.08 1.28 39.6204 
-2.08 1.36 39.6189 
-2.08 1.44 39.6187 
-2.08 1.52 39.6187 
-2.08 1.6 39.6187 
-2.08 1.68 39.6187 
-2.08 1.76 39.6187 
-2.08 1.84 39.6187 
-2.08 1.92 39.6187 
-2 -2 29.2147 
-2 -1.92 29.2143 
-2 -1.84 29.2138 
-2 -1.76 29.2131 
-2 -1.68 29.212 
-2 -1.6 29.2105 
-2 -1.52 29.2083 
-2 -1.44 29.205 
-2 -1.36 29.2004 
-2 -1.28 29.1936 
-2 -1.2 29.1839 
-2 -1.12 29.1698 
-2 -1.04 29.1495 
-2 -0.96 29.1202 
-2 -0.88 29.0779 
-2 -0.8 29.0169 
-2 -0.72 28.929 
-2 -0.64 28.8027 
-2 -0.56 28.6214 
-2 -0.48 28.3621 
-2 -0.4 27.993 
-2 -0.32 27.4713 
-2 -0.24 26.7414 
-2 -0.16 25.7357 
-2 -0.08 24.3805 
-2 6.93889e-16 22.6154 
-2 0.08 20.4347 
-2 0.16 17.9613 
-2 0.24 15.5529 
-2 0.32 13.8948 
-2 0.4 13.9586 
-2 0.48 16.6668 
-2 0.56 22.2759 
-2 0.64 29.9052 
-2 0.72 37.7863 
-2 0.8 44.1785 
-2 0.88 48.2087 
-2 0.96 50.0825 
-2 1.04 50.6545 
-2 1.12 50.7364 
-2 1.2 50.7258 
-2 1.28 50.7176 
-2 1.36 50.7156 
-2 1.44 50.7154 
-2 1.52 50.7154 
-2 1.6 50.7153 
-2 1.68 50.7153 
-2 1.76 50.7153 
-2 1.84 50.7153 
-2 1.92 50.7153 
-1.92 -2 29.2145 
-1.92 -1.92 29.2141 
-1.92 -1.84 29.2135 
-1.92 -1.76 29.2126 
-1.92 -1.68 29.2113 
-1.92 -1.6 29.2095 
-1.92 -1.52 29.2068 
-1.92 -1.44 29.2029 
-1.92 -1.36 29.1973 
-1.92 -1.28 29.1892 
-1.92 -1.2 29.1775 
-1.92 -1.12 29.1606 
-1.92 -1.04 29.1362 
-1.92 -0.96 29.101 
-1.92 -0.88 29.0502 
-1.92 -0.8 28.9769 
-1.92 -0.72 28.8715 
-1.92 -0.64 28.7199 
-1.92 -0.56 28.5028 
-1.92 -0.48 28.1927 
-1.92 -0.4 27.7525 
-1.92 -0.32 27.1326 
-1.92 -0.24 26.2701 
-1.92 -0.16 25.0914 
-1.92 -0.08 23.5232 
-1.92 6.93889e-16 21.5217 
-1.92 0.08 19.1309 
-1.92 0.16 16.5817 
-1.92 0.24 14.4181 
-1.92 0.32 13.5747 
-1.92 0.4 15.233 
-1.92 0.48 20.2951 
-1.92 0.56 28.6338 
-1.92 0.64 38.7755 
-1.92 0.72 48.5286 
-1.92 0.8 56.0929 
-1.92 0.88 60.7558 
-1.92 0.96 62.9107 
-1.92 1.04 63.5699 
-1.92 1.12 63.6628 
-1.92 1.2 63.6484 
-1.92 1.28 63.638 
-1.92 1.36 63.6354 
-1.92 1.44 63.6351 
-1.92 1.52 63.6351 
-1.92 1.6 63.6351 
-1.92 1.68 63.6351 
-1.92 1.76 63.6351 
-1.92 1.84 63.6351 
-1.92 1.92 63.6351 
-1.84 -2 29.2143 
-1.84 -1.92 29.2138 
-1.84 -1.84 29.2131 
-1.84 -1.76 29.212 
-1.84 -1.68 29.2105 
-1.84 -1.6 29.2083 
-1.84 -1.52 29.205 
-1.84 -1.44 29.2004 
-1.84 -1.36 29.1936 
-1.84 -1.28 29.1839 
-1.84 -1.2 29.1698 
-1.84 -1.12 29.1495 
-1.84 -1.04 29.1202 
-1.84 -0.96 29.0779 
-1.84 -0.88 29.0168 
-1.84 -0.8 28.9289 
-1.84 -0.72 28.8024 
-1.84 -0.64 28.6208 
-1.84 -0.56 28.3609 
-1.84 -0.48 27.9906 
-1.84 -0.4 27.4664 
-1.84 -0.32 26.7317 
-1.84 -0.24 25.7162 
-1.84 -0.16 24.3426 
-1.84 -0.08 22.5445 
-1.84 6.93889e-16 20.3089 
-1.84 0.08 17.7579 
-1.84 0.16 15.2759 
-1.84 0.24 13.6496 
-1.84 0.32 14.0947 
-1.84 0.4 17.9455 
-1.84 0.48 25.8974 
-1.84 0.56 37.2164 
-1.84 0.64 49.7751 
-1.84 0.72 61.1201 
-1.84 0.8 69.5959 
-1.84 0.88 74.739 
-1.84 0.96 77.1153 
-1.84 1.04 77.8473 
-1.84 1.12 77.9495 
-1.84 1.2 77.9311 
-1.84 1.28 77.9184 
-1.84 1.36 77.9152 
-1.84 1.44 77.9148 
-1.84 1.52 77.9148 
-1.84 1.6 77.9148 
-1.84 1.68 77.9148 
-1.84 1.76 77.9148 
-1.84 1.84 77.9148 
-1.84 1.92 77.9148 
-1.76 -2 29.2141 
-1.76 -1.92 29.2135 
-1.76 -1.84 29.2126 
-1.76 -1.76 29.2113 
-1.76 -1.68 29.2095 
-1.76 -1.6 29.2068 
-1.76 -1.52 29.2029 
-1.76 -1.44 29.1973 
-1.76 -1.36 29.1892 
-1.76 -1.28 29.1775 
-1.76 -1.2 29.1606 
-1.76 -1.12 29.1362 
-1.76 -1.04 29.101 
-1.76 -0.96 29.0501 
-1.76 -0.88 28.9768 
-1.76 -0.8 28.8713 
-1.76 -0.72 28.7196 
-1.76 -0.64 28.5021 
-1.76 -0.56 28.1913 
-1.76 -0.48 27.7497 
-1.76 -0.4 27.1269 
-1.76 -0.32 26.2586 
-1.76 -0.24 25.0686 
-1.76 -0.16 23.4796 
-1.76 -0.08 21.4417 
-1.76 6.93889e-16 18.9944 
-1.76 0.08 16.3759 
-1.76 0.16 14.1807 
-1.76 0.24 13.493 
-1.76 0.32 15.806 
-1.76 0.4 22.4674 
-1.76 0.48 33.699 
-1.76 0.56 47.9624 
-1.76 0.64 62.563 
-1.76 0.72 75.0628 
-1.76 0.8 84.1428 
-1.76 0.88 89.6128 
-1.76 0.96 92.1569 
-1.76 1.04 92.9517 
-1.76 1.12 93.0636 
-1.76 1.2 93.0418 
-1.76 1.28 93.0268 
-1.76 1.36 93.0231 
-1.76 1.44 93.0226 
-1.76 1.52 93.0226 
-1.76 1.6 93.0226 
-1.76 1.68 93.0226 
-1.76 1.76 93.0226 
-1.76 1.84 93.0226 
-1.76 1.92 93.0226 
-1.68 -2 29.2138 
-1.68 -1.92 29.2131 
-1.68 -1.84 29.212 
-1.68 -1.76 29.2105 
-1.68 -1.68 29.2083 
-1.68 -1.6 29.205 
-1.68 -1.52 29.2004 
-1.68 -1.44 29.1936 
-1.68 -1.36 29.1839 
-1.68 -1.28 29.1698 
-1.68 -1.2 29.1495 
-1.68 -1.12 29.1202 
-1.68 -1.04 29.0779 
-1.68 -0.96 29.0168 
-1.68 -0.88 28.9288 
-1.68 -0.8 28.8022 
-1.68 -0.72 28.6204 
-1.68 -0.64 28.3601 
-1.68 -0.56 27.989 
-1.68 -0.48 27.4631 
-1.68 -0.4 26.7249 
-1.68 -0.32 25.7026 
-1.68 -0.24 24.3162 
-1.68 -0.16 22.4947 
-1.68 -0.08 20.2202 
-1.68 6.93889e-16 17.6141 
-1.68 0.08 15.0812 
-1.68 0.16 13.4892 
-1.68 0.24 14.2585 
-1.68 0.32 19.0893 
-1.68 0.4 29.0977 
-1.68 0.48 43.7235 
-1.68 0.56 60.5532 
-1.68 0.64 76.6044 
-1.68 0.72 89.7747 
-1.68 0.8 99.1819 
-1.68 0.88 104.857 
-1.68 0.96 107.53 
-1.68 1.04 108.381 
-1.68 1.12 108.504 
-1.68 1.2 108.48 
-1.68 1.28 108.463 
-1.68 1.36 108.458 
-1.68 1.44 108.458 
-1.68 1.52 108.458 
-1.68 1.6 108.458 
-1.68 1.68 108.458 
-1.68 1.76 108.458 
-1.68 1.84 108.458 
-1.68 1.92 108.458 
-1.6 -2 29.2135 
-1.6 -1.92 29.2126 
-1.6 -1.84 29.2113 
-1.6 -1.76 29.2095 
-1.6 -1.68 29.2068 
-1.6 -1.6 29.2029 
-1.6 -1.52 29.1973 
-1.6 -1.44 29.1892 
-1.6 -1.36 29.1775 
-1.6 -1.28 29.1606 
-1.6 -1.2 29.1362 
-1.6 -1.12 29.101 
-1.6 -1.04 29.0501 
-1.6 -0.96 28.9768 
-1.6 -0.88 28.8712 
-1.6 -0.8 28.7194 
-1.6 -0.72 28.5016 
-1.6 -0.64 28.1904 
-1.6 -0.56 27.7477 
-1.6 -0.48 27.1229 
-1.6 -0.4 26.2505 
-1.6 -0.32 25.0527 
-1.6 -0.24 23.4491 
-1.6 -0.16 21.3856 
-1.6 -0.08 18.8982 
-1.6 6.93889e-16 16.2311 
-1.6 0.08 14.0169 
-1.6 0.16 13.4588 
-1.6 0.24 16.3087 
-1.6 0.32 24.3016 
-1.6 0.4 37.9767 
-1.6 0.48 55.7368 
-1.6 0.56 74.4573 
-1.6 0.64 91.2959 
-1.6 0.72 104.722 
-1.6 0.8 114.259 
-1.6 0.88 120.056 
-1.6 0.96 122.829 
-1.6 1.04 123.732 
-1.6 1.12 123.867 
-1.6 1.2 123.84 
-1.6 1.28 123.821 
-1.6 1.36 123.816 
-1.6 1.44 123.816 
-1.6 1.52 123.816 
-1.6 1.6 123.816 
-1.6 1.68 123.816 
-1.6 1.76 123.816 
-1.6 1.84 123.816 
-1.6 1.92 123.816 
-1.52 -2 29.2131 
-1.52 -1.92 29.212 
-1.52 -1.84 29.2105 
-1.52 -1.76 29.2083 
-1.52 -1.68 29.205 
-1.52 -1.6 29.2004 
-1.52 -1.52 29.1936 
-1.52 -1.44 29.1839 
-1.52 -1.36 29.1698 
-1.52 -1.28 29.1495 
-1.52 -1.2 29.1202 
-1.52 -1.12 29.0778 
-1.52 -1.04 29.0168 
-1.52 -0.96 28.9288 
-1.52 -0.88 28.8021 
-1.52 -0.8 28.6202 
-1.52 -0.72 28.3596 
-1.52 -0.64 27.9878 
-1.52 -0.56 27.4608 
-1.52 -0.48 26.7201 
-1.52 -0.4 25.6932 
-1.52 -0.32 24.2978 
-1.52 -0.24 22.4599 
-1.52 -0.16 20.1581 
-1.52 -0.08 17.5131 
-1.52 6.93889e-16 14.9451 
-1.52 0.08 13.3838 
-1.52 0.16 14.4106 
-1.52 0.24 20.0256 
-1.52 0.32 31.699 
-1.52 0.4 49.0075 
-1.52 0.48 69.2605 
-1.52 0.56 89.0526 
-1.52 0.64 106.106 
-1.52 0.72 119.512 
-1.52 0.8 129.061 
-1.52 0.88 134.926 
-1.52 0.96 137.772 
-1.52 1.04 138.716 
-1.52 1.12 138.86 
-1.52 1.2 138.831 
-1.52 1.28 138.81 
-1.52 1.36 138.805 
-1.52 1.44 138.804 
-1.52 1.52 138.804 
-1.52 1.6 138.804 
-1.52 1.68 138.804 
-1.52 1.76 138.804 
-1.52 1.84 138.804 
-1.52 1.92 138.804 
-1.44 -2 29.2126 
-1.44 -1.92 29.2113 
-1.44 -1.84 29.2095 
-1.44 -1.76 29.2068 
-1.44 -1.68 29.2029 
-1.44 -1.6 29.1973 
-1.44 -1.52 29.1892 
-1.44 -1.44 29.1775 
-1.44 -1.36 29.1606 
-1.44 -1.28 29.1362 
-1.44 -1.2 29.1009 
-1.44 -1.12 29.0501 
-1.44 -1.04 28.9768 
-1.44 -0.96 28.8711 
-1.44 -0.88 28.7192 
-1.44 -0.8 28.5013 
-1.44 -0.72 28.1897 
-1.44 -0.64 27.7464 
-1.44 -0.56 27.1201 
-1.44 -0.48 26.245 
-1.44 -0.4 25.0417 
-1.44 -0.32 23.4278 
-1.44 -0.24 21.3464 
-1.44 -0.16 18.8309 
-1.44 -0.08 16.1297 
-1.44 6.93889e-16 13.9039 
-1.44 0.08 13.4475 
-1.44 0.16 16.7143 
-1.44 0.24 25.7507 
-1.44 0.32 41.3482 
-1.44 0.4 61.827 
-1.44 0.48 83.6713 
-1.44 0.56 103.777 
-1.44 0.64 120.666 
-1.44 0.72 133.912 
-1.44 0.8 143.406 
-1.44 0.88 149.286 
-1.44 0.96 152.169 
-1.44 1.04 153.139 
-1.44 1.12 153.288 
-1.44 1.2 153.257 
-1.44 1.28 153.233 
-1.44 1.36 153.227 
-1.44 1.44 153.227 
-1.44 1.52 153.227 
-1.44 1.6 153.227 
-1.44 1.68 153.227 
-1.44 1.76 153.227 
-1.44 1.84 153.227 
-1.44 1.92 153.227 
-1.36 -2 29.212 
-1.36 -1.92 29.2105 
-1.36 -1.84 29.2083 
-1.36 -1.76 29.205 
-1.36 -1.68 29.2004 
-1.36 -1.6 29.1936 
-1.36 -1.52 29.1839 
-1.36 -1.44 29.1698 
-1.36 -1.36 29.1495 
-1.36 -1.28 29.1202 
-1.36 -1.2 29.0778 
-1.36 -1.12 29.0168 
-1.36 -1.04 28.9287 
-1.36 -0.96 28.802 
-1.36 -0.88 28.62 
-1.36 -0.8 28.3592 
-1.36 -0.72 27.987 
-1.36 -0.64 27.4591 
-1.36 -0.56 26.7169 
-1.36 -0.48 25.6867 
-1.36 -0.4 24.285 
-1.36 -0.32 22.4357 
-1.36 -0.24 20.1147 
-1.36 -0.16 17.4425 
-1.36 -0.08 14.8504 
-1.36 6.93889e-16 13.3138 
-1.36 0.08 14.5366 
-1.36 0.16 20.7506 
-1.36 0.24 33.7028 
-1.36 0.32 53.0588 
-1.36 0.4 75.8599 
-1.36 0.48 98.3556 
-1.36 0.56 118.239 
-1.36 0.64 134.782 
-1.36 0.72 147.808 
-1.36 0.8 157.189 
-1.36 0.88 163.02 
-1.36 0.96 165.895 
-1.36 1.04 166.87 
-1.36 1.12 167.02 
-1.36 1.2 166.985 
-1.36 1.28 166.96 
-1.36 1.36 166.954 
-1.36 1.44 166.953 
-1.36 1.52 166.953 
-1.36 1.6 166.953 
-1.36 1.68 166.953 
-1.36 1.76 166.953 
-1.36 1.84 166.953 
-1.36 1.92 166.953 
-1.28 -2 29.2113 
-1.28 -1.92 29.2095 
-1.28 -1.84 29.2068 
-1.28 -1.76 29.2029 
-1.28 -1.68 29.1973 
-1.28 -1.6 29.1892 
-1.28 -1.52 29.1775 
-1.28 -1.44 29.1606 
-1.28 -1.36 29.1362 
-1.28 -1.28 29.1009 
-1.28 -1.2 29.0501 
-1.28 -1.12 28.9767 
-1.28 -1.04 28.8711 
-1.28 -0.96 28.7191 
-1.28 -0.88 28.5011 
-1.28 -0.8 28.1893 
-1.28 -0.72 27.7454 
-1.28 -0.64 27.1182 
-1.28 -0.56 26.2411 
-1.28 -0.48 25.034 
-1.28 -0.4 23.4131 
-1.28 -0.32 21.3191 
-1.28 -0.24 18.784 
-1.28 -0.16 16.059 
-1.28 -0.08 13.8261 
-1.28 6.93889e-16 13.446 
-1.28 0.08 17.0251 
-1.28 0.16 26.847 
-1.28 0.24 43.8904 
-1.28 0.32 66.3786 
-1.28 0.4 90.455 
-1.28 0.48 112.848 
-1.28 0.56 132.234 
-1.28 0.64 148.381 
-1.28 0.72 161.144 
-1.28 0.8 170.335 
-1.28 0.88 176.039 
-1.28 0.96 178.856 
-1.28 1.04 179.818 
-1.28 1.12 179.966 
-1.28 1.2 179.93 
-1.28 1.28 179.904 
-1.28 1.36 179.897 
-1.28 1.44 179.896 
-1.28 1.52 179.896 
-1.28 1.6 179.896 
-1.28 1.68 179.896 
-1.28 1.76 179.896 
-1.28 1.84 179.896 
-1.28 1.92 179.896 
-1.2 -2 29.2105 
-1.2 -1.92 29.2083 
-1.2 -1.84 29.205 
-1.2 -1.76 29.2004 
-1.2 -1.68 29.1936 
-1.2 -1.6 29.1839 
-1.2 -1.52 29.1698 
-1.2 -1.44 29.1495 
-1.2 -1.36 29.1202 
-1.2 -1.28 29.0778 
-1.2 -1.2 29.0167 
-1.2 -1.12 28.9287 
-1.2 -1.04 28.8019 
-1.2 -0.96 28.6198 
-1.2 -0.88 28.3589 
-1.2 -0.8 27.9865 
-1.2 -0.72 27.458 
-1.2 -0.64 26.7146 
-1.2 -0.56 25.6821 
-1.2 -0.48 24.2761 
-1.2 -0.4 22.4188 
-1.2 -0.32 20.0845 
-1.2 -0.24 17.3933 
-1.2 -0.16 14.7845 
-1.2 -0.08 13.2669 
-1.2 6.93889e-16 14.6343 
-1.2 0.08 21.2918 
-1.2 0.16 35.1929 
-1.2 0.24 56.0547 
-1.2 0.32 80.6794 
-1.2 0.4 105.046 
-1.2 0.48 126.887 
-1.2 0.56 145.704 
-1.2 0.64 161.442 
-1.2 0.72 173.872 
-1.2 0.8 182.771 
-1.2 0.88 188.268 
-1.2 0.96 190.987 
-1.2 1.04 191.925 
-1.2 1.12 192.074 
-1.2 1.2 192.041 
-1.2 1.28 192.015 
-1.2 1.36 192.009 
-1.2 1.44 192.008 
-1.2 1.52 192.008 
-1.2 1.6 192.008 
-1.2 1.68 192.008 
-1.2 1.76 192.008 
-1.2 1.84 192.008 
-1.2 1.92 192.008 
-1.12 -2 29.2095 
-1.12 -1.92 29.2068 
-1.12 -1.84 29.2029 
-1.12 -1.76 29.1973 
-1.12 -1.68 29.1892 
-1.12 -1.6 29.1775 
-1.12 -1.52 29.1606 
-1.12 -1.44 29.1362 
-1.12 -1.36 29.1009 
-1.12 -1.28 29.0501 
-1.12 -1.2 28.9767 
-1.12 -1.12 28.871 
-1.12 -1.04 28.7191 
-1.12 -0.96 28.501 
-1.12 -0.88 28.189 
-1.12 -0.8 27.7448 
-1.12 -0.72 27.1169 
-1.12 -0.64 26.2384 
-1.12 -0.56 25.0287 
-1.12 -0.48 23.4028 
-1.12 -0.4 21.3002 
-1.12 -0.32 18.7513 
-1.12 -0.24 16.0098 
-1.12 -0.16 13.7723 
-1.12 -0.08 13.4483 
-1.12 6.93889e-16 17.2554 
-1.12 0.08 27.653 
-1.12 0.16 45.7531 
-1.12 0.24 69.6846 
-1.12 0.32 95.3129 
-1.12 0.4 119.263 
-1.12 0.48 140.388 
-1.12 0.56 158.651 
-1.12 0.64 173.94 
-1.12 0.72 185.927 
-1.12 0.8 194.426 
-1.12 0.88 199.653 
-1.12 0.96 202.255 
-1.12 1.04 203.175 
-1.12 1.12 203.336 
-1.12 1.2 203.311 
-1.12 1.28 203.289 
-1.12 1.36 203.283 
-1.12 1.44 203.282 
-1.12 1.52 203.282 
-1.12 1.6 203.282 
-1.12 1.68 203.282 
-1.12 1.76 203.282 
-1.12 1.84 203.282 
-1.12 1.92 203.282 
-1.04 -2 29.2083 
-1.04 -1.92 29.205 
-1.04 -1.84 29.2004 
-1.04 -1.76 29.1936 
-1.04 -1.68 29.1839 
-1.04 -1.6 29.1698 
-1.04 -1.52 29.1495 
-1.04 -1.44 29.1202 
-1.04 -1.36 29.0778 
-1.04 -1.28 29.0167 
-1.04 -1.2 28.9287 
-1.04 -1.12 28.8019 
-1.04 -1.04 28.6198 
-1.04 -0.96 28.3587 
-1.04 -0.88 27.9861 
-1.04 -0.8 27.4572 
-1.04 -0.72 26.713 
-1.04 -0.64 25.679 
-1.04 -0.56 24.2699 
-1.04 -0.48 22.4071 
-1.04 -0.4 20.0635 
-1.04 -0.32 17.3591 
-1.04 -0.24 14.7388 
-1.04 -0.16 13.2353 
-1.04 -0.08 14.7073 
-1.04 6.93889e-16 21.6862 
-1.04 0.08 36.2755 
-1.04 0.16 58.22 
-1.04 0.24 84.1244 
-1.04 0.32 109.767 
-1.04 0.4 132.943 
-1.04 0.48 153.359 
-1.04 0.56 171.074 
-1.04 0.64 185.818 
-1.04 0.72 197.235 
-1.04 0.8 205.249 
-1.04 0.88 210.181 
-1.04 0.96 212.679 
-1.04 1.04 213.602 
-1.04 1.12 213.791 
-1.04 1.2 213.784 
-1.04 1.28 213.768 
-1.04 1.36 213.763 
-1.04 1.44 213.763 
-1.04 1.52 213.763 
-1.04 1.6 213.763 
-1.04 1.68 213.763 
-1.04 1.76 213.763 
-1.04 1.84 213.763 
-1.04 1.92 213.763 
-0.96 -2 29.2068 
-0.96 -1.92 29.2029 
-0.96 -1.84 29.1973 
-0.96 -1.76 29.1892 
-0.96 -1.68 29.1775 
-0.96 -1.6 29.1606 
-0.96 -1.52 29.1362 
-0.96 -1.44 29.1009 
-0.96 -1.36 29.0501 
-0.96 -1.28 28.9767 
-0.96 -1.2 28.871 
-0.96 -1.12 28.719 
-0.96 -1.04 28.5008 
-0.96 -0.96 28.1887 
-0.96 -0.88 27.7443 
-0.96 -0.8 27.1159 
-0.96 -0.72 26.2366 
-0.96 -0.64 25.025 
-0.96 -0.56 23.3957 
-0.96 -0.48 21.287 
-0.96 -0.4 18.7286 
-0.96 -0.32 15.9756 
-0.96 -0.24 13.7353 
-0.96 -0.16 13.4515 
-0.96 -0.08 17.4224 
-0.96 6.93889e-16 28.2342 
-0.96 0.08 47.0924 
-0.96 0.16 72.0442 
-0.96 0.24 98.7401 
-0.96 0.32 123.745 
-0.96 0.4 146.068 
-0.96 0.48 165.827 
-0.96 0.56 182.939 
-0.96 0.64 197.002 
-0.96 0.72 207.736 
-0.96 0.8 215.231 
-0.96 0.88 219.891 
-0.96 0.96 222.326 
-0.96 1.04 223.288 
-0.96 1.12 223.528 
-0.96 1.2 223.549 
-0.96 1.28 223.542 
-0.96 1.36 223.54 
-0.96 1.44 223.539 
-0.96 1.52 223.539 
-0.96 1.6 223.539 
-0.96 1.68 223.539 
-0.96 1.76 223.539 
-0.96 1.84 223.539 
-0.96 1.92 223.539 
-0.88 -2 29.205 
-0.88 -1.92 29.2004 
-0.88 -1.84 29.1936 
-0.88 -1.76 29.1839 
-0.88 -1.68 29.1698 
-0.88 -1.6 29.1495 
-0.88 -1.52 29.1202 
-0.88 -1.44 29.0778 
-0.88 -1.36 29.0167 
-0.88 -1.28 28.9287 
-0.88 -1.2 28.8019 
-0.88 -1.12 28.6197 
-0.88 -1.04 28.3586 
-0.88 -0.96 27.9858 
-0.88 -0.88 27.4567 
-0.88 -0.8 26.7119 
-0.88 -0.72 25.6768 
-0.88 -0.64 24.2656 
-0.88 -0.56 22.399 
-0.88 -0.48 20.0489 
-0.88 -0.4 17.3353 
-0.88 -0.32 14.7071 
-0.88 -0.24 13.2138 
-0.88 -0.16 14.7604 
-0.88 -0.08 21.9689 
-0.88 6.93889e-16 37.0499 
-0.88 0.08 59.7623 
-0.88 0.16 86.5565 
-0.88 0.24 113.065 
-0.88 0.32 137.15 
-0.88 0.4 158.68 
-0.88 0.48 177.788 
-0.88 0.56 194.175 
-0.88 0.64 207.419 
-0.88 0.72 217.413 
-0.88 0.8 224.418 
-0.88 0.88 228.875 
-0.88 0.96 231.31 
-0.88 1.04 232.353 
-0.88 1.12 232.666 
-0.88 1.2 232.724 
-0.88 1.28 232.73 
-0.88 1.36 232.731 
-0.88 1.44 232.731 
-0.88 1.52 232.731 
-0.88 1.6 232.731 
-0.88 1.68 232.731 
-0.88 1.76 232.731 
-0.88 1.84 232.731 
-0.88 1.92 232.731 
-0.8 -2 29.2029 
-0.8 -1.92 29.1973 
-0.8 -1.84 29.1892 
-0.8 -1.76 29.1775 
-0.8 -1.68 29.1606 
-0.8 -1.6 29.1362 
-0.8 -1.52 29.1009 
-0.8 -1.44 29.0501 
-0.8 -1.36 28.9767 
-0.8 -1.28 28.871 
-0.8 -1.2 28.719 
-0.8 -1.12 28.5008 
-0.8 -1.04 28.1886 
-0.8 -0.96 27.744 
-0.8 -0.88 27.1153 
-0.8 -0.8 26.2353 
-0.8 -0.72 25.0225 
-0.8 -0.64 23.3908 
-0.8 -0.56 21.2779 
-0.8 -0.48 18.7129 
-0.8 -0.4 15.9519 
-0.8 -0.32 13.7096 
-0.8 -0.24 13.4545 
-0.8 -0.16 17.5417 
-0.8 -0.08 28.6479 
-0.8 6.93889e-16 48.0436 
-0.8 0.08 73.7102 
-0.8 0.16 101.139 
-0.8 0.24 126.859 
-0.8 0.32 150.006 
-0.8 0.4 170.809 
-0.8 0.48 189.193 
-0.8 0.56 204.702 
-0.8 0.64 217.032 
-0.8 0.72 226.304 
-0.8 0.8 232.91 
-0.8 0.88 237.263 
-0.8 0.96 239.768 
-0.8 1.04 240.93 
-0.8 1.12 241.333 
-0.8 1.2 241.435 
-0.8 1.28 241.456 
-0.8 1.36 241.459 
-0.8 1.44 241.46 
-0.8 1.52 241.46 
-0.8 1.6 241.46 
-0.8 1.68 241.46 
-0.8 1.76 241.46 
-0.8 1.84 241.46 
-0.8 1.92 241.46 
-0.72 -2 29.2004 
-0.72 -1.92 29.1936 
-0.72 -1.84 29.1839 
-0.72 -1.76 29.1698 
-0.72 -1.68 29.1495 
-0.72 -1.6 29.1202 
-0.72 -1.52 29.0778 
-0.72 -1.44 29.0167 
-0.72 -1.36 28.9286 
-0.72 -1.28 28.8019 
-0.72 -1.2 28.6197 
-0.72 -1.12 28.3585 
-0.72 -1.04 27.9857 
-0.72 -0.96 27.4563 
-0.72 -0.88 26.7112 
-0.72 -0.8 25.6753 
-0.72 -0.72 24.2626 
-0.72 -0.64 22.3934 
-0.72 -0.56 20.0388 
-0.72 -0.48 17.3189 
-0.72 -0.4 14.6852 
-0.72 -0.32 13.1991 
-0.72 -0.24 14.7985 
-0.72 -0.16 22.1693 
-0.72 -0.08 37.598 
-0.72 6.93889e-16 60.8502 
-0.72 0.08 88.2607 
-0.72 0.16 115.36 
-0.72 0.24 140.066 
-0.72 0.32 162.366 
-0.72 0.4 182.442 
-0.72 0.48 199.959 
-0.72 0.56 214.455 
-0.72 0.64 225.855 
-0.72 0.72 234.503 
-0.72 0.8 240.843 
-0.72 0.88 245.196 
-0.72 0.96 247.829 
-0.72 1.04 249.134 
-0.72 1.12 249.636 
-0.72 1.2 249.785 
-0.72 1.28 249.821 
-0.72 1.36 249.828 
-0.72 1.44 249.829 
-0.72 1.52 249.829 
-0.72 1.6 249.829 
-0.72 1.68 249.829 
-0.72 1.76 249.829 
-0.72 1.84 249.829 
-0.72 1.92 249.829 
-0.64 -2 29.1973 
-0.64 -1.92 29.1892 
-0.64 -1.84 29.1775 
-0.64 -1.76 29.1606 
-0.64 -1.68 29.1362 
-0.64 -1.6 29.1009 
-0.64 -1.52 29.0501 
-0.64 -1.44 28.9767 
-0.64 -1.36 28.871 
-0.64 -1.28 28.719 
-0.64 -1.2 28.5007 
-0.64 -1.12 28.1885 
-0.64 -1.04 27.7438 
-0.64 -0.96 27.1149 
-0.64 -0.88 26.2344 
-0.64 -0.8 25.0207 
-0.64 -0.72 23.3874 
-0.64 -0.64 21.2715 
-0.64 -0.56 18.702 
-0.64 -0.48 15.9355 
-0.64 -0.4 13.6919 
-0.64 -0.32 13.4569 
-0.64 -0.24 17.6261 
-0.64 -0.16 28.9398 
-0.64 -0.08 48.7135 
-0.64 6.93889e-16 74.8784 
-0.64 0.08 102.809 
-0.64 0.16 129.017 
-0.64 0.24 152.732 
-0.64 0.32 174.259 
-0.64 0.4 193.516 
-0.64 0.48 210.005 
-0.64 0.56 223.419 
-0.64 0.64 233.966 
-0.64 0.72 242.146 
-0.64 0.8 248.364 
-0.64 0.88 252.802 
-0.64 0.96 255.593 
-0.64 1.04 257.046 
-0.64 1.12 257.643 
-0.64 1.2 257.837 
-0.64 1.28 257.887 
-0.64 1.36 257.897 
-0.64 1.44 257.899 
-0.64 1.52 257.899 
-0.64 1.6 257.899 
-0.64 1.68 257.899 
-0.64 1.76 257.899 
-0.64 1.84 257.899 
-0.64 1.92 257.899 
-0.56 -2 29.1936 
-0.56 -1.92 29.1839 
-0.56 -1.84 29.1698 
-0.56 -1.76 29.1495 
-0.56 -1.68 29.1202 
-0.56 -1.6 29.0778 
-0.56 -1.52 29.0167 
-0.56 -1.44 28.9286 
-0.56 -1.36 28.8018 
-0.56 -1.28 28.6196 
-0.56 -1.2 28.3584 
-0.56 -1.12 27.9855 
-0.56 -1.04 27.4561 
-0.56 -0.96 26.7106 
-0.56 -0.88 25.6742 
-0.56 -0.8 24.2606 
-0.56 -0.72 22.3895 
-0.56 -0.64 20.0318 
-0.56 -0.56 17.3075 
-0.56 -0.48 14.67 
-0.56 -0.4 13.189 
-0.56 -0.32 14.8255 
-0.56 -0.24 22.3103 
-0.56 -0.16 37.9831 
-0.56 -0.08 61.6129 
-0.56 6.93889e-16 89.4495 
-0.56 0.08 116.952 
-0.56 0.16 142.083 
-0.56 0.24 164.916 
-0.56 0.32 185.66 
-0.56 0.4 203.945 
-0.56 0.48 219.28 
-0.56 0.56 231.638 
-0.56 0.64 241.488 
-0.56 0.72 249.38 
-0.56 0.8 255.599 
-0.56 0.88 260.167 
-0.56 0.96 263.113 
-0.56 1.04 264.693 
-0.56 1.12 265.371 
-0.56 1.2 265.603 
-0.56 1.28 265.665 
-0.56 1.36 265.678 
-0.56 1.44 265.68 
-0.56 1.52 265.68 
-0.56 1.6 265.68 
-0.56 1.68 265.68 
-0.56 1.76 265.68 
-0.56 1.84 265.68 
-0.56 1.92 265.68 
-0.48 -2 29.1892 
-0.48 -1.92 29.1775 
-0.48 -1.84 29.1606 
-0.48 -1.76 29.1362 
-0.48 -1.68 29.1009 
-0.48 -1.6 29.0501 
-0.48 -1.52 28.9767 
-0.48 -1.44 28.871 
-0.48 -1.36 28.7189 
-0.48 -1.28 28.5007 
-0.48 -1.2 28.1884 
-0.48 -1.12 27.7436 
-0.48 -1.04 27.1146 
-0.48 -0.96 26.2338 
-0.48 -0.88 25.0195 
-0.48 -0.8 23.385 
-0.48 -0.72 21.2672 
-0.48 -0.64 18.6944 
-0.48 -0.56 15.9241 
-0.48 -0.48 13.6797 
-0.48 -0.4 13.4588 
-0.48 -0.32 17.6853 
-0.48 -0.24 29.1444 
-0.48 -0.16 49.1826 
-0.48 -0.08 75.6939 
-0.48 6.93889e-16 103.97 
-0.48 0.08 130.511 
-0.48 0.16 154.617 
-0.48 0.24 176.644 
-0.48 0.32 196.5 
-0.48 0.4 213.648 
-0.48 0.48 227.786 
-0.48 0.56 239.213 
-0.48 0.64 248.569 
-0.48 0.72 256.34 
-0.48 0.8 262.632 
-0.48 0.88 267.325 
-0.48 0.96 270.386 
-0.48 1.04 272.055 
-0.48 1.12 272.79 
-0.48 1.2 273.049 
-0.48 1.28 273.12 
-0.48 1.36 273.135 
-0.48 1.44 273.137 
-0.48 1.52 273.137 
-0.48 1.6 273.137 
-0.48 1.68 273.137 
-0.48 1.76 273.137 
-0.48 1.84 273.137 
-0.48 1.92 273.137 
-0.4 -2 29.1839 
-0.4 -1.92 29.1698 
-0.4 -1.84 29.1495 
-0.4 -1.76 29.1202 
-0.4 -1.68 29.0778 
-0.4 -1.6 29.0167 
-0.4 -1.52 28.9286 
-0.4 -1.44 28.8018 
-0.4 -1.36 28.6196 
-0.4 -1.28 28.3584 
-0.4 -1.2 27.9854 
-0.4 -1.12 27.4559 
-0.4 -1.04 26.7103 
-0.4 -0.96 25.6735 
-0.4 -0.88 24.2592 
-0.4 -0.8 22.3868 
-0.4 -0.72 20.027 
-0.4 -0.64 17.2995 
-0.4 -0.56 14.6594 
-0.4 -0.48 13.1821 
-0.4 -0.4 14.8444 
-0.4 -0.32 22.409 
-0.4 -0.24 38.2525 
-0.4 -0.16 62.1453 
-0.4 -0.08 90.2764 
-0.4 6.93889e-16 118.055 
-0.4 0.08 143.479 
-0.4 0.16 166.68 
-0.4 0.24 187.883 
-0.4 0.32 206.689 
-0.4 0.4 222.584 
-0.4 0.48 235.586 
-0.4 0.56 246.284 
-0.4 0.64 255.355 
-0.4 0.72 263.121 
-0.4 0.8 269.494 
-0.4 0.88 274.258 
-0.4 0.96 277.368 
-0.4 1.04 279.075 
-0.4 1.12 279.837 
-0.4 1.2 280.109 
-0.4 1.28 280.186 
-0.4 1.36 280.202 
-0.4 1.44 280.204 
-0.4 1.52 280.204 
-0.4 1.6 280.204 
-0.4 1.68 280.204 
-0.4 1.76 280.204 
-0.4 1.84 280.204 
-0.4 1.92 280.204 
-0.32 -2 29.1775 
-0.32 -1.92 29.1606 
-0.32 -1.84 29.1362 
-0.32 -1.76 29.1009 
-0.32 -1.68 29.0501 
-0.32 -1.6 28.9767 
-0.32 -1.52 28.871 
-0.32 -1.44 28.7189 
-0.32 -1.36 28.5007 
-0.32 -1.28 28.1884 
-0.32 -1.2 27.7435 
-0.32 -1.12 27.1143 
-0.32 -1.04 26.2333 
-0.32 -0.96 25.0187 
-0.32 -0.88 23.3834 
-0.32 -0.8 21.2641 
-0.32 -0.72 18.6892 
-0.32 -0.64 15.9162 
-0.32 -0.56 13.6712 
-0.32 -0.48 13.4602 
-0.32 -0.4 17.7268 
-0.32 -0.32 29.2873 
-0.32 -0.24 49.5099 
-0.32 -0.16 76.2616 
-0.32 -0.08 104.776 
-0.32 6.93889e-16 131.546 
-0.32 0.08 155.921 
-0.32 0.16 178.293 
-0.32 0.24 198.559 
-0.32 0.32 216.15 
-0.32 0.4 230.771 
-0.32 0.48 242.799 
-0.32 0.56 253.001 
-0.32 0.64 261.957 
-0.32 0.72 269.761 
-0.32 0.8 276.163 
-0.32 0.88 280.908 
-0.32 0.96 283.985 
-0.32 1.04 285.672 
-0.32 1.12 286.43 
-0.32 1.2 286.704 
-0.32 1.28 286.782 
-0.32 1.36 286.799 
-0.32 1.44 286.801 
-0.32 1.52 286.801 
-0.32 1.6 286.801 
-0.32 1.68 286.801 
-0.32 1.76 286.801 
-0.32 1.84 286.801 
-0.32 1.92 286.801 
-0.24 -2 29.1698 
-0.24 -1.92 29.1495 
-0.24 -1.84 29.1202 
-0.24 -1.76 29.0778 
-0.24 -1.68 29.0167 
-0.24 -1.6 28.9286 
-0.24 -1.52 28.8018 
-0.24 -1.44 28.6196 
-0.24 -1.36 28.3584 
-0.24 -1.28 27.9854 
-0.24 -1.2 27.4558 
-0.24 -1.12 26.71 
-0.24 -1.04 25.673 
-0.24 -0.96 24.2582 
-0.24 -0.88 22.385 
-0.24 -0.8 20.0236 
-0.24 -0.72 17.2941 
-0.24 -0.64 14.6522 
-0.24 -0.56 13.1774 
-0.24 -0.48 14.8577 
-0.24 -0.4 22.4778 
-0.24 -0.32 38.4402 
-0.24 -0.24 62.5159 
-0.24 -0.16 90.8506 
-0.24 -0.08 118.819 
-0.24 6.93889e-16 144.445 
-0.24 0.08 167.9 
-0.24 0.16 189.419 
-0.24 0.24 208.58 
-0.24 0.32 224.85 
-0.24 0.4 238.285 
-0.24 0.48 249.571 
-0.24 0.56 259.499 
-0.24 0.64 268.437 
-0.24 0.72 276.246 
-0.24 0.8 282.575 
-0.24 0.88 287.193 
-0.24 0.96 290.151 
-0.24 1.04 291.765 
-0.24 1.12 292.492 
-0.24 1.2 292.756 
-0.24 1.28 292.832 
-0.24 1.36 292.848 
-0.24 1.44 292.85 
-0.24 1.52 292.85 
-0.24 1.6 292.85 
-0.24 1.68 292.85 
-0.24 1.76 292.85 
-0.24 1.84 292.85 
-0.24 1.92 292.85 
-0.16 -2 29.1606 
-0.16 -1.92 29.1362 
-0.16 -1.84 29.1009 
-0.16 -1.76 29.0501 
-0.16 -1.68 28.9767 
-0.16 -1.6 28.871 
-0.16 -1.52 28.7189 
-0.16 -1.44 28.5006 
-0.16 -1.36 28.1883 
-0.16 -1.28 27.7435 
-0.16 -1.2 27.1142 
-0.16 -1.12 26.233 
-0.16 -1.04 25.0181 
-0.16 -0.96 23.3822 
-0.16 -0.88 21.262 
-0.16 -0.8 18.6855 
-0.16 -0.72 15.9107 
-0.16 -0.64 13.6654 
-0.16 -0.56 13.4613 
-0.16 -0.48 17.7556 
-0.16 -0.4 29.3868 
-0.16 -0.32 49.7376 
-0.16 -0.24 76.6559 
-0.16 -0.16 105.334 
-0.16 -0.08 132.261 
-0.16 6.93889e-16 156.823 
-0.16 0.08 179.433 
-0.16 0.16 199.98 
-0.16 0.24 217.871 
-0.16 0.32 232.815 
-0.16 0.4 245.253 
-0.16 0.48 256.052 
-0.16 0.56 265.87 
-0.16 0.64 274.801 
-0.16 0.72 282.518 
-0.16 0.8 288.645 
-0.16 0.88 293.025 
-0.16 0.96 295.789 
-0.16 1.04 297.284 
-0.16 1.12 297.957 
-0.16 1.2 298.202 
-0.16 1.28 298.272 
-0.16 1.36 298.287 
-0.16 1.44 298.289 
-0.16 1.52 298.289 
-0.16 1.6 298.289 
-0.16 1.68 298.289 
-0.16 1.76 298.289 
-0.16 1.84 298.289 
-0.16 1.92 298.289 
-0.08 -2 29.1495 
-0.08 -1.92 29.1202 
-0.08 -1.84 29.0778 
-0.08 -1.76 29.0167 
-0.08 -1.68 28.9286 
-0.08 -1.6 28.8018 
-0.08 -1.52 28.6196 
-0.08 -1.44 28.3584 
-0.08 -1.36 27.9853 
-0.08 -1.28 27.4557 
-0.08 -1.2 26.7099 
-0.08 -1.12 25.6727 
-0.08 -1.04 24.2575 
-0.08 -0.96 22.3837 
-0.08 -0.88 20.0213 
-0.08 -0.8 17.2903 
-0.08 -0.72 14.6471 
-0.08 -0.64 13.1741 
-0.08 -0.56 14.8669 
-0.08 -0.48 22.5257 
-0.08 -0.4 38.5708 
-0.08 -0.32 62.7734 
-0.08 -0.24 91.2488 
-0.08 -0.16 119.348 
-0.08 -0.08 145.112 
-0.08 6.93889e-16 168.744 
-0.08 0.08 190.481 
-0.08 0.16 209.883 
-0.08 0.24 226.406 
-0.08 0.32 240.133 
-0.08 0.4 251.827 
-0.08 0.48 262.364 
-0.08 0.56 272.148 
-0.08 0.64 281.002 
-0.08 0.72 288.49 
-0.08 0.8 294.283 
-0.08 0.88 298.33 
-0.08 0.96 300.838 
-0.08 1.04 302.18 
-0.08 1.12 302.781 
-0.08 1.2 302.999 
-0.08 1.28 303.062 
-0.08 1.36 303.075 
-0.08 1.44 303.077 
-0.08 1.52 303.077 
-0.08 1.6 303.077 
-0.08 1.68 303.077 
-0.08 1.76 303.077 
-0.08 1.84 303.077 
-0.08 1.92 303.077 
2.47025e-15 -2 29.1362 
2.47025e-15 -1.92 29.1009 
2.47025e-15 -1.84 29.0501 
2.47025e-15 -1.76 28.9767 
2.47025e-15 -1.68 28.871 
2.47025e-15 -1.6 28.7189 
2.47025e-15 -1.52 28.5006 
2.47025e-15 -1.44 28.1883 
2.47025e-15 -1.36 27.7434 
2.47025e-15 -1.28 27.1141 
2.47025e-15 -1.2 26.2328 
2.47025e-15 -1.12 25.0177 
2.47025e-15 -1.04 23.3814 
2.47025e-15 -0.96 21.2606 
2.47025e-15 -0.88 18.683 
2.47025e-15 -0.8 15.907 
2.47025e-15 -0.72 13.6613 
2.47025e-15 -0.64 13.462 
2.47025e-15 -0.56 17.7757 
2.47025e-15 -0.48 29.4559 
2.47025e-15 -0.4 49.8958 
2.47025e-15 -0.32 76.9295 
2.47025e-15 -0.24 105.72 
2.47025e-15 -0.16 132.756 
2.47025e-15 -0.08 157.446 
2.47025e-15 6.93889e-16 180.222 
2.47025e-15 0.08 200.962 
2.47025e-15 0.16 219.056 
2.47025e-15 0.24 234.218 
2.47025e-15 0.32 246.936 
2.47025e-15 0.4 258.152 
2.47025e-15 0.48 268.581 
2.47025e-15 0.56 278.314 
2.47025e-15 0.64 286.963 
2.47025e-15 0.72 294.071 
2.47025e-15 0.8 299.413 
2.47025e-15 0.88 303.051 
2.47025e-15 0.96 305.26 
2.47025e-15 1.04 306.425 
2.47025e-15 1.12 306.941 
2.47025e-15 1.2 307.129 
2.47025e-15 1.28 307.182 
2.47025e-15 1.36 307.193 
2.47025e-15 1.44 307.195 
2.47025e-15 1.52 307.195 
2.47025e-15 1.6 307.195 
2.47025e-15 1.68 307.195 
2.47025e-15 1.76 307.195 
2.47025e-15 1.84 307.195 
2.47025e-15 1.92 307.195 
0.08 -2 29.1202 
0.08 -1.92 29.0778 
0.08 -1.84 29.0167 
0.08 -1.76 28.9286 
0.08 -1.68 28.8018 
0.08 -1.6 28.6196 
0.08 -1.52 28.3583 
0.08 -1.44 27.9853 
0.08 -1.36 27.4556 
0.08 -1.28 26.7097 
0.08 -1.2 25.6724 
0.08 -1.12 24.257 
0.08 -1.04 22.3828 
0.08 -0.96 20.0197 
0.08 -0.88 17.2877 
0.08 -0.8 14.6436 
0.08 -0.72 13.1718 
0.08 -0.64 14.8734 
0.08 -0.56 22.5589 
0.08 -0.48 38.6614 
0.08 -0.4 62.9521 
0.08 -0.32 91.5247 
0.08 -0.24 119.714 
0.08 -0.16 145.574 
0.08 -0.08 169.327 
0.08 6.93889e-16 191.215 
0.08 0.08 210.782 
0.08 0.16 227.477 
0.08 0.24 241.402 
0.08 0.32 253.378 
0.08 0.4 264.341 
0.08 0.48 274.721 
0.08 0.56 284.305 
0.08 0.64 292.588 
0.08 0.72 299.177 
0.08 0.8 303.976 
0.08 0.88 307.154 
0.08 0.96 309.037 
0.08 1.04 310.012 
0.08 1.12 310.438 
0.08 1.2 310.592 
0.08 1.28 310.635 
0.08 1.36 310.644 
0.08 1.44 310.646 
0.08 1.52 310.646 
0.08 1.6 310.646 
0.08 1.68 310.646 
0.08 1.76 310.646 
0.08 1.84 310.646 
0.08 1.92 310.646 
0.16 -2 29.1009 
0.16 -1.92 29.0501 
0.16 -1.84 28.9767 
0.16 -1.76 28.871 
0.16 -1.68 28.7189 
0.16 -1.6 28.5006 
0.16 -1.52 28.1883 
0.16 -1.44 27.7434 
0.16 -1.36 27.114 
0.16 -1.28 26.2327 
0.16 -1.2 25.0174 
0.16 -1.12 23.3809 
0.16 -1.04 21.2596 
0.16 -0.96 18.6813 
0.16 -0.88 15.9043 
0.16 -0.8 13.6585 
0.16 -0.72 13.4625 
0.16 -0.64 17.7897 
0.16 -0.56 29.5039 
0.16 -0.48 50.0055 
0.16 -0.4 77.1191 
0.16 -0.32 105.988 
0.16 -0.24 133.099 
0.16 -0.16 157.878 
0.16 -0.08 180.767 
0.16 6.93889e-16 201.639 
0.16 0.08 219.873 
0.16 0.16 235.183 
0.16 0.24 248.093 
0.16 0.32 259.599 
0.16 0.4 270.456 
0.16 0.48 280.747 
0.16 0.56 290.03 
0.16 0.64 297.786 
0.16 0.72 303.744 
0.16 0.8 307.938 
0.16 0.88 310.627 
0.16 0.96 312.174 
0.16 1.04 312.953 
0.16 1.12 313.287 
0.16 1.2 313.406 
0.16 1.28 313.439 
0.16 1.36 313.446 
0.16 1.44 313.447 
0.16 1.52 313.447 
0.16 1.6 313.447 
0.16 1.68 313.447 
0.16 1.76 313.447 
0.16 1.84 313.447 
0.16 1.92 313.447 
0.24 -2 29.0778 
0.24 -1.92 29.0167 
0.24 -1.84 28.9286 
0.24 -1.76 28.8018 
0.24 -1.68 28.6196 
0.24 -1.6 28.3583 
0.24 -1.52 27.9853 
0.24 -1.44 27.4556 
0.24 -1.36 26.7097 
0.24 -1.28 25.6722 
0.24 -1.2 24.2567 
0.24 -1.12 22.3822 
0.24 -1.04 20.0186 
0.24 -0.96 17.2858 
0.24 -0.88 14.6412 
0.24 -0.8 13.1702 
0.24 -0.72 14.8778 
0.24 -0.64 22.582 
0.24 -0.56 38.7243 
0.24 -0.48 63.0759 
0.24 -0.4 91.7159 
0.24 -0.32 119.967 
0.24 -0.24 145.894 
0.24 -0.16 169.73 
0.24 -0.08 191.722 
0.24 6.93889e-16 211.403 
0.24 0.08 228.214 
0.24 0.16 242.275 
0.24 0.24 254.445 
0.24 0.32 265.707 
0.24 0.4 276.501 
0.24 0.48 286.584 
0.24 0.56 295.393 
0.24 0.64 302.484 
0.24 0.72 307.729 
0.24 0.8 311.285 
0.24 0.88 313.478 
0.24 0.96 314.689 
0.24 1.04 315.275 
0.24 1.12 315.517 
0.24 1.2 315.601 
0.24 1.28 315.624 
0.24 1.36 315.629 
0.24 1.44 315.63 
0.24 1.52 315.63 
0.24 1.6 315.63 
0.24 1.68 315.63 
0.24 1.76 315.63 
0.24 1.84 315.63 
0.24 1.92 315.63 
0.32 -2 29.0501 
0.32 -1.92 28.9767 
0.32 -1.84 28.871 
0.32 -1.76 28.7189 
0.32 -1.68 28.5006 
0.32 -1.6 28.1883 
0.32 -1.52 27.7434 
0.32 -1.44 27.114 
0.32 -1.36 26.2326 
0.32 -1.28 25.0172 
0.32 -1.2 23.3805 
0.32 -1.12 21.2589 
0.32 -1.04 18.6801 
0.32 -0.96 15.9025 
0.32 -0.88 13.6566 
0.32 -0.8 13.4629 
0.32 -0.72 17.7993 
0.32 -0.64 29.5372 
0.32 -0.56 50.0816 
0.32 -0.48 77.2505 
0.32 -0.4 106.173 
0.32 -0.32 133.336 
0.32 -0.24 158.176 
0.32 -0.16 181.144 
0.32 -0.08 202.108 
0.32 6.93889e-16 220.437 
0.32 0.08 235.848 
0.32 0.16 248.89 
0.32 0.24 260.597 
0.32 0.32 271.752 
0.32 0.4 282.427 
0.32 0.48 292.136 
0.32 0.56 300.307 
0.32 0.64 306.627 
0.32 0.72 311.115 
0.32 0.8 314.024 
0.32 0.88 315.728 
0.32 0.96 316.613 
0.32 1.04 317.012 
0.32 1.12 317.166 
0.32 1.2 317.216 
0.32 1.28 317.23 
0.32 1.36 317.233 
0.32 1.44 317.233 
0.32 1.52 317.233 
0.32 1.6 317.233 
0.32 1.68 317.233 
0.32 1.76 317.233 
0.32 1.84 317.233 
0.32 1.92 317.233 
0.4 -2 29.0167 
0.4 -1.92 28.9286 
0.4 -1.84 28.8018 
0.4 -1.76 28.6196 
0.4 -1.68 28.3583 
0.4 -1.6 27.9853 
0.4 -1.52 27.4556 
0.4 -1.44 26.7096 
0.4 -1.36 25.6721 
0.4 -1.28 24.2565 
0.4 -1.2 22.3817 
0.4 -1.12 20.0178 
0.4 -1.04 17.2846 
0.4 -0.96 14.6396 
0.4 -0.88 13.1692 
0.4 -0.8 14.8809 
0.4 -0.72 22.598 
0.4 -0.64 38.7678 
0.4 -0.56 63.1617 
0.4 -0.48 91.8482 
0.4 -0.4 120.143 
0.4 -0.32 146.115 
0.4 -0.24 170.01 
0.4 -0.16 192.073 
0.4 -0.08 211.832 
0.4 6.93889e-16 228.723 
0.4 0.08 242.877 
0.4 0.16 255.181 
0.4 0.24 266.649 
0.4 0.32 277.731 
0.4 0.4 288.154 
0.4 0.48 297.308 
0.4 0.56 304.705 
0.4 0.64 310.188 
0.4 0.72 313.901 
0.4 0.8 316.175 
0.4 0.88 317.408 
0.4 0.96 317.984 
0.4 1.04 318.208 
0.4 1.12 318.278 
0.4 1.2 318.297 
0.4 1.28 318.301 
0.4 1.36 318.301 
0.4 1.44 318.302 
0.4 1.52 318.302 
0.4 1.6 318.302 
0.4 1.68 318.302 
0.4 1.76 318.302 
0.4 1.84 318.302 
0.4 1.92 318.302 
0.48 -2 28.9767 
0.48 -1.92 28.871 
0.48 -1.84 28.7189 
0.48 -1.76 28.5006 
0.48 -1.68 28.1883 
0.48 -1.6 27.7433 
0.48 -1.52 27.1139 
0.48 -1.44 26.2325 
0.48 -1.36 25.0171 
0.48 -1.28 23.3803 
0.48 -1.2 21.2584 
0.48 -1.12 18.6793 
0.48 -1.04 15.9013 
0.48 -0.96 13.6553 
0.48 -0.88 13.4631 
0.48 -0.8 17.806 
0.48 -0.72 29.5602 
0.48 -0.64 50.1343 
0.48 -0.56 77.3415 
0.48 -0.48 106.301 
0.48 -0.4 133.5 
0.48 -0.32 158.383 
0.48 -0.24 181.405 
0.48 -0.16 202.432 
0.48 -0.08 220.826 
0.48 6.93889e-16 236.307 
0.48 0.08 249.439 
0.48 0.16 261.286 
0.48 0.24 272.648 
0.48 0.32 283.587 
0.48 0.4 293.581 
0.48 0.48 302.016 
0.48 0.56 308.542 
0.48 0.64 313.156 
0.48 0.72 316.106 
0.48 0.8 317.769 
0.48 0.88 318.559 
0.48 0.96 318.847 
0.48 1.04 318.907 
0.48 1.12 318.901 
0.48 1.2 318.89 
0.48 1.28 318.885 
0.48 1.36 318.884 
0.48 1.44 318.884 
0.48 1.52 318.884 
0.48 1.6 318.884 
0.48 1.68 318.884 
0.48 1.76 318.884 
0.48 1.84 318.884 
0.48 1.92 318.884 
0.56 -2 28.9286 
0.56 -1.92 28.8018 
0.56 -1.84 28.6196 
0.56 -1.76 28.3583 
0.56 -1.68 27.9853 
0.56 -1.6 27.4555 
0.56 -1.52 26.7096 
0.56 -1.44 25.6721 
0.56 -1.36 24.2563 
0.56 -1.28 22.3814 
0.56 -1.2 20.0173 
0.56 -1.12 17.2837 
0.56 -1.04 14.6384 
0.56 -0.96 13.1684 
0.56 -0.88 14.8831 
0.56 -0.8 22.6091 
0.56 -0.72 38.798 
0.56 -0.64 63.2211 
0.56 -0.56 91.9398 
0.56 -0.48 120.264 
0.56 -0.4 146.268 
0.56 -0.32 170.203 
0.56 -0.24 192.315 
0.56 -0.16 212.128 
0.56 -0.08 229.074 
0.56 6.93889e-16 243.292 
0.56 0.08 255.689 
0.56 0.16 267.301 
0.56 0.24 278.58 
0.56 0.32 289.235 
0.56 0.4 298.616 
0.56 0.48 306.199 
0.56 0.56 311.799 
0.56 0.64 315.543 
0.56 0.72 317.755 
0.56 0.8 318.844 
0.56 0.88 319.224 
0.56 0.96 319.248 
0.56 1.04 319.16 
0.56 1.12 319.084 
0.56 1.2 319.047 
0.56 1.28 319.034 
0.56 1.36 319.032 
0.56 1.44 319.031 
0.56 1.52 319.031 
0.56 1.6 319.031 
0.56 1.68 319.031 
0.56 1.76 319.031 
0.56 1.84 319.031 
0.56 1.92 319.031 
0.64 -2 28.871 
0.64 -1.92 28.7189 
0.64 -1.84 28.5006 
0.64 -1.76 28.1883 
0.64 -1.68 27.7433 
0.64 -1.6 27.1139 
0.64 -1.52 26.2325 
0.64 -1.44 25.017 
0.64 -1.36 23.3801 
0.64 -1.28 21.2581 
0.64 -1.2 18.6787 
0.64 -1.12 15.9004 
0.64 -1.04 13.6543 
0.64 -0.96 13.4633 
0.64 -0.88 17.8106 
0.64 -0.8 29.5762 
0.64 -0.72 50.1707 
0.64 -0.64 77.4044 
0.64 -0.56 106.39 
0.64 -0.48 133.613 
0.64 -0.4 158.526 
0.64 -0.32 181.585 
0.64 -0.24 202.656 
0.64 -0.16 221.095 
0.64 -0.08 236.624 
0.64 6.93889e-16 249.818 
0.64 0.08 261.761 
0.64 0.16 273.267 
0.64 0.24 284.387 
0.64 0.32 294.574 
0.64 0.4 303.177 
0.64 0.48 309.819 
0.64 0.56 314.473 
0.64 0.64 317.371 
0.64 0.72 318.886 
0.64 0.8 319.444 
0.64 0.88 319.45 
0.64 0.96 319.237 
0.64 1.04 319.017 
0.64 1.12 318.879 
0.64 1.2 318.818 
0.64 1.28 318.799 
0.64 1.36 318.795 
0.64 1.44 318.794 
0.64 1.52 318.794 
0.64 1.6 318.794 
0.64 1.68 318.794 
0.64 1.76 318.794 
0.64 1.84 318.794 
0.64 1.92 318.794 
0.72 -2 28.8018 
0.72 -1.92 28.6196 
0.72 -1.84 28.3583 
0.72 -1.76 27.9853 
0.72 -1.68 27.4555 
0.72 -1.6 26.7095 
0.72 -1.52 25.672 
0.72 -1.44 24.2562 
0.72 -1.36 22.3812 
0.72 -1.28 20.0169 
0.72 -1.2 17.2831 
0.72 -1.12 14.6376 
0.72 -1.04 13.1679 
0.72 -0.96 14.8845 
0.72 -0.88 22.6167 
0.72 -0.8 38.8189 
0.72 -0.72 63.2623 
0.72 -0.64 92.0032 
0.72 -0.56 120.348 
0.72 -0.48 146.373 
0.72 -0.4 170.336 
0.72 -0.32 192.483 
0.72 -0.24 212.333 
0.72 -0.16 229.317 
0.72 -0.08 243.578 
0.72 6.93889e-16 256.04 
0.72 0.08 267.751 
0.72 0.16 279.167 
0.72 0.24 289.98 
0.72 0.32 299.511 
0.72 0.4 307.208 
0.72 0.48 312.862 
0.72 0.56 316.58 
0.72 0.64 318.67 
0.72 0.72 319.539 
0.72 0.8 319.613 
0.72 0.88 319.286 
0.72 0.96 318.863 
0.72 1.04 318.528 
0.72 1.12 318.337 
0.72 1.2 318.255 
0.72 1.28 318.23 
0.72 1.36 318.225 
0.72 1.44 318.224 
0.72 1.52 318.224 
0.72 1.6 318.224 
0.72 1.68 318.224 
0.72 1.76 318.224 
0.72 1.84 318.224 
0.72 1.92 318.224 
0.8 -2 28.7189 
0.8 -1.92 28.5006 
0.8 -1.84 28.1882 
0.8 -1.76 27.7433 
0.8 -1.68 27.1139 
0.8 -1.6 26.2325 
0.8 -1.52 25.0169 
0.8 -1.44 23.38 
0.8 -1.36 21.2578 
0.8 -1.28 18.6783 
0.8 -1.2 15.8998 
0.8 -1.12 13.6537 
0.8 -1.04 13.4634 
0.8 -0.96 17.8139 
0.8 -0.88 29.5873 
0.8 -0.8 50.196 
0.8 -0.72 77.448 
0.8 -0.64 106.452 
0.8 -0.56 133.691 
0.8 -0.48 158.624 
0.8 -0.4 181.71 
0.8 -0.32 202.811 
0.8 -0.24 221.281 
0.8 -0.16 236.842 
0.8 -0.08 250.08 
0.8 6.93889e-16 262.09 
0.8 0.08 273.694 
0.8 0.16 284.94 
0.8 0.24 295.257 
0.8 0.32 303.969 
0.8 0.4 310.676 
0.8 0.48 315.33 
0.8 0.56 318.145 
0.8 0.64 319.48 
0.8 0.72 319.758 
0.8 0.8 319.4 
0.8 0.88 318.78 
0.8 0.96 318.177 
0.8 1.04 317.744 
0.8 1.12 317.506 
0.8 1.2 317.408 
0.8 1.28 317.378 
0.8 1.36 317.371 
0.8 1.44 317.37 
0.8 1.52 317.37 
0.8 1.6 317.37 
0.8 1.68 317.37 
0.8 1.76 317.37 
0.8 1.84 317.37 
0.8 1.92 317.37 
0.88 -2 28.6196 
0.88 -1.92 28.3583 
0.88 -1.84 27.9853 
0.88 -1.76 27.4555 
0.88 -1.68 26.7095 
0.88 -1.6 25.672 
0.88 -1.52 24.2561 
0.88 -1.44 22.3811 
0.88 -1.36 20.0167 
0.88 -1.28 17.2827 
0.88 -1.2 14.637 
0.88 -1.12 13.1675 
0.88 -1.04 14.8856 
0.88 -0.96 22.622 
0.88 -0.88 38.8333 
0.88 -0.8 63.2907 
0.88 -0.72 92.0471 
0.88 -0.64 120.406 
0.88 -0.56 146.447 
0.88 -0.48 170.429 
0.88 -0.4 192.599 
0.88 -0.32 212.475 
0.88 -0.24 229.485 
0.88 -0.16 243.776 
0.88 -0.08 256.282 
0.88 6.93889e-16 268.062 
0.88 0.08 279.573 
0.88 0.16 290.493 
0.88 0.24 300.125 
0.88 0.32 307.894 
0.88 0.4 313.57 
0.88 0.48 317.243 
0.88 0.56 319.203 
0.88 0.64 319.844 
0.88 0.72 319.591 
0.88 0.8 318.854 
0.88 0.88 317.982 
0.88 0.96 317.227 
0.88 1.04 316.711 
0.88 1.12 316.436 
0.88 1.2 316.323 
0.88 1.28 316.289 
0.88 1.36 316.281 
0.88 1.44 316.28 
0.88 1.52 316.28 
0.88 1.6 316.28 
0.88 1.68 316.28 
0.88 1.76 316.28 
0.88 1.84 316.28 
0.88 1.92 316.28 
0.96 -2 28.5006 
0.96 -1.92 28.1882 
0.96 -1.84 27.7433 
0.96 -1.76 27.1139 
0.96 -1.68 26.2324 
0.96 -1.6 25.0169 
0.96 -1.52 23.3799 
0.96 -1.44 21.2577 
0.96 -1.36 18.678 
0.96 -1.28 15.8994 
0.96 -1.2 13.6533 
0.96 -1.12 13.4635 
0.96 -1.04 17.8161 
0.96 -0.96 29.5949 
0.96 -0.88 50.2135 
0.96 -0.8 77.4782 
0.96 -0.72 106.494 
0.96 -0.64 133.746 
0.96 -0.56 158.693 
0.96 -0.48 181.796 
0.96 -0.4 202.918 
0.96 -0.32 221.409 
0.96 -0.24 236.993 
0.96 -0.16 250.261 
0.96 -0.08 262.317 
0.96 6.93889e-16 273.99 
0.96 0.08 285.322 
0.96 0.16 295.727 
0.96 0.24 304.511 
0.96 0.32 311.256 
0.96 0.4 315.896 
0.96 0.48 318.627 
0.96 0.56 319.794 
0.96 0.64 319.805 
0.96 0.72 319.084 
0.96 0.8 318.021 
0.96 0.88 316.938 
0.96 0.96 316.056 
0.96 1.04 315.474 
0.96 1.12 315.168 
0.96 1.2 315.044 
0.96 1.28 315.006 
0.96 1.36 314.998 
0.96 1.44 314.997 
0.96 1.52 314.997 
0.96 1.6 314.997 
0.96 1.68 314.997 
0.96 1.76 314.997 
0.96 1.84 314.997 
0.96 1.92 314.997 
