0.0001 0.01 25.6551 
0.0001 0.0116591 25.6551 
0.0001 0.0135936 25.6551 
0.0001 0.0158489 25.6551 
0.0001 0.0184785 25.655 
0.0001 0.0215443 25.655 
0.0001 0.0251189 25.655 
0.0001 0.0292864 25.655 
0.0001 0.0341455 25.655 
0.0001 0.0398107 25.655 
0.0001 0.0464159 25.6549 
0.0001 0.054117 25.6549 
0.0001 0.0630957 25.6548 
0.0001 0.0735642 25.6547 
0.0001 0.0857696 25.6546 
0.0001 0.1 25.6544 
0.0001 0.116591 25.6542 
0.0001 0.135936 25.6539 
0.0001 0.158489 25.6534 
0.0001 0.184785 25.6529 
0.0001 0.215443 25.6521 
0.0001 0.251189 25.651 
0.0001 0.292864 25.6495 
0.0001 0.341455 25.6476 
0.0001 0.398107 25.6449 
0.0001 0.464159 25.6412 
0.0001 0.54117 25.6363 
0.0001 0.630957 25.6296 
0.0001 0.735642 25.6205 
0.0001 0.857696 25.6083 
0.0001 1 25.5919 
0.0001 1.16591 25.5699 
0.0001 1.35936 25.5404 
0.0001 1.58489 25.5014 
0.0001 1.84785 25.4501 
0.0001 2.15443 25.3833 
0.0001 2.51189 25.2979 
0.0001 2.92864 25.1907 
0.0001 3.41455 25.0596 
0.0001 3.98107 24.9049 
0.0001 4.64159 24.73 
0.0001 5.4117 24.5429 
0.0001 6.30957 24.3559 
0.0001 7.35642 24.1838 
0.0001 8.57696 24.0408 
0.0001 10 23.9356 
0.0001 11.6591 23.8691 
0.0001 13.5936 23.8342 
0.0001 15.8489 23.8199 
0.0001 18.4785 23.8154 
0.0001 21.5443 23.8145 
0.0001 25.1189 23.8143 
0.0001 29.2864 23.8143 
0.0001 34.1455 23.8143 
0.0001 39.8107 23.8143 
0.0001 46.4159 23.8143 
0.0001 54.117 23.8143 
0.0001 63.0957 23.8143 
0.0001 73.5642 23.8143 
0.0001 85.7696 23.8143 
0.0001 100 23.8143 
0.000116591 0.01 25.6551 
0.000116591 0.0116591 25.6551 
0.000116591 0.0135936 25.6551 
0.000116591 0.0158489 25.6551 
0.000116591 0.0184785 25.655 
0.000116591 0.0215443 25.655 
0.000116591 0.0251189 25.655 
0.000116591 0.0292864 25.655 
0.000116591 0.0341455 25.655 
0.000116591 0.0398107 25.655 
0.000116591 0.0464159 25.6549 
0.000116591 0.054117 25.6548 
0.000116591 0.0630957 25.6548 
0.000116591 0.0735642 25.6547 
0.000116591 0.0857696 25.6545 
0.000116591 0.1 25.6543 
0.000116591 0.116591 25.654 
0.000116591 0.135936 25.6537 
0.000116591 0.158489 25.6532 
0.000116591 0.184785 25.6525 
0.000116591 0.215443 25.6516 
0.000116591 0.251189 25.6503 
0.000116591 0.292864 25.6486 
0.000116591 0.341455 25.6463 
0.000116591 0.398107 25.6432 
0.000116591 0.464159 25.6389 
0.000116591 0.54117 25.6332 
0.000116591 0.630957 25.6254 
0.000116591 0.735642 25.6148 
0.000116591 0.857696 25.6006 
0.000116591 1 25.5814 
0.000116591 1.16591 25.5557 
0.000116591 1.35936 25.5215 
0.000116591 1.58489 25.476 
0.000116591 1.84785 25.4162 
0.000116591 2.15443 25.3385 
0.000116591 2.51189 25.2391 
0.000116591 2.92864 25.1145 
0.000116591 3.41455 24.9623 
0.000116591 3.98107 24.7828 
0.000116591 4.64159 24.5802 
0.000116591 5.4117 24.3638 
0.000116591 6.30957 24.1478 
0.000116591 7.35642 23.9495 
0.000116591 8.57696 23.7848 
0.000116591 10 23.6638 
0.000116591 11.6591 23.5873 
0.000116591 13.5936 23.5473 
0.000116591 15.8489 23.5307 
0.000116591 18.4785 23.5256 
0.000116591 21.5443 23.5245 
0.000116591 25.1189 23.5243 
0.000116591 29.2864 23.5243 
0.000116591 34.1455 23.5243 
0.000116591 39.8107 23.5243 
0.000116591 46.4159 23.5243 
0.000116591 54.117 23.5243 
0.000116591 63.0957 23.5243 
0.000116591 73.5642 23.5243 
0.000116591 85.7696 23.5243 
0.000116591 100 23.5243 
0.000135936 0.01 25.6551 
0.000135936 0.0116591 25.6551 
0.000135936 0.0135936 25.6551 
0.000135936 0.0158489 25.655 
0.000135936 0.0184785 25.655 
0.000135936 0.0215443 25.655 
0.000135936 0.0251189 25.655 
0.000135936 0.0292864 25.655 
0.000135936 0.0341455 25.655 
0.000135936 0.0398107 25.6549 
0.000135936 0.0464159 25.6549 
0.000135936 0.054117 25.6548 
0.000135936 0.0630957 25.6547 
0.000135936 0.0735642 25.6546 
0.000135936 0.0857696 25.6544 
0.000135936 0.1 25.6542 
0.000135936 0.116591 25.6539 
0.000135936 0.135936 25.6534 
0.000135936 0.158489 25.6529 
0.000135936 0.184785 25.6521 
0.000135936 0.215443 25.651 
0.000135936 0.251189 25.6495 
0.000135936 0.292864 25.6476 
0.000135936 0.341455 25.6449 
0.000135936 0.398107 25.6412 
0.000135936 0.464159 25.6363 
0.000135936 0.54117 25.6295 
0.000135936 0.630957 25.6204 
0.000135936 0.735642 25.6081 
0.000135936 0.857696 25.5916 
0.000135936 1 25.5692 
0.000135936 1.16591 25.5393 
0.000135936 1.35936 25.4994 
0.000135936 1.58489 25.4464 
0.000135936 1.84785 25.3768 
0.000135936 2.15443 25.2864 
0.000135936 2.51189 25.1708 
0.000135936 2.92864 25.026 
0.000135936 3.41455 24.8494 
0.000135936 3.98107 24.6413 
0.000135936 4.64159 24.4068 
0.000135936 5.4117 24.1568 
0.000135936 6.30957 23.9078 
0.000135936 7.35642 23.6797 
0.000135936 8.57696 23.4905 
0.000135936 10 23.3517 
0.000135936 11.6591 23.264 
0.000135936 13.5936 23.218 
0.000135936 15.8489 23.199 
0.000135936 18.4785 23.1931 
0.000135936 21.5443 23.1919 
0.000135936 25.1189 23.1917 
0.000135936 29.2864 23.1917 
0.000135936 34.1455 23.1917 
0.000135936 39.8107 23.1917 
0.000135936 46.4159 23.1917 
0.000135936 54.117 23.1917 
0.000135936 63.0957 23.1917 
0.000135936 73.5642 23.1917 
0.000135936 85.7696 23.1917 
0.000135936 100 23.1917 
0.000158489 0.01 25.6551 
0.000158489 0.0116591 25.6551 
0.000158489 0.0135936 25.6551 
0.000158489 0.0158489 25.655 
0.000158489 0.0184785 25.655 
0.000158489 0.0215443 25.655 
0.000158489 0.0251189 25.655 
0.000158489 0.0292864 25.655 
0.000158489 0.0341455 25.655 
0.000158489 0.0398107 25.6549 
0.000158489 0.0464159 25.6548 
0.000158489 0.054117 25.6548 
0.000158489 0.0630957 25.6547 
0.000158489 0.0735642 25.6545 
0.000158489 0.0857696 25.6543 
0.000158489 0.1 25.654 
0.000158489 0.116591 25.6537 
0.000158489 0.135936 25.6532 
0.000158489 0.158489 25.6525 
0.000158489 0.184785 25.6516 
0.000158489 0.215443 25.6503 
0.000158489 0.251189 25.6486 
0.000158489 0.292864 25.6463 
0.000158489 0.341455 25.6432 
0.000158489 0.398107 25.6389 
0.000158489 0.464159 25.6331 
0.000158489 0.54117 25.6253 
0.000158489 0.630957 25.6147 
0.000158489 0.735642 25.6004 
0.000158489 0.857696 25.581 
0.000158489 1 25.555 
0.000158489 1.16591 25.5201 
0.000158489 1.35936 25.4736 
0.000158489 1.58489 25.412 
0.000158489 1.84785 25.3309 
0.000158489 2.15443 25.2258 
0.000158489 2.51189 25.0914 
0.000158489 2.92864 24.9233 
0.000158489 3.41455 24.7184 
0.000158489 3.98107 24.4775 
0.000158489 4.64159 24.2065 
0.000158489 5.4117 23.9181 
0.000158489 6.30957 23.6317 
0.000158489 7.35642 23.3698 
0.000158489 8.57696 23.1531 
0.000158489 10 22.9943 
0.000158489 11.6591 22.894 
0.000158489 13.5936 22.8414 
0.000158489 15.8489 22.8197 
0.000158489 18.4785 22.8129 
0.000158489 21.5443 22.8115 
0.000158489 25.1189 22.8112 
0.000158489 29.2864 22.8112 
0.000158489 34.1455 22.8112 
0.000158489 39.8107 22.8112 
0.000158489 46.4159 22.8112 
0.000158489 54.117 22.8112 
0.000158489 63.0957 22.8112 
0.000158489 73.5642 22.8112 
0.000158489 85.7696 22.8112 
0.000158489 100 22.8112 
0.000184785 0.01 25.6551 
0.000184785 0.0116591 25.6551 
0.000184785 0.0135936 25.655 
0.000184785 0.0158489 25.655 
0.000184785 0.0184785 25.655 
0.000184785 0.0215443 25.655 
0.000184785 0.0251189 25.655 
0.000184785 0.0292864 25.655 
0.000184785 0.0341455 25.6549 
0.000184785 0.0398107 25.6549 
0.000184785 0.0464159 25.6548 
0.000184785 0.054117 25.6547 
0.000184785 0.0630957 25.6546 
0.000184785 0.0735642 25.6544 
0.000184785 0.0857696 25.6542 
0.000184785 0.1 25.6539 
0.000184785 0.116591 25.6534 
0.000184785 0.135936 25.6529 
0.000184785 0.158489 25.6521 
0.000184785 0.184785 25.651 
0.000184785 0.215443 25.6495 
0.000184785 0.251189 25.6476 
0.000184785 0.292864 25.6449 
0.000184785 0.341455 25.6412 
0.000184785 0.398107 25.6362 
0.000184785 0.464159 25.6295 
0.000184785 0.54117 25.6204 
0.000184785 0.630957 25.608 
0.000184785 0.735642 25.5913 
0.000184785 0.857696 25.5688 
0.000184785 1 25.5385 
0.000184785 1.16591 25.4978 
0.000184785 1.35936 25.4436 
0.000184785 1.58489 25.3719 
0.000184785 1.84785 25.2776 
0.000184785 2.15443 25.1553 
0.000184785 2.51189 24.9992 
0.000184785 2.92864 24.8041 
0.000184785 3.41455 24.5667 
0.000184785 3.98107 24.288 
0.000184785 4.64159 23.9753 
0.000184785 5.4117 23.6434 
0.000184785 6.30957 23.3146 
0.000184785 7.35642 23.0148 
0.000184785 8.57696 22.7674 
0.000184785 10 22.5863 
0.000184785 11.6591 22.472 
0.000184785 13.5936 22.4121 
0.000184785 15.8489 22.3873 
0.000184785 18.4785 22.3796 
0.000184785 21.5443 22.3779 
0.000184785 25.1189 22.3777 
0.000184785 29.2864 22.3776 
0.000184785 34.1455 22.3776 
0.000184785 39.8107 22.3776 
0.000184785 46.4159 22.3776 
0.000184785 54.117 22.3776 
0.000184785 63.0957 22.3776 
0.000184785 73.5642 22.3776 
0.000184785 85.7696 22.3776 
0.000184785 100 22.3776 
0.000215443 0.01 25.6551 
0.000215443 0.0116591 25.6551 
0.000215443 0.0135936 25.655 
0.000215443 0.0158489 25.655 
0.000215443 0.0184785 25.655 
0.000215443 0.0215443 25.655 
0.000215443 0.0251189 25.655 
0.000215443 0.0292864 25.655 
0.000215443 0.0341455 25.6549 
0.000215443 0.0398107 25.6548 
0.000215443 0.0464159 25.6548 
0.000215443 0.054117 25.6547 
0.000215443 0.0630957 25.6545 
0.000215443 0.0735642 25.6543 
0.000215443 0.0857696 25.654 
0.000215443 0.1 25.6537 
0.000215443 0.116591 25.6532 
0.000215443 0.135936 25.6525 
0.000215443 0.158489 25.6516 
0.000215443 0.184785 25.6503 
0.000215443 0.215443 25.6486 
0.000215443 0.251189 25.6463 
0.000215443 0.292864 25.6432 
0.000215443 0.341455 25.6389 
0.000215443 0.398107 25.6331 
0.000215443 0.464159 25.6253 
0.000215443 0.54117 25.6146 
0.000215443 0.630957 25.6002 
0.000215443 0.735642 25.5807 
0.000215443 0.857696 25.5545 
0.000215443 1 25.5192 
0.000215443 1.16591 25.4718 
0.000215443 1.35936 25.4087 
0.000215443 1.58489 25.3252 
0.000215443 1.84785 25.2155 
0.000215443 2.15443 25.0734 
0.000215443 2.51189 24.8922 
0.000215443 2.92864 24.6659 
0.000215443 3.41455 24.3911 
0.000215443 3.98107 24.0693 
0.000215443 4.64159 23.709 
0.000215443 5.4117 23.3278 
0.000215443 6.30957 22.9515 
0.000215443 7.35642 22.6095 
0.000215443 8.57696 22.328 
0.000215443 10 22.1224 
0.000215443 11.6591 21.9928 
0.000215443 13.5936 21.9248 
0.000215443 15.8489 21.8965 
0.000215443 18.4785 21.8878 
0.000215443 21.5443 21.8859 
0.000215443 25.1189 21.8856 
0.000215443 29.2864 21.8855 
0.000215443 34.1455 21.8855 
0.000215443 39.8107 21.8855 
0.000215443 46.4159 21.8855 
0.000215443 54.117 21.8855 
0.000215443 63.0957 21.8855 
0.000215443 73.5642 21.8855 
0.000215443 85.7696 21.8855 
0.000215443 100 21.8855 
0.000251189 0.01 25.6551 
0.000251189 0.0116591 25.655 
0.000251189 0.0135936 25.655 
0.000251189 0.0158489 25.655 
0.000251189 0.0184785 25.655 
0.000251189 0.0215443 25.655 
0.000251189 0.0251189 25.655 
0.000251189 0.0292864 25.6549 
0.000251189 0.0341455 25.6549 
0.000251189 0.0398107 25.6548 
0.000251189 0.0464159 25.6547 
0.000251189 0.054117 25.6546 
0.000251189 0.0630957 25.6544 
0.000251189 0.0735642 25.6542 
0.000251189 0.0857696 25.6539 
0.000251189 0.1 25.6534 
0.000251189 0.116591 25.6529 
0.000251189 0.135936 25.6521 
0.000251189 0.158489 25.651 
0.000251189 0.184785 25.6495 
0.000251189 0.215443 25.6476 
0.000251189 0.251189 25.6449 
0.000251189 0.292864 25.6412 
0.000251189 0.341455 25.6362 
0.000251189 0.398107 25.6295 
0.000251189 0.464159 25.6203 
0.000251189 0.54117 25.6079 
0.000251189 0.630957 25.5911 
0.000251189 0.735642 25.5684 
0.000251189 0.857696 25.5378 
0.000251189 1 25.4967 
0.000251189 1.16591 25.4416 
0.000251189 1.35936 25.3681 
0.000251189 1.58489 25.2709 
0.000251189 1.84785 25.1434 
0.000251189 2.15443 24.9783 
0.000251189 2.51189 24.768 
0.000251189 2.92864 24.5058 
0.000251189 3.41455 24.1882 
0.000251189 3.98107 23.8171 
0.000251189 4.64159 23.4029 
0.000251189 5.4117 22.9664 
0.000251189 6.30957 22.5371 
0.000251189 7.35642 22.1485 
0.000251189 8.57696 21.8298 
0.000251189 10 21.5976 
0.000251189 11.6591 21.4512 
0.000251189 13.5936 21.3744 
0.000251189 15.8489 21.3424 
0.000251189 18.4785 21.3325 
0.000251189 21.5443 21.3303 
0.000251189 25.1189 21.33 
0.000251189 29.2864 21.3299 
0.000251189 34.1455 21.3299 
0.000251189 39.8107 21.3299 
0.000251189 46.4159 21.3299 
0.000251189 54.117 21.3299 
0.000251189 63.0957 21.3299 
0.000251189 73.5642 21.3299 
0.000251189 85.7696 21.3299 
0.000251189 100 21.3299 
0.000292864 0.01 25.6551 
0.000292864 0.0116591 25.655 
0.000292864 0.0135936 25.655 
0.000292864 0.0158489 25.655 
0.000292864 0.0184785 25.655 
0.000292864 0.0215443 25.655 
0.000292864 0.0251189 25.655 
0.000292864 0.0292864 25.6549 
0.000292864 0.0341455 25.6548 
0.000292864 0.0398107 25.6548 
0.000292864 0.0464159 25.6547 
0.000292864 0.054117 25.6545 
0.000292864 0.0630957 25.6543 
0.000292864 0.0735642 25.654 
0.000292864 0.0857696 25.6537 
0.000292864 0.1 25.6532 
0.000292864 0.116591 25.6525 
0.000292864 0.135936 25.6516 
0.000292864 0.158489 25.6503 
0.000292864 0.184785 25.6486 
0.000292864 0.215443 25.6463 
0.000292864 0.251189 25.6432 
0.000292864 0.292864 25.6389 
0.000292864 0.341455 25.6331 
0.000292864 0.398107 25.6252 
0.000292864 0.464159 25.6146 
0.000292864 0.54117 25.6001 
0.000292864 0.630957 25.5805 
0.000292864 0.735642 25.5541 
0.000292864 0.857696 25.5184 
0.000292864 1 25.4705 
0.000292864 1.16591 25.4063 
0.000292864 1.35936 25.3208 
0.000292864 1.58489 25.2077 
0.000292864 1.84785 25.0596 
0.000292864 2.15443 24.8679 
0.000292864 2.51189 24.6241 
0.000292864 2.92864 24.3207 
0.000292864 3.41455 23.954 
0.000292864 3.98107 23.5269 
0.000292864 4.64159 23.0521 
0.000292864 5.4117 22.5537 
0.000292864 6.30957 22.066 
0.000292864 7.35642 21.6266 
0.000292864 8.57696 21.2678 
0.000292864 10 21.007 
0.000292864 11.6591 20.8428 
0.000292864 13.5936 20.7565 
0.000292864 15.8489 20.7206 
0.000292864 18.4785 20.7094 
0.000292864 21.5443 20.7069 
0.000292864 25.1189 20.7065 
0.000292864 29.2864 20.7065 
0.000292864 34.1455 20.7065 
0.000292864 39.8107 20.7065 
0.000292864 46.4159 20.7065 
0.000292864 54.117 20.7065 
0.000292864 63.0957 20.7065 
0.000292864 73.5642 20.7065 
0.000292864 85.7696 20.7065 
0.000292864 100 20.7065 
0.000341455 0.01 25.655 
0.000341455 0.0116591 25.655 
0.000341455 0.0135936 25.655 
0.000341455 0.0158489 25.655 
0.000341455 0.0184785 25.655 
0.000341455 0.0215443 25.655 
0.000341455 0.0251189 25.6549 
0.000341455 0.0292864 25.6549 
0.000341455 0.0341455 25.6548 
0.000341455 0.0398107 25.6547 
0.000341455 0.0464159 25.6546 
0.000341455 0.054117 25.6544 
0.000341455 0.0630957 25.6542 
0.000341455 0.0735642 25.6539 
0.000341455 0.0857696 25.6534 
0.000341455 0.1 25.6529 
0.000341455 0.116591 25.6521 
0.000341455 0.135936 25.651 
0.000341455 0.158489 25.6495 
0.000341455 0.184785 25.6476 
0.000341455 0.215443 25.6449 
0.000341455 0.251189 25.6412 
0.000341455 0.292864 25.6362 
0.000341455 0.341455 25.6294 
0.000341455 0.398107 25.6203 
0.000341455 0.464159 25.6078 
0.000341455 0.54117 25.591 
0.000341455 0.630957 25.5682 
0.000341455 0.735642 25.5374 
0.000341455 0.857696 25.4959 
0.000341455 1 25.44 
0.000341455 1.16591 25.3653 
0.000341455 1.35936 25.2658 
0.000341455 1.58489 25.1343 
0.000341455 1.84785 24.9622 
0.000341455 2.15443 24.7398 
0.000341455 2.51189 24.4574 
0.000341455 2.92864 24.1069 
0.000341455 3.41455 23.6843 
0.000341455 3.98107 23.1939 
0.000341455 4.64159 22.651 
0.000341455 5.4117 22.0843 
0.000341455 6.30957 21.5329 
0.000341455 7.35642 21.0391 
0.000341455 8.57696 20.6378 
0.000341455 10 20.3472 
0.000341455 11.6591 20.1644 
0.000341455 13.5936 20.0683 
0.000341455 15.8489 20.0281 
0.000341455 18.4785 20.0155 
0.000341455 21.5443 20.0127 
0.000341455 25.1189 20.0123 
0.000341455 29.2864 20.0122 
0.000341455 34.1455 20.0122 
0.000341455 39.8107 20.0122 
0.000341455 46.4159 20.0122 
0.000341455 54.117 20.0122 
0.000341455 63.0957 20.0122 
0.000341455 73.5642 20.0122 
0.000341455 85.7696 20.0122 
0.000341455 100 20.0122 
0.000398107 0.01 25.655 
0.000398107 0.0116591 25.655 
0.000398107 0.0135936 25.655 
0.000398107 0.0158489 25.655 
0.000398107 0.0184785 25.655 
0.000398107 0.0215443 25.655 
0.000398107 0.0251189 25.6549 
0.000398107 0.0292864 25.6548 
0.000398107 0.0341455 25.6548 
0.000398107 0.0398107 25.6547 
0.000398107 0.0464159 25.6545 
0.000398107 0.054117 25.6543 
0.000398107 0.0630957 25.654 
0.000398107 0.0735642 25.6537 
0.000398107 0.0857696 25.6532 
0.000398107 0.1 25.6525 
0.000398107 0.116591 25.6516 
0.000398107 0.135936 25.6503 
0.000398107 0.158489 25.6486 
0.000398107 0.184785 25.6463 
0.000398107 0.215443 25.6432 
0.000398107 0.251189 25.6389 
0.000398107 0.292864 25.6331 
0.000398107 0.341455 25.6252 
0.000398107 0.398107 25.6145 
0.000398107 0.464159 25.6 
0.000398107 0.54117 25.5804 
0.000398107 0.630957 25.5538 
0.000398107 0.735642 25.5179 
0.000398107 0.857696 25.4695 
0.000398107 1 25.4045 
0.000398107 1.16591 25.3176 
0.000398107 1.35936 25.2019 
0.000398107 1.58489 25.049 
0.000398107 1.84785 24.8492 
0.000398107 2.15443 24.5914 
0.000398107 2.51189 24.2647 
0.000398107 2.92864 23.8602 
0.000398107 3.41455 23.3743 
0.000398107 3.98107 22.8127 
0.000398107 4.64159 22.1944 
0.000398107 5.4117 21.553 
0.000398107 6.30957 20.9333 
0.000398107 7.35642 20.3823 
0.000398107 8.57696 19.9374 
0.000398107 10 19.6165 
0.000398107 11.6591 19.4149 
0.000398107 13.5936 19.3087 
0.000398107 15.8489 19.2642 
0.000398107 18.4785 19.2502 
0.000398107 21.5443 19.247 
0.000398107 25.1189 19.2466 
0.000398107 29.2864 19.2465 
0.000398107 34.1455 19.2465 
0.000398107 39.8107 19.2465 
0.000398107 46.4159 19.2465 
0.000398107 54.117 19.2465 
0.000398107 63.0957 19.2465 
0.000398107 73.5642 19.2465 
0.000398107 85.7696 19.2465 
0.000398107 100 19.2465 
0.000464159 0.01 25.655 
0.000464159 0.0116591 25.655 
0.000464159 0.0135936 25.655 
0.000464159 0.0158489 25.655 
0.000464159 0.0184785 25.655 
0.000464159 0.0215443 25.6549 
0.000464159 0.0251189 25.6549 
0.000464159 0.0292864 25.6548 
0.000464159 0.0341455 25.6547 
0.000464159 0.0398107 25.6546 
0.000464159 0.0464159 25.6544 
0.000464159 0.054117 25.6542 
0.000464159 0.0630957 25.6539 
0.000464159 0.0735642 25.6534 
0.000464159 0.0857696 25.6529 
0.000464159 0.1 25.6521 
0.000464159 0.116591 25.651 
0.000464159 0.135936 25.6495 
0.000464159 0.158489 25.6475 
0.000464159 0.184785 25.6448 
0.000464159 0.215443 25.6412 
0.000464159 0.251189 25.6362 
0.000464159 0.292864 25.6294 
0.000464159 0.341455 25.6202 
0.000464159 0.398107 25.6078 
0.000464159 0.464159 25.5909 
0.000464159 0.54117 25.568 
0.000464159 0.630957 25.537 
0.000464159 0.735642 25.4952 
0.000464159 0.857696 25.4389 
0.000464159 1 25.3632 
0.000464159 1.16591 25.262 
0.000464159 1.35936 25.1275 
0.000464159 1.58489 24.95 
0.000464159 1.84785 24.7182 
0.000464159 2.15443 24.4196 
0.000464159 2.51189 24.0422 
0.000464159 2.92864 23.5763 
0.000464159 3.41455 23.0188 
0.000464159 3.98107 22.3779 
0.000464159 4.64159 21.6767 
0.000464159 5.4117 20.9549 
0.000464159 6.30957 20.2636 
0.000464159 7.35642 19.6543 
0.000464159 8.57696 19.1662 
0.000464159 10 18.816 
0.000464159 11.6591 18.5964 
0.000464159 13.5936 18.4804 
0.000464159 15.8489 18.4315 
0.000464159 18.4785 18.4161 
0.000464159 21.5443 18.4126 
0.000464159 25.1189 18.4121 
0.000464159 29.2864 18.412 
0.000464159 34.1455 18.412 
0.000464159 39.8107 18.412 
0.000464159 46.4159 18.412 
0.000464159 54.117 18.412 
0.000464159 63.0957 18.412 
0.000464159 73.5642 18.412 
0.000464159 85.7696 18.412 
0.000464159 100 18.412 
0.00054117 0.01 25.655 
0.00054117 0.0116591 25.655 
0.00054117 0.0135936 25.655 
0.00054117 0.0158489 25.655 
0.00054117 0.0184785 25.655 
0.00054117 0.0215443 25.6549 
0.00054117 0.0251189 25.6548 
0.00054117 0.0292864 25.6548 
0.00054117 0.0341455 25.6547 
0.00054117 0.0398107 25.6545 
0.00054117 0.0464159 25.6543 
0.00054117 0.054117 25.654 
0.00054117 0.0630957 25.6537 
0.00054117 0.0735642 25.6532 
0.00054117 0.0857696 25.6525 
0.00054117 0.1 25.6516 
0.00054117 0.116591 25.6503 
0.00054117 0.135936 25.6486 
0.00054117 0.158489 25.6463 
0.00054117 0.184785 25.6432 
0.00054117 0.215443 25.6389 
0.00054117 0.251189 25.6331 
0.00054117 0.292864 25.6252 
0.00054117 0.341455 25.6145 
0.00054117 0.398107 25.5999 
0.00054117 0.464159 25.5803 
0.00054117 0.54117 25.5536 
0.00054117 0.630957 25.5175 
0.00054117 0.735642 25.4688 
0.00054117 0.857696 25.4032 
0.00054117 1 25.3151 
0.00054117 1.16591 25.1975 
0.00054117 1.35936 25.0411 
0.00054117 1.58489 24.835 
0.00054117 1.84785 24.5663 
0.00054117 2.15443 24.221 
0.00054117 2.51189 23.7856 
0.00054117 2.92864 23.2501 
0.00054117 3.41455 22.6125 
0.00054117 3.98107 21.8839 
0.00054117 4.64159 21.0929 
0.00054117 5.4117 20.2864 
0.00054117 6.30957 19.5221 
0.00054117 7.35642 18.8561 
0.00054117 8.57696 18.3278 
0.00054117 10 17.9513 
0.00054117 11.6591 17.7156 
0.00054117 13.5936 17.5908 
0.00054117 15.8489 17.5378 
0.00054117 18.4785 17.5209 
0.00054117 21.5443 17.5171 
0.00054117 25.1189 17.5165 
0.00054117 29.2864 17.5164 
0.00054117 34.1455 17.5164 
0.00054117 39.8107 17.5164 
0.00054117 46.4159 17.5164 
0.00054117 54.117 17.5164 
0.00054117 63.0957 17.5164 
0.00054117 73.5642 17.5164 
0.00054117 85.7696 17.5164 
0.00054117 100 17.5164 
0.000630957 0.01 25.655 
0.000630957 0.0116591 25.655 
0.000630957 0.0135936 25.655 
0.000630957 0.0158489 25.655 
0.000630957 0.0184785 25.6549 
0.000630957 0.0215443 25.6549 
0.000630957 0.0251189 25.6548 
0.000630957 0.0292864 25.6547 
0.000630957 0.0341455 25.6546 
0.000630957 0.0398107 25.6544 
0.000630957 0.0464159 25.6542 
0.000630957 0.054117 25.6539 
0.000630957 0.0630957 25.6534 
0.000630957 0.0735642 25.6529 
0.000630957 0.0857696 25.6521 
0.000630957 0.1 25.651 
0.000630957 0.116591 25.6495 
0.000630957 0.135936 25.6475 
0.000630957 0.158489 25.6448 
0.000630957 0.184785 25.6412 
0.000630957 0.215443 25.6362 
0.000630957 0.251189 25.6294 
0.000630957 0.292864 25.6202 
0.000630957 0.341455 25.6077 
0.000630957 0.398107 25.5908 
0.000630957 0.464159 25.5679 
0.000630957 0.54117 25.5368 
0.000630957 0.630957 25.4948 
0.000630957 0.735642 25.438 
0.000630957 0.857696 25.3617 
0.000630957 1 25.2592 
0.000630957 1.16591 25.1224 
0.000630957 1.35936 24.9407 
0.000630957 1.58489 24.7017 
0.000630957 1.84785 24.3906 
0.000630957 2.15443 23.9917 
0.000630957 2.51189 23.4904 
0.000630957 2.92864 22.8766 
0.000630957 3.41455 22.1498 
0.000630957 3.98107 21.3254 
0.000630957 4.64159 20.439 
0.000630957 5.4117 19.5455 
0.000630957 6.30957 18.7102 
0.000630957 7.35642 17.9928 
0.000630957 8.57696 17.431 
0.000630957 10 17.0341 
0.000630957 11.6591 16.7861 
0.000630957 13.5936 16.6542 
0.000630957 15.8489 16.5978 
0.000630957 18.4785 16.5796 
0.000630957 21.5443 16.5754 
0.000630957 25.1189 16.5747 
0.000630957 29.2864 16.5747 
0.000630957 34.1455 16.5747 
0.000630957 39.8107 16.5747 
0.000630957 46.4159 16.5747 
0.000630957 54.117 16.5747 
0.000630957 63.0957 16.5747 
0.000630957 73.5642 16.5747 
0.000630957 85.7696 16.5747 
0.000630957 100 16.5747 
0.000735642 0.01 25.655 
0.000735642 0.0116591 25.655 
0.000735642 0.0135936 25.655 
0.000735642 0.0158489 25.655 
0.000735642 0.0184785 25.6549 
0.000735642 0.0215443 25.6548 
0.000735642 0.0251189 25.6548 
0.000735642 0.0292864 25.6547 
0.000735642 0.0341455 25.6545 
0.000735642 0.0398107 25.6543 
0.000735642 0.0464159 25.654 
0.000735642 0.054117 25.6537 
0.000735642 0.0630957 25.6532 
0.000735642 0.0735642 25.6525 
0.000735642 0.0857696 25.6516 
0.000735642 0.1 25.6503 
0.000735642 0.116591 25.6486 
0.000735642 0.135936 25.6463 
0.000735642 0.158489 25.6432 
0.000735642 0.184785 25.6389 
0.000735642 0.215443 25.6331 
0.000735642 0.251189 25.6252 
0.000735642 0.292864 25.6144 
0.000735642 0.341455 25.5999 
0.000735642 0.398107 25.5802 
0.000735642 0.464159 25.5534 
0.000735642 0.54117 25.5172 
0.000735642 0.630957 25.4683 
0.000735642 0.735642 25.4022 
0.000735642 0.857696 25.3133 
0.000735642 1 25.1942 
0.000735642 1.16591 25.0351 
0.000735642 1.35936 24.8243 
0.000735642 1.58489 24.5472 
0.000735642 1.84785 24.1874 
0.000735642 2.15443 23.7275 
0.000735642 2.51189 23.1516 
0.000735642 2.92864 22.45 
0.000735642 3.41455 21.6251 
0.000735642 3.98107 20.6978 
0.000735642 4.64159 19.7123 
0.000735642 5.4117 18.7333 
0.000735642 6.30957 17.8338 
0.000735642 7.35642 17.0756 
0.000735642 8.57696 16.4921 
0.000735642 10 16.0845 
0.000735642 11.6591 15.8306 
0.000735642 13.5936 15.6947 
0.000735642 15.8489 15.6358 
0.000735642 18.4785 15.6165 
0.000735642 21.5443 15.6121 
0.000735642 25.1189 15.6113 
0.000735642 29.2864 15.6113 
0.000735642 34.1455 15.6112 
0.000735642 39.8107 15.6112 
0.000735642 46.4159 15.6112 
0.000735642 54.117 15.6112 
0.000735642 63.0957 15.6112 
0.000735642 73.5642 15.6112 
0.000735642 85.7696 15.6112 
0.000735642 100 15.6112 
0.000857696 0.01 25.655 
0.000857696 0.0116591 25.655 
0.000857696 0.0135936 25.655 
0.000857696 0.0158489 25.6549 
0.000857696 0.0184785 25.6549 
0.000857696 0.0215443 25.6548 
0.000857696 0.0251189 25.6547 
0.000857696 0.0292864 25.6546 
0.000857696 0.0341455 25.6544 
0.000857696 0.0398107 25.6542 
0.000857696 0.0464159 25.6539 
0.000857696 0.054117 25.6534 
0.000857696 0.0630957 25.6529 
0.000857696 0.0735642 25.6521 
0.000857696 0.0857696 25.651 
0.000857696 0.1 25.6495 
0.000857696 0.116591 25.6475 
0.000857696 0.135936 25.6448 
0.000857696 0.158489 25.6412 
0.000857696 0.184785 25.6362 
0.000857696 0.215443 25.6294 
0.000857696 0.251189 25.6202 
0.000857696 0.292864 25.6077 
0.000857696 0.341455 25.5908 
0.000857696 0.398107 25.5678 
0.000857696 0.464159 25.5366 
0.000857696 0.54117 25.4944 
0.000857696 0.630957 25.4374 
0.000857696 0.735642 25.3605 
0.000857696 0.857696 25.2571 
0.000857696 1 25.1185 
0.000857696 1.16591 24.9338 
0.000857696 1.35936 24.6893 
0.000857696 1.58489 24.3685 
0.000857696 1.84785 23.953 
0.000857696 2.15443 23.4236 
0.000857696 2.51189 22.7637 
0.000857696 2.92864 21.9649 
0.000857696 3.41455 21.0333 
0.000857696 3.98107 19.9977 
0.000857696 4.64159 18.9129 
0.000857696 5.4117 17.8551 
0.000857696 6.30957 16.905 
0.000857696 7.35642 16.1242 
0.000857696 8.57696 15.5377 
0.000857696 10 15.1347 
0.000857696 11.6591 14.8844 
0.000857696 13.5936 14.7491 
0.000857696 15.8489 14.6894 
0.000857696 18.4785 14.6694 
0.000857696 21.5443 14.6647 
0.000857696 25.1189 14.6639 
0.000857696 29.2864 14.6638 
0.000857696 34.1455 14.6638 
0.000857696 39.8107 14.6638 
0.000857696 46.4159 14.6638 
0.000857696 54.117 14.6638 
0.000857696 63.0957 14.6638 
0.000857696 73.5642 14.6638 
0.000857696 85.7696 14.6638 
0.000857696 100 14.6638 
0.001 0.01 25.655 
0.001 0.0116591 25.655 
0.001 0.0135936 25.655 
0.001 0.0158489 25.6549 
0.001 0.0184785 25.6548 
0.001 0.0215443 25.6548 
0.001 0.0251189 25.6547 
0.001 0.0292864 25.6545 
0.001 0.0341455 25.6543 
0.001 0.0398107 25.654 
0.001 0.0464159 25.6537 
0.001 0.054117 25.6532 
0.001 0.0630957 25.6525 
0.001 0.0735642 25.6516 
0.001 0.0857696 25.6503 
0.001 0.1 25.6486 
0.001 0.116591 25.6463 
0.001 0.135936 25.6431 
0.001 0.158489 25.6389 
0.001 0.184785 25.6331 
0.001 0.215443 25.6252 
0.001 0.251189 25.6144 
0.001 0.292864 25.5999 
0.001 0.341455 25.5801 
0.001 0.398107 25.5533 
0.001 0.464159 25.517 
0.001 0.54117 25.4679 
0.001 0.630957 25.4015 
0.001 0.735642 25.312 
0.001 0.857696 25.1917 
0.001 1 25.0307 
0.001 1.16591 24.8163 
0.001 1.35936 24.5329 
0.001 1.58489 24.1619 
0.001 1.84785 23.6828 
0.001 2.15443 23.0748 
0.001 2.51189 22.3213 
0.001 2.92864 21.4157 
0.001 3.41455 20.3702 
0.001 3.98107 19.2238 
0.001 4.64159 18.0447 
0.001 5.4117 16.9224 
0.001 6.30957 15.9448 
0.001 7.35642 15.1698 
0.001 8.57696 14.608 
0.001 10 14.2316 
0.001 11.6591 13.9988 
0.001 13.5936 13.8707 
0.001 15.8489 13.8126 
0.001 18.4785 13.7925 
0.001 21.5443 13.7876 
0.001 25.1189 13.7867 
0.001 29.2864 13.7866 
0.001 34.1455 13.7866 
0.001 39.8107 13.7866 
0.001 46.4159 13.7866 
0.001 54.117 13.7866 
0.001 63.0957 13.7866 
0.001 73.5642 13.7866 
0.001 85.7696 13.7866 
0.001 100 13.7866 
0.00116591 0.01 25.655 
0.00116591 0.0116591 25.655 
0.00116591 0.0135936 25.6549 
0.00116591 0.0158489 25.6549 
0.00116591 0.0184785 25.6548 
0.00116591 0.0215443 25.6547 
0.00116591 0.0251189 25.6546 
0.00116591 0.0292864 25.6544 
0.00116591 0.0341455 25.6542 
0.00116591 0.0398107 25.6539 
0.00116591 0.0464159 25.6534 
0.00116591 0.054117 25.6529 
0.00116591 0.0630957 25.6521 
0.00116591 0.0735642 25.651 
0.00116591 0.0857696 25.6495 
0.00116591 0.1 25.6475 
0.00116591 0.116591 25.6448 
0.00116591 0.135936 25.6412 
0.00116591 0.158489 25.6362 
0.00116591 0.184785 25.6294 
0.00116591 0.215443 25.6202 
0.00116591 0.251189 25.6077 
0.00116591 0.292864 25.5907 
0.00116591 0.341455 25.5677 
0.00116591 0.398107 25.5365 
0.00116591 0.464159 25.4942 
0.00116591 0.54117 25.437 
0.00116591 0.630957 25.3597 
0.00116591 0.735642 25.2556 
0.00116591 0.857696 25.1157 
0.00116591 1 24.9287 
0.00116591 1.16591 24.68 
0.00116591 1.35936 24.3518 
0.00116591 1.58489 23.9235 
0.00116591 1.84785 23.3722 
0.00116591 2.15443 22.6759 
0.00116591 2.51189 21.8185 
0.00116591 2.92864 20.7974 
0.00116591 3.41455 19.6332 
0.00116591 3.98107 18.3781 
0.00116591 4.64159 17.1174 
0.00116591 5.4117 15.9556 
0.00116591 6.30957 14.9864 
0.00116591 7.35642 14.2586 
0.00116591 8.57696 13.7611 
0.00116591 10 13.4419 
0.00116591 11.6591 13.2455 
0.00116591 13.5936 13.1339 
0.00116591 15.8489 13.0805 
0.00116591 18.4785 13.0612 
0.00116591 21.5443 13.0562 
0.00116591 25.1189 13.0553 
0.00116591 29.2864 13.0552 
0.00116591 34.1455 13.0551 
0.00116591 39.8107 13.0551 
0.00116591 46.4159 13.0551 
0.00116591 54.117 13.0551 
0.00116591 63.0957 13.0551 
0.00116591 73.5642 13.0551 
0.00116591 85.7696 13.0551 
0.00116591 100 13.0551 
0.00135936 0.01 25.655 
0.00135936 0.0116591 25.655 
0.00135936 0.0135936 25.6549 
0.00135936 0.0158489 25.6548 
0.00135936 0.0184785 25.6548 
0.00135936 0.0215443 25.6547 
0.00135936 0.0251189 25.6545 
0.00135936 0.0292864 25.6543 
0.00135936 0.0341455 25.654 
0.00135936 0.0398107 25.6537 
0.00135936 0.0464159 25.6532 
0.00135936 0.054117 25.6525 
0.00135936 0.0630957 25.6516 
0.00135936 0.0735642 25.6503 
0.00135936 0.0857696 25.6486 
0.00135936 0.1 25.6463 
0.00135936 0.116591 25.6431 
0.00135936 0.135936 25.6389 
0.00135936 0.158489 25.6331 
0.00135936 0.184785 25.6251 
0.00135936 0.215443 25.6144 
0.00135936 0.251189 25.5998 
0.00135936 0.292864 25.5801 
0.00135936 0.341455 25.5532 
0.00135936 0.398107 25.5168 
0.00135936 0.464159 25.4676 
0.00135936 0.54117 25.401 
0.00135936 0.630957 25.311 
0.00135936 0.735642 25.1899 
0.00135936 0.857696 25.0274 
0.00135936 1 24.8103 
0.00135936 1.16591 24.5221 
0.00135936 1.35936 24.1427 
0.00135936 1.58489 23.6489 
0.00135936 1.84785 23.0159 
0.00135936 2.15443 22.2211 
0.00135936 2.51189 21.2501 
0.00135936 2.92864 20.1063 
0.00135936 3.41455 18.8221 
0.00135936 3.98107 17.4675 
0.00135936 4.64159 16.1486 
0.00135936 5.4117 14.9866 
0.00135936 6.30957 14.0783 
0.00135936 7.35642 13.4562 
0.00135936 8.57696 13.0768 
0.00135936 10 12.8558 
0.00135936 11.6591 12.7211 
0.00135936 13.5936 12.638 
0.00135936 15.8489 12.5937 
0.00135936 18.4785 12.5761 
0.00135936 21.5443 12.5712 
0.00135936 25.1189 12.5703 
0.00135936 29.2864 12.5701 
0.00135936 34.1455 12.5701 
0.00135936 39.8107 12.5701 
0.00135936 46.4159 12.5701 
0.00135936 54.117 12.5701 
0.00135936 63.0957 12.5701 
0.00135936 73.5642 12.5701 
0.00135936 85.7696 12.5701 
0.00135936 100 12.5701 
0.00158489 0.01 25.655 
0.00158489 0.0116591 25.6549 
0.00158489 0.0135936 25.6549 
0.00158489 0.0158489 25.6548 
0.00158489 0.0184785 25.6547 
0.00158489 0.0215443 25.6546 
0.00158489 0.0251189 25.6544 
0.00158489 0.0292864 25.6542 
0.00158489 0.0341455 25.6539 
0.00158489 0.0398107 25.6534 
0.00158489 0.0464159 25.6529 
0.00158489 0.054117 25.6521 
0.00158489 0.0630957 25.651 
0.00158489 0.0735642 25.6495 
0.00158489 0.0857696 25.6475 
0.00158489 0.1 25.6448 
0.00158489 0.116591 25.6412 
0.00158489 0.135936 25.6362 
0.00158489 0.158489 25.6294 
0.00158489 0.184785 25.6202 
0.00158489 0.215443 25.6077 
0.00158489 0.251189 25.5907 
0.00158489 0.292864 25.5676 
0.00158489 0.341455 25.5364 
0.00158489 0.398107 25.494 
0.00158489 0.464159 25.4366 
0.00158489 0.54117 25.359 
0.00158489 0.630957 25.2544 
0.00158489 0.735642 25.1136 
0.00158489 0.857696 24.9248 
0.00158489 1 24.673 
0.00158489 1.16591 24.3394 
0.00158489 1.35936 23.9013 
0.00158489 1.58489 23.3331 
0.00158489 1.84785 22.6085 
0.00158489 2.15443 21.7047 
0.00158489 2.51189 20.6112 
0.00158489 2.92864 19.3403 
0.00158489 3.41455 17.9408 
0.00158489 3.98107 16.5059 
0.00158489 4.64159 15.1667 
0.00158489 5.4117 14.0627 
0.00158489 6.30957 13.2893 
0.00158489 7.35642 12.8516 
0.00158489 8.57696 12.6612 
0.00158489 10 12.5913 
0.00158489 11.6591 12.5503 
0.00158489 13.5936 12.511 
0.00158489 15.8489 12.4813 
0.00158489 18.4785 12.4669 
0.00158489 21.5443 12.4622 
0.00158489 25.1189 12.4612 
0.00158489 29.2864 12.461 
0.00158489 34.1455 12.461 
0.00158489 39.8107 12.461 
0.00158489 46.4159 12.461 
0.00158489 54.117 12.461 
0.00158489 63.0957 12.461 
0.00158489 73.5642 12.461 
0.00158489 85.7696 12.461 
0.00158489 100 12.461 
0.00184785 0.01 25.655 
0.00184785 0.0116591 25.6549 
0.00184785 0.0135936 25.6548 
0.00184785 0.0158489 25.6548 
0.00184785 0.0184785 25.6547 
0.00184785 0.0215443 25.6545 
0.00184785 0.0251189 25.6543 
0.00184785 0.0292864 25.654 
0.00184785 0.0341455 25.6537 
0.00184785 0.0398107 25.6532 
0.00184785 0.0464159 25.6525 
0.00184785 0.054117 25.6516 
0.00184785 0.0630957 25.6503 
0.00184785 0.0735642 25.6486 
0.00184785 0.0857696 25.6463 
0.00184785 0.1 25.6431 
0.00184785 0.116591 25.6389 
0.00184785 0.135936 25.633 
0.00184785 0.158489 25.6251 
0.00184785 0.184785 25.6144 
0.00184785 0.215443 25.5998 
0.00184785 0.251189 25.58 
0.00184785 0.292864 25.5532 
0.00184785 0.341455 25.5167 
0.00184785 0.398107 25.4674 
0.00184785 0.464159 25.4006 
0.00184785 0.54117 25.3103 
0.00184785 0.630957 25.1886 
0.00184785 0.735642 25.0249 
0.00184785 0.857696 24.8058 
0.00184785 1 24.514 
0.00184785 1.16591 24.1282 
0.00184785 1.35936 23.6233 
0.00184785 1.58489 22.9711 
0.00184785 1.84785 22.1442 
0.00184785 2.15443 21.1215 
0.00184785 2.51189 19.8983 
0.00184785 2.92864 18.5006 
0.00184785 3.41455 16.999 
0.00184785 3.98107 15.5164 
0.00184785 4.64159 14.2147 
0.00184785 5.4117 13.251 
0.00184785 6.30957 12.7122 
0.00184785 7.35642 12.5618 
0.00184785 8.57696 12.65 
0.00184785 10 12.7967 
0.00184785 11.6591 12.8886 
0.00184785 13.5936 12.9116 
0.00184785 15.8489 12.903 
0.00184785 18.4785 12.8932 
0.00184785 21.5443 12.8891 
0.00184785 25.1189 12.888 
0.00184785 29.2864 12.8878 
0.00184785 34.1455 12.8877 
0.00184785 39.8107 12.8877 
0.00184785 46.4159 12.8877 
0.00184785 54.117 12.8877 
0.00184785 63.0957 12.8877 
0.00184785 73.5642 12.8877 
0.00184785 85.7696 12.8877 
0.00184785 100 12.8877 
0.00215443 0.01 25.6549 
0.00215443 0.0116591 25.6549 
0.00215443 0.0135936 25.6548 
0.00215443 0.0158489 25.6547 
0.00215443 0.0184785 25.6546 
0.00215443 0.0215443 25.6544 
0.00215443 0.0251189 25.6542 
0.00215443 0.0292864 25.6539 
0.00215443 0.0341455 25.6534 
0.00215443 0.0398107 25.6529 
0.00215443 0.0464159 25.6521 
0.00215443 0.054117 25.651 
0.00215443 0.0630957 25.6495 
0.00215443 0.0735642 25.6475 
0.00215443 0.0857696 25.6448 
0.00215443 0.1 25.6412 
0.00215443 0.116591 25.6362 
0.00215443 0.135936 25.6294 
0.00215443 0.158489 25.6202 
0.00215443 0.184785 25.6077 
0.00215443 0.215443 25.5907 
0.00215443 0.251189 25.5676 
0.00215443 0.292864 25.5363 
0.00215443 0.341455 25.4938 
0.00215443 0.398107 25.4364 
0.00215443 0.464159 25.3586 
0.00215443 0.54117 25.2536 
0.00215443 0.630957 25.112 
0.00215443 0.735642 24.922 
0.00215443 0.857696 24.6679 
0.00215443 1 24.3301 
0.00215443 1.16591 23.8846 
0.00215443 1.35936 23.3037 
0.00215443 1.58489 22.5573 
0.00215443 1.84785 21.6175 
0.00215443 2.15443 20.4667 
0.00215443 2.51189 19.1101 
0.00215443 2.92864 17.5925 
0.00215443 3.41455 16.0142 
0.00215443 3.98107 14.5355 
0.00215443 4.64159 13.3539 
0.00215443 5.4117 12.6427 
0.00215443 6.30957 12.4684 
0.00215443 7.35642 12.7341 
0.00215443 8.57696 13.2098 
0.00215443 10 13.6505 
0.00215443 11.6591 13.9207 
0.00215443 13.5936 14.0271 
0.00215443 15.8489 14.0471 
0.00215443 18.4785 14.0437 
0.00215443 21.5443 14.0403 
0.00215443 25.1189 14.0391 
0.00215443 29.2864 14.0388 
0.00215443 34.1455 14.0388 
0.00215443 39.8107 14.0388 
0.00215443 46.4159 14.0388 
0.00215443 54.117 14.0388 
0.00215443 63.0957 14.0388 
0.00215443 73.5642 14.0388 
0.00215443 85.7696 14.0388 
0.00215443 100 14.0388 
0.00251189 0.01 25.6549 
0.00251189 0.0116591 25.6548 
0.00251189 0.0135936 25.6548 
0.00251189 0.0158489 25.6547 
0.00251189 0.0184785 25.6545 
0.00251189 0.0215443 25.6543 
0.00251189 0.0251189 25.654 
0.00251189 0.0292864 25.6537 
0.00251189 0.0341455 25.6532 
0.00251189 0.0398107 25.6525 
0.00251189 0.0464159 25.6516 
0.00251189 0.054117 25.6503 
0.00251189 0.0630957 25.6486 
0.00251189 0.0735642 25.6463 
0.00251189 0.0857696 25.6431 
0.00251189 0.1 25.6389 
0.00251189 0.116591 25.633 
0.00251189 0.135936 25.6251 
0.00251189 0.158489 25.6144 
0.00251189 0.184785 25.5998 
0.00251189 0.215443 25.58 
0.00251189 0.251189 25.5531 
0.00251189 0.292864 25.5166 
0.00251189 0.341455 25.4672 
0.00251189 0.398107 25.4003 
0.00251189 0.464159 25.3097 
0.00251189 0.54117 25.1876 
0.00251189 0.630957 25.0231 
0.00251189 0.735642 24.8025 
0.00251189 0.857696 24.5081 
0.00251189 1 24.1175 
0.00251189 1.16591 23.6041 
0.00251189 1.35936 22.9374 
0.00251189 1.58489 22.0859 
0.00251189 1.84785 21.023 
0.00251189 2.15443 19.7372 
0.00251189 2.51189 18.2486 
0.00251189 2.92864 16.628 
0.00251189 3.41455 15.0149 
0.00251189 3.98107 13.6161 
0.00251189 4.64159 12.6687 
0.00251189 5.4117 12.3571 
0.00251189 6.30957 12.7101 
0.00251189 7.35642 13.5466 
0.00251189 8.57696 14.5353 
0.00251189 10 15.3562 
0.00251189 11.6591 15.8541 
0.00251189 13.5936 16.0666 
0.00251189 15.8489 16.1228 
0.00251189 18.4785 16.1277 
0.00251189 21.5443 16.1251 
0.00251189 25.1189 16.1238 
0.00251189 29.2864 16.1234 
0.00251189 34.1455 16.1234 
0.00251189 39.8107 16.1233 
0.00251189 46.4159 16.1233 
0.00251189 54.117 16.1233 
0.00251189 63.0957 16.1233 
0.00251189 73.5642 16.1233 
0.00251189 85.7696 16.1233 
0.00251189 100 16.1233 
0.00292864 0.01 25.6549 
0.00292864 0.0116591 25.6548 
0.00292864 0.0135936 25.6547 
0.00292864 0.0158489 25.6546 
0.00292864 0.0184785 25.6544 
0.00292864 0.0215443 25.6542 
0.00292864 0.0251189 25.6539 
0.00292864 0.0292864 25.6534 
0.00292864 0.0341455 25.6529 
0.00292864 0.0398107 25.6521 
0.00292864 0.0464159 25.651 
0.00292864 0.054117 25.6495 
0.00292864 0.0630957 25.6475 
0.00292864 0.0735642 25.6448 
0.00292864 0.0857696 25.6412 
0.00292864 0.1 25.6362 
0.00292864 0.116591 25.6294 
0.00292864 0.135936 25.6202 
0.00292864 0.158489 25.6077 
0.00292864 0.184785 25.5907 
0.00292864 0.215443 25.5676 
0.00292864 0.251189 25.5362 
0.00292864 0.292864 25.4937 
0.00292864 0.341455 25.4362 
0.00292864 0.398107 25.3582 
0.00292864 0.464159 25.2529 
0.00292864 0.54117 25.1109 
0.00292864 0.630957 24.9199 
0.00292864 0.735642 24.6641 
0.00292864 0.857696 24.3232 
0.00292864 1 23.8722 
0.00292864 1.16591 23.2817 
0.00292864 1.35936 22.5187 
0.00292864 1.58489 21.5513 
0.00292864 1.84785 20.3562 
0.00292864 2.15443 18.9322 
0.00292864 2.51189 17.3205 
0.00292864 2.92864 15.628 
0.00292864 3.41455 14.0442 
0.00292864 3.98107 12.8322 
0.00292864 4.64159 12.271 
0.00292864 5.4117 12.5445 
0.00292864 6.30957 13.6199 
0.00292864 7.35642 15.203 
0.00292864 8.57696 16.8402 
0.00292864 10 18.1305 
0.00292864 11.6591 18.9053 
0.00292864 13.5936 19.2459 
0.00292864 15.8489 19.3458 
0.00292864 18.4785 19.3604 
0.00292864 21.5443 19.3587 
0.00292864 25.1189 19.3572 
0.00292864 29.2864 19.3567 
0.00292864 34.1455 19.3566 
0.00292864 39.8107 19.3566 
0.00292864 46.4159 19.3566 
0.00292864 54.117 19.3566 
0.00292864 63.0957 19.3566 
0.00292864 73.5642 19.3566 
0.00292864 85.7696 19.3566 
0.00292864 100 19.3566 
0.00341455 0.01 25.6548 
0.00341455 0.0116591 25.6548 
0.00341455 0.0135936 25.6547 
0.00341455 0.0158489 25.6545 
0.00341455 0.0184785 25.6543 
0.00341455 0.0215443 25.654 
0.00341455 0.0251189 25.6537 
0.00341455 0.0292864 25.6532 
0.00341455 0.0341455 25.6525 
0.00341455 0.0398107 25.6516 
0.00341455 0.0464159 25.6503 
0.00341455 0.054117 25.6486 
0.00341455 0.0630957 25.6463 
0.00341455 0.0735642 25.6431 
0.00341455 0.0857696 25.6389 
0.00341455 0.1 25.633 
0.00341455 0.116591 25.6251 
0.00341455 0.135936 25.6144 
0.00341455 0.158489 25.5998 
0.00341455 0.184785 25.58 
0.00341455 0.215443 25.5531 
0.00341455 0.251189 25.5166 
0.00341455 0.292864 25.4671 
0.00341455 0.341455 25.4 
0.00341455 0.398107 25.3093 
0.00341455 0.464159 25.1869 
0.00341455 0.54117 25.0218 
0.00341455 0.630957 24.8001 
0.00341455 0.735642 24.5036 
0.00341455 0.857696 24.1095 
0.00341455 1 23.5898 
0.00341455 1.16591 22.9121 
0.00341455 1.35936 22.042 
0.00341455 1.58489 20.9483 
0.00341455 1.84785 19.6141 
0.00341455 2.15443 18.0542 
0.00341455 2.51189 16.3398 
0.00341455 2.92864 14.6254 
0.00341455 3.41455 13.1639 
0.00341455 3.98107 12.2835 
0.00341455 4.64159 12.3029 
0.00341455 5.4117 13.386 
0.00341455 6.30957 15.4054 
0.00341455 7.35642 17.9213 
0.00341455 8.57696 20.3404 
0.00341455 10 22.1823 
0.00341455 11.6591 23.2772 
0.00341455 13.5936 23.7645 
0.00341455 15.8489 23.9139 
0.00341455 18.4785 23.9392 
0.00341455 21.5443 23.9385 
0.00341455 25.1189 23.9366 
0.00341455 29.2864 23.936 
0.00341455 34.1455 23.9359 
0.00341455 39.8107 23.9358 
0.00341455 46.4159 23.9358 
0.00341455 54.117 23.9358 
0.00341455 63.0957 23.9358 
0.00341455 73.5642 23.9358 
0.00341455 85.7696 23.9358 
0.00341455 100 23.9358 
0.00398107 0.01 25.6548 
0.00398107 0.0116591 25.6547 
0.00398107 0.0135936 25.6546 
0.00398107 0.0158489 25.6544 
0.00398107 0.0184785 25.6542 
0.00398107 0.0215443 25.6539 
0.00398107 0.0251189 25.6534 
0.00398107 0.0292864 25.6529 
0.00398107 0.0341455 25.6521 
0.00398107 0.0398107 25.651 
0.00398107 0.0464159 25.6495 
0.00398107 0.054117 25.6475 
0.00398107 0.0630957 25.6448 
0.00398107 0.0735642 25.6412 
0.00398107 0.0857696 25.6362 
0.00398107 0.1 25.6294 
0.00398107 0.116591 25.6202 
0.00398107 0.135936 25.6076 
0.00398107 0.158489 25.5906 
0.00398107 0.184785 25.5675 
0.00398107 0.215443 25.5362 
0.00398107 0.251189 25.4937 
0.00398107 0.292864 25.436 
0.00398107 0.341455 25.358 
0.00398107 0.398107 25.2525 
0.00398107 0.464159 25.11 
0.00398107 0.54117 24.9183 
0.00398107 0.630957 24.6612 
0.00398107 0.735642 24.318 
0.00398107 0.857696 23.863 
0.00398107 1 23.2653 
0.00398107 1.16591 22.4899 
0.00398107 1.35936 21.5015 
0.00398107 1.58489 20.2724 
0.00398107 1.84785 18.7963 
0.00398107 2.15443 17.1113 
0.00398107 2.51189 15.33 
0.00398107 2.92864 13.669 
0.00398107 3.41455 12.4588 
0.00398107 3.98107 12.0993 
0.00398107 4.64159 12.938 
0.00398107 5.4117 15.0882 
0.00398107 6.30957 18.2859 
0.00398107 7.35642 21.9129 
0.00398107 8.57696 25.2282 
0.00398107 10 27.6839 
0.00398107 11.6591 29.1287 
0.00398107 13.5936 29.7744 
0.00398107 15.8489 29.9767 
0.00398107 18.4785 30.0131 
0.00398107 21.5443 30.0129 
0.00398107 25.1189 30.0106 
0.00398107 29.2864 30.0098 
0.00398107 34.1455 30.0096 
0.00398107 39.8107 30.0095 
0.00398107 46.4159 30.0095 
0.00398107 54.117 30.0095 
0.00398107 63.0957 30.0095 
0.00398107 73.5642 30.0095 
0.00398107 85.7696 30.0095 
0.00398107 100 30.0095 
0.00464159 0.01 25.6548 
0.00464159 0.0116591 25.6547 
0.00464159 0.0135936 25.6545 
0.00464159 0.0158489 25.6543 
0.00464159 0.0184785 25.654 
0.00464159 0.0215443 25.6537 
0.00464159 0.0251189 25.6532 
0.00464159 0.0292864 25.6525 
0.00464159 0.0341455 25.6516 
0.00464159 0.0398107 25.6503 
0.00464159 0.0464159 25.6486 
0.00464159 0.054117 25.6463 
0.00464159 0.0630957 25.6431 
0.00464159 0.0735642 25.6389 
0.00464159 0.0857696 25.633 
0.00464159 0.1 25.6251 
0.00464159 0.116591 25.6144 
0.00464159 0.135936 25.5998 
0.00464159 0.158489 25.58 
0.00464159 0.184785 25.5531 
0.00464159 0.215443 25.5165 
0.00464159 0.251189 25.467 
0.00464159 0.292864 25.3999 
0.00464159 0.341455 25.3091 
0.00464159 0.398107 25.1863 
0.00464159 0.464159 25.0208 
0.00464159 0.54117 24.7983 
0.00464159 0.630957 24.5004 
0.00464159 0.735642 24.1036 
0.00464159 0.857696 23.5792 
0.00464159 1 22.8933 
0.00464159 1.16591 22.0091 
0.00464159 1.35936 20.8921 
0.00464159 1.58489 19.5209 
0.00464159 1.84785 17.9061 
0.00464159 2.15443 16.119 
0.00464159 2.51189 14.3276 
0.00464159 2.92864 12.8279 
0.00464159 3.41455 12.0413 
0.00464159 3.98107 12.44 
0.00464159 4.64159 14.3777 
0.00464159 5.4117 17.8713 
0.00464159 6.30957 22.471 
0.00464159 7.35642 27.3539 
0.00464159 8.57696 31.6385 
0.00464159 10 34.7372 
0.00464159 11.6591 36.5408 
0.00464159 13.5936 37.3473 
0.00464159 15.8489 37.6023 
0.00464159 18.4785 37.6493 
0.00464159 21.5443 37.6492 
0.00464159 25.1189 37.6462 
0.00464159 29.2864 37.6451 
0.00464159 34.1455 37.6448 
0.00464159 39.8107 37.6448 
0.00464159 46.4159 37.6448 
0.00464159 54.117 37.6448 
0.00464159 63.0957 37.6448 
0.00464159 73.5642 37.6448 
0.00464159 85.7696 37.6448 
0.00464159 100 37.6448 
0.0054117 0.01 25.6547 
0.0054117 0.0116591 25.6546 
0.0054117 0.0135936 25.6544 
0.0054117 0.0158489 25.6542 
0.0054117 0.0184785 25.6539 
0.0054117 0.0215443 25.6534 
0.0054117 0.0251189 25.6529 
0.0054117 0.0292864 25.6521 
0.0054117 0.0341455 25.651 
0.0054117 0.0398107 25.6495 
0.0054117 0.0464159 25.6475 
0.0054117 0.054117 25.6448 
0.0054117 0.0630957 25.6412 
0.0054117 0.0735642 25.6362 
0.0054117 0.0857696 25.6294 
0.0054117 0.1 25.6202 
0.0054117 0.116591 25.6076 
0.0054117 0.135936 25.5906 
0.0054117 0.158489 25.5675 
0.0054117 0.184785 25.5362 
0.0054117 0.215443 25.4936 
0.0054117 0.251189 25.4359 
0.0054117 0.292864 25.3578 
0.0054117 0.341455 25.2521 
0.0054117 0.398107 25.1094 
0.0054117 0.464159 24.9172 
0.0054117 0.54117 24.6591 
0.0054117 0.630957 24.3143 
0.0054117 0.735642 23.8562 
0.0054117 0.857696 23.2531 
0.0054117 1 22.4684 
0.0054117 1.16591 21.4643 
0.0054117 1.35936 20.2094 
0.0054117 1.58489 18.6936 
0.0054117 1.84785 16.9523 
0.0054117 2.15443 15.1029 
0.0054117 2.51189 13.3863 
0.0054117 2.92864 12.1957 
0.0054117 3.41455 12.0545 
0.0054117 3.98107 13.4965 
0.0054117 4.64159 16.841 
0.0054117 5.4117 21.9476 
0.0054117 6.30957 28.1295 
0.0054117 7.35642 34.3494 
0.0054117 8.57696 39.6154 
0.0054117 10 43.3415 
0.0054117 11.6591 45.4884 
0.0054117 13.5936 46.447 
0.0054117 15.8489 46.7515 
0.0054117 18.4785 46.8076 
0.0054117 21.5443 46.807 
0.0054117 25.1189 46.8031 
0.0054117 29.2864 46.8016 
0.0054117 34.1455 46.8013 
0.0054117 39.8107 46.8012 
0.0054117 46.4159 46.8012 
0.0054117 54.117 46.8012 
0.0054117 63.0957 46.8012 
0.0054117 73.5642 46.8012 
0.0054117 85.7696 46.8012 
0.0054117 100 46.8012 
0.00630957 0.01 25.6547 
0.00630957 0.0116591 25.6545 
0.00630957 0.0135936 25.6543 
0.00630957 0.0158489 25.654 
0.00630957 0.0184785 25.6537 
0.00630957 0.0215443 25.6532 
0.00630957 0.0251189 25.6525 
0.00630957 0.0292864 25.6516 
0.00630957 0.0341455 25.6503 
0.00630957 0.0398107 25.6486 
0.00630957 0.0464159 25.6463 
0.00630957 0.054117 25.6431 
0.00630957 0.0630957 25.6389 
0.00630957 0.0735642 25.633 
0.00630957 0.0857696 25.6251 
0.00630957 0.1 25.6144 
0.00630957 0.116591 25.5998 
0.00630957 0.135936 25.58 
0.00630957 0.158489 25.553 
0.00630957 0.184785 25.5165 
0.00630957 0.215443 25.4669 
0.00630957 0.251189 25.3998 
0.00630957 0.292864 25.3088 
0.00630957 0.341455 25.1859 
0.00630957 0.398107 25.0201 
0.00630957 0.464159 24.797 
0.00630957 0.54117 24.4979 
0.00630957 0.630957 24.0992 
0.00630957 0.735642 23.5713 
0.00630957 0.857696 22.8793 
0.00630957 1 21.9846 
0.00630957 1.16591 20.8501 
0.00630957 1.35936 19.4508 
0.00630957 1.58489 17.7942 
0.00630957 1.84785 15.9516 
0.00630957 2.15443 14.1025 
0.00630957 2.51189 12.5807 
0.00630957 2.92864 11.895 
0.00630957 3.41455 12.673 
0.00630957 3.98107 15.4826 
0.00630957 4.64159 20.5459 
0.00630957 5.4117 27.4912 
0.00630957 6.30957 35.3542 
0.00630957 7.35642 42.9007 
0.00630957 8.57696 49.0855 
0.00630957 10 53.3766 
0.00630957 11.6591 55.8272 
0.00630957 13.5936 56.9203 
0.00630957 15.8489 57.2681 
0.00630957 18.4785 57.3315 
0.00630957 21.5443 57.3299 
0.00630957 25.1189 57.3248 
0.00630957 29.2864 57.3229 
0.00630957 34.1455 57.3225 
0.00630957 39.8107 57.3224 
0.00630957 46.4159 57.3224 
0.00630957 54.117 57.3224 
0.00630957 63.0957 57.3224 
0.00630957 73.5642 57.3224 
0.00630957 85.7696 57.3224 
0.00630957 100 57.3224 
0.00735642 0.01 25.6546 
0.00735642 0.0116591 25.6544 
0.00735642 0.0135936 25.6542 
0.00735642 0.0158489 25.6539 
0.00735642 0.0184785 25.6534 
0.00735642 0.0215443 25.6529 
0.00735642 0.0251189 25.6521 
0.00735642 0.0292864 25.651 
0.00735642 0.0341455 25.6495 
0.00735642 0.0398107 25.6475 
0.00735642 0.0464159 25.6448 
0.00735642 0.054117 25.6412 
0.00735642 0.0630957 25.6362 
0.00735642 0.0735642 25.6294 
0.00735642 0.0857696 25.6202 
0.00735642 0.1 25.6076 
0.00735642 0.116591 25.5906 
0.00735642 0.135936 25.5675 
0.00735642 0.158489 25.5361 
0.00735642 0.184785 25.4936 
0.00735642 0.215443 25.4359 
0.00735642 0.251189 25.3577 
0.00735642 0.292864 25.2519 
0.00735642 0.341455 25.109 
0.00735642 0.398107 24.9164 
0.00735642 0.464159 24.6576 
0.00735642 0.54117 24.3115 
0.00735642 0.630957 23.8512 
0.00735642 0.735642 23.244 
0.00735642 0.857696 22.4524 
0.00735642 1 21.4365 
0.00735642 1.16591 20.1623 
0.00735642 1.35936 18.6164 
0.00735642 1.58489 16.8324 
0.00735642 1.84785 14.9315 
0.00735642 2.15443 13.175 
0.00735642 2.51189 12.0117 
0.00735642 2.92864 12.0795 
0.00735642 3.41455 14.0995 
0.00735642 3.98107 18.6204 
0.00735642 4.64159 25.6812 
0.00735642 5.4117 34.6026 
0.00735642 6.30957 44.1285 
0.00735642 7.35642 52.8849 
0.00735642 8.57696 59.8534 
0.00735642 10 64.6081 
0.00735642 11.6591 67.3065 
0.00735642 13.5936 68.5111 
0.00735642 15.8489 68.8954 
0.00735642 18.4785 68.9646 
0.00735642 21.5443 68.9615 
0.00735642 25.1189 68.955 
0.00735642 29.2864 68.9526 
0.00735642 34.1455 68.9521 
0.00735642 39.8107 68.952 
0.00735642 46.4159 68.952 
0.00735642 54.117 68.952 
0.00735642 63.0957 68.952 
0.00735642 73.5642 68.952 
0.00735642 85.7696 68.952 
0.00735642 100 68.952 
0.00857696 0.01 25.6545 
0.00857696 0.0116591 25.6543 
0.00857696 0.0135936 25.654 
0.00857696 0.0158489 25.6537 
0.00857696 0.0184785 25.6532 
0.00857696 0.0215443 25.6525 
0.00857696 0.0251189 25.6516 
0.00857696 0.0292864 25.6503 
0.00857696 0.0341455 25.6486 
0.00857696 0.0398107 25.6463 
0.00857696 0.0464159 25.6431 
0.00857696 0.054117 25.6389 
0.00857696 0.0630957 25.633 
0.00857696 0.0735642 25.6251 
0.00857696 0.0857696 25.6144 
0.00857696 0.1 25.5998 
0.00857696 0.116591 25.5799 
0.00857696 0.135936 25.553 
0.00857696 0.158489 25.5165 
0.00857696 0.184785 25.4669 
0.00857696 0.215443 25.3997 
0.00857696 0.251189 25.3087 
0.00857696 0.292864 25.1856 
0.00857696 0.341455 25.0195 
0.00857696 0.398107 24.796 
0.00857696 0.464159 24.4962 
0.00857696 0.54117 24.096 
0.00857696 0.630957 23.5655 
0.00857696 0.735642 22.869 
0.00857696 0.857696 21.9664 
0.00857696 1 20.8188 
0.00857696 1.16591 19.3985 
0.00857696 1.35936 17.7103 
0.00857696 1.58489 15.8258 
0.00857696 1.84785 13.9336 
0.00857696 2.15443 12.3998 
0.00857696 2.51189 11.8094 
0.00857696 2.92864 12.9344 
0.00857696 3.41455 16.5543 
0.00857696 3.98107 23.1163 
0.00857696 4.64159 32.3717 
0.00857696 5.4117 43.2737 
0.00857696 6.30957 54.3077 
0.00857696 7.35642 64.0585 
0.00857696 8.57696 71.6234 
0.00857696 10 76.7201 
0.00857696 11.6591 79.6055 
0.00857696 13.5936 80.8989 
0.00857696 15.8489 81.3139 
0.00857696 18.4785 81.3879 
0.00857696 21.5443 81.3831 
0.00857696 25.1189 81.3752 
0.00857696 29.2864 81.3724 
0.00857696 34.1455 81.3717 
0.00857696 39.8107 81.3716 
0.00857696 46.4159 81.3716 
0.00857696 54.117 81.3716 
0.00857696 63.0957 81.3716 
0.00857696 73.5642 81.3716 
0.00857696 85.7696 81.3716 
0.00857696 100 81.3716 
0.01 0.01 25.6544 
0.01 0.0116591 25.6542 
0.01 0.0135936 25.6539 
0.01 0.0158489 25.6534 
0.01 0.0184785 25.6529 
0.01 0.0215443 25.6521 
0.01 0.0251189 25.651 
0.01 0.0292864 25.6495 
0.01 0.0341455 25.6475 
0.01 0.0398107 25.6448 
0.01 0.0464159 25.6412 
0.01 0.054117 25.6362 
0.01 0.0630957 25.6294 
0.01 0.0735642 25.6202 
0.01 0.0857696 25.6076 
0.01 0.1 25.5906 
0.01 0.116591 25.5675 
0.01 0.135936 25.5361 
0.01 0.158489 25.4935 
0.01 0.184785 25.4358 
0.01 0.215443 25.3576 
0.01 0.251189 25.2517 
0.01 0.292864 25.1086 
0.01 0.341455 24.9157 
0.01 0.398107 24.6565 
0.01 0.464159 24.3094 
0.01 0.54117 23.8474 
0.01 0.630957 23.2374 
0.01 0.735642 22.4406 
0.01 0.857696 21.4159 
0.01 1 20.1273 
0.01 1.16591 18.5588 
0.01 1.35936 16.7426 
0.01 1.58489 14.8031 
0.01 1.84785 13.018 
0.01 2.15443 11.8829 
0.01 2.51189 12.1361 
0.01 2.92864 14.6699 
0.01 3.41455 20.2568 
0.01 3.98107 29.1278 
0.01 4.64159 40.6412 
0.01 5.4117 53.367 
0.01 6.30957 65.6267 
0.01 7.35642 76.0901 
0.01 8.57696 84.0461 
0.01 10 89.3662 
0.01 11.6591 92.3839 
0.01 13.5936 93.7474 
0.01 15.8489 94.1896 
0.01 18.4785 94.2683 
0.01 21.5443 94.2619 
0.01 25.1189 94.2526 
0.01 29.2864 94.2492 
0.01 34.1455 94.2484 
0.01 39.8107 94.2483 
0.01 46.4159 94.2483 
0.01 54.117 94.2483 
0.01 63.0957 94.2483 
0.01 73.5642 94.2483 
0.01 85.7696 94.2483 
0.01 100 94.2483 
0.0116591 0.01 25.6543 
0.0116591 0.0116591 25.654 
0.0116591 0.0135936 25.6537 
0.0116591 0.0158489 25.6532 
0.0116591 0.0184785 25.6525 
0.0116591 0.0215443 25.6516 
0.0116591 0.0251189 25.6503 
0.0116591 0.0292864 25.6486 
0.0116591 0.0341455 25.6463 
0.0116591 0.0398107 25.6431 
0.0116591 0.0464159 25.6389 
0.0116591 0.054117 25.633 
0.0116591 0.0630957 25.6251 
0.0116591 0.0735642 25.6144 
0.0116591 0.0857696 25.5998 
0.0116591 0.1 25.5799 
0.0116591 0.116591 25.553 
0.0116591 0.135936 25.5164 
0.0116591 0.158489 25.4669 
0.0116591 0.184785 25.3996 
0.0116591 0.215443 25.3086 
0.0116591 0.251189 25.1854 
0.0116591 0.292864 25.0192 
0.0116591 0.341455 24.7953 
0.0116591 0.398107 24.4948 
0.0116591 0.464159 24.0936 
0.0116591 0.54117 23.5612 
0.0116591 0.630957 22.8613 
0.0116591 0.735642 21.953 
0.0116591 0.857696 20.7955 
0.0116591 1 19.3595 
0.0116591 1.16591 17.6477 
0.0116591 1.35936 15.7317 
0.0116591 1.58489 13.8076 
0.0116591 1.84785 12.2675 
0.0116591 2.15443 11.7608 
0.0116591 2.51189 13.1841 
0.0116591 2.92864 17.5092 
0.0116591 3.41455 25.3974 
0.0116591 3.98107 36.7272 
0.0116591 4.64159 50.3865 
0.0116591 5.4117 64.62 
0.0116591 6.30957 77.7361 
0.0116591 7.35642 88.6152 
0.0116591 8.57696 96.7748 
0.0116591 10 102.22 
0.0116591 11.6591 105.328 
0.0116591 13.5936 106.748 
0.0116591 15.8489 107.215 
0.0116591 18.4785 107.299 
0.0116591 21.5443 107.291 
0.0116591 25.1189 107.281 
0.0116591 29.2864 107.277 
0.0116591 34.1455 107.276 
0.0116591 39.8107 107.276 
0.0116591 46.4159 107.276 
0.0116591 54.117 107.276 
0.0116591 63.0957 107.276 
0.0116591 73.5642 107.276 
0.0116591 85.7696 107.276 
0.0116591 100 107.276 
0.0135936 0.01 25.6542 
0.0135936 0.0116591 25.6539 
0.0135936 0.0135936 25.6534 
0.0135936 0.0158489 25.6529 
0.0135936 0.0184785 25.6521 
0.0135936 0.0215443 25.651 
0.0135936 0.0251189 25.6495 
0.0135936 0.0292864 25.6475 
0.0135936 0.0341455 25.6448 
0.0135936 0.0398107 25.6412 
0.0135936 0.0464159 25.6362 
0.0135936 0.054117 25.6294 
0.0135936 0.0630957 25.6202 
0.0135936 0.0735642 25.6076 
0.0135936 0.0857696 25.5906 
0.0135936 0.1 25.5675 
0.0135936 0.116591 25.5361 
0.0135936 0.135936 25.4935 
0.0135936 0.158489 25.4358 
0.0135936 0.184785 25.3575 
0.0135936 0.215443 25.2515 
0.0135936 0.251189 25.1084 
0.0135936 0.292864 24.9153 
0.0135936 0.341455 24.6556 
0.0135936 0.398107 24.3079 
0.0135936 0.464159 23.8447 
0.0135936 0.54117 23.2324 
0.0135936 0.630957 22.4318 
0.0135936 0.735642 21.4006 
0.0135936 0.857696 20.1012 
0.0135936 1 18.516 
0.0135936 1.16591 16.6757 
0.0135936 1.35936 14.7073 
0.0135936 1.58489 12.9017 
0.0135936 1.84785 11.7925 
0.0135936 2.15443 12.2016 
0.0135936 2.51189 15.1688 
0.0135936 2.92864 21.6663 
0.0135936 3.41455 32.1017 
0.0135936 3.98107 45.8679 
0.0135936 4.64159 61.3728 
0.0135936 5.4117 76.6796 
0.0135936 6.30957 90.2614 
0.0135936 7.35642 101.294 
0.0135936 8.57696 109.512 
0.0135936 10 115.012 
0.0135936 11.6591 118.179 
0.0135936 13.5936 119.646 
0.0135936 15.8489 120.136 
0.0135936 18.4785 120.225 
0.0135936 21.5443 120.216 
0.0135936 25.1189 120.204 
0.0135936 29.2864 120.199 
0.0135936 34.1455 120.198 
0.0135936 39.8107 120.198 
0.0135936 46.4159 120.198 
0.0135936 54.117 120.198 
0.0135936 63.0957 120.198 
0.0135936 73.5642 120.198 
0.0135936 85.7696 120.198 
0.0135936 100 120.198 
0.0158489 0.01 25.654 
0.0158489 0.0116591 25.6537 
0.0158489 0.0135936 25.6532 
0.0158489 0.0158489 25.6525 
0.0158489 0.0184785 25.6516 
0.0158489 0.0215443 25.6503 
0.0158489 0.0251189 25.6486 
0.0158489 0.0292864 25.6463 
0.0158489 0.0341455 25.6431 
0.0158489 0.0398107 25.6389 
0.0158489 0.0464159 25.633 
0.0158489 0.054117 25.6251 
0.0158489 0.0630957 25.6144 
0.0158489 0.0735642 25.5998 
0.0158489 0.0857696 25.5799 
0.0158489 0.1 25.553 
0.0158489 0.116591 25.5164 
0.0158489 0.135936 25.4668 
0.0158489 0.158489 25.3996 
0.0158489 0.184785 25.3085 
0.0158489 0.215443 25.1853 
0.0158489 0.251189 25.0189 
0.0158489 0.292864 24.7947 
0.0158489 0.341455 24.4939 
0.0158489 0.398107 24.0918 
0.0158489 0.464159 23.5581 
0.0158489 0.54117 22.8557 
0.0158489 0.630957 21.943 
0.0158489 0.735642 20.7783 
0.0158489 0.857696 19.3306 
0.0158489 1 17.6012 
0.0158489 1.16591 15.6617 
0.0158489 1.35936 13.714 
0.0158489 1.58489 12.1709 
0.0158489 1.84785 11.7337 
0.0158489 2.15443 13.4029 
0.0158489 2.51189 18.3138 
0.0158489 2.92864 27.3147 
0.0158489 3.41455 40.3936 
0.0158489 3.98107 56.3685 
0.0158489 4.64159 73.2596 
0.0158489 5.4117 89.1611 
0.0158489 6.30957 102.863 
0.0158489 7.35642 113.854 
0.0158489 8.57696 122.034 
0.0158489 10 127.541 
0.0158489 11.6591 130.744 
0.0158489 13.5936 132.246 
0.0158489 15.8489 132.755 
0.0158489 18.4785 132.849 
0.0158489 21.5443 132.838 
0.0158489 25.1189 132.824 
0.0158489 29.2864 132.819 
0.0158489 34.1455 132.818 
0.0158489 39.8107 132.817 
0.0158489 46.4159 132.817 
0.0158489 54.117 132.817 
0.0158489 63.0957 132.817 
0.0158489 73.5642 132.817 
0.0158489 85.7696 132.817 
0.0158489 100 132.817 
0.0184785 0.01 25.6539 
0.0184785 0.0116591 25.6534 
0.0184785 0.0135936 25.6529 
0.0184785 0.0158489 25.6521 
0.0184785 0.0184785 25.651 
0.0184785 0.0215443 25.6495 
0.0184785 0.0251189 25.6475 
0.0184785 0.0292864 25.6448 
0.0184785 0.0341455 25.6412 
0.0184785 0.0398107 25.6362 
0.0184785 0.0464159 25.6294 
0.0184785 0.054117 25.6202 
0.0184785 0.0630957 25.6076 
0.0184785 0.0735642 25.5906 
0.0184785 0.0857696 25.5675 
0.0184785 0.1 25.5361 
0.0184785 0.116591 25.4935 
0.0184785 0.135936 25.4357 
0.0184785 0.158489 25.3574 
0.0184785 0.184785 25.2514 
0.0184785 0.215443 25.1082 
0.0184785 0.251189 24.9149 
0.0184785 0.292864 24.655 
0.0184785 0.341455 24.3067 
0.0184785 0.398107 23.8426 
0.0184785 0.464159 23.2288 
0.0184785 0.54117 22.4253 
0.0184785 0.630957 21.3893 
0.0184785 0.735642 20.082 
0.0184785 0.857696 18.4842 
0.0184785 1 16.626 
0.0184785 1.16591 14.6361 
0.0184785 1.35936 12.8158 
0.0184785 1.58489 11.7286 
0.0184785 1.84785 12.2639 
0.0184785 2.15443 15.5834 
0.0184785 2.51189 22.8268 
0.0184785 2.92864 34.5509 
0.0184785 3.41455 50.1679 
0.0184785 3.98107 67.9245 
0.0184785 4.64159 85.656 
0.0184785 5.4117 101.713 
0.0184785 6.30957 115.279 
0.0184785 7.35642 126.108 
0.0184785 8.57696 134.193 
0.0184785 10 139.672 
0.0184785 11.6591 142.885 
0.0184785 13.5936 144.408 
0.0184785 15.8489 144.931 
0.0184785 18.4785 145.026 
0.0184785 21.5443 145.013 
0.0184785 25.1189 144.997 
0.0184785 29.2864 144.991 
0.0184785 34.1455 144.99 
0.0184785 39.8107 144.99 
0.0184785 46.4159 144.99 
0.0184785 54.117 144.99 
0.0184785 63.0957 144.99 
0.0184785 73.5642 144.99 
0.0184785 85.7696 144.99 
0.0184785 100 144.99 
0.0215443 0.01 25.6537 
0.0215443 0.0116591 25.6532 
0.0215443 0.0135936 25.6525 
0.0215443 0.0158489 25.6516 
0.0215443 0.0184785 25.6503 
0.0215443 0.0215443 25.6486 
0.0215443 0.0251189 25.6463 
0.0215443 0.0292864 25.6431 
0.0215443 0.0341455 25.6389 
0.0215443 0.0398107 25.633 
0.0215443 0.0464159 25.6251 
0.0215443 0.054117 25.6144 
0.0215443 0.0630957 25.5998 
0.0215443 0.0735642 25.5799 
0.0215443 0.0857696 25.553 
0.0215443 0.1 25.5164 
0.0215443 0.116591 25.4668 
0.0215443 0.135936 25.3995 
0.0215443 0.158489 25.3084 
0.0215443 0.184785 25.1851 
0.0215443 0.215443 25.0186 
0.0215443 0.251189 24.7944 
0.0215443 0.292864 24.4932 
0.0215443 0.341455 24.0905 
0.0215443 0.398107 23.5557 
0.0215443 0.464159 22.8515 
0.0215443 0.54117 21.9357 
0.0215443 0.630957 20.7656 
0.0215443 0.735642 19.3092 
0.0215443 0.857696 17.5667 
0.0215443 1 15.6097 
0.0215443 1.16591 13.6446 
0.0215443 1.35936 12.1003 
0.0215443 1.58489 11.719 
0.0215443 1.84785 13.5845 
0.0215443 2.15443 18.9662 
0.0215443 2.51189 28.8662 
0.0215443 2.92864 43.3584 
0.0215443 3.41455 61.1837 
0.0215443 3.98107 80.1525 
0.0215443 4.64159 98.1877 
0.0215443 5.4117 114.063 
0.0215443 6.30957 127.341 
0.0215443 7.35642 137.944 
0.0215443 8.57696 145.898 
0.0215443 10 151.316 
0.0215443 11.6591 154.511 
0.0215443 13.5936 156.036 
0.0215443 15.8489 156.561 
0.0215443 18.4785 156.656 
0.0215443 21.5443 156.64 
0.0215443 25.1189 156.622 
0.0215443 29.2864 156.615 
0.0215443 34.1455 156.613 
0.0215443 39.8107 156.613 
0.0215443 46.4159 156.613 
0.0215443 54.117 156.613 
0.0215443 63.0957 156.613 
0.0215443 73.5642 156.613 
0.0215443 85.7696 156.613 
0.0215443 100 156.613 
0.0251189 0.01 25.6534 
0.0251189 0.0116591 25.6529 
0.0251189 0.0135936 25.6521 
0.0251189 0.0158489 25.651 
0.0251189 0.0184785 25.6495 
0.0251189 0.0215443 25.6475 
0.0251189 0.0251189 25.6448 
0.0251189 0.0292864 25.6412 
0.0251189 0.0341455 25.6362 
0.0251189 0.0398107 25.6294 
0.0251189 0.0464159 25.6202 
0.0251189 0.054117 25.6076 
0.0251189 0.0630957 25.5906 
0.0251189 0.0735642 25.5675 
0.0251189 0.0857696 25.5361 
0.0251189 0.1 25.4935 
0.0251189 0.116591 25.4357 
0.0251189 0.135936 25.3574 
0.0251189 0.158489 25.2514 
0.0251189 0.184785 25.108 
0.0251189 0.215443 24.9147 
0.0251189 0.251189 24.6546 
0.0251189 0.292864 24.3059 
0.0251189 0.341455 23.8412 
0.0251189 0.398107 23.2261 
0.0251189 0.464159 22.4206 
0.0251189 0.54117 21.381 
0.0251189 0.630957 20.0677 
0.0251189 0.735642 18.4607 
0.0251189 0.857696 16.5891 
0.0251189 1 14.5833 
0.0251189 1.16591 12.7524 
0.0251189 1.35936 11.6832 
0.0251189 1.58489 12.3181 
0.0251189 1.84785 15.9162 
0.0251189 2.15443 23.7528 
0.0251189 2.51189 36.5037 
0.0251189 2.92864 53.5856 
0.0251189 3.41455 73.091 
0.0251189 3.98107 92.6556 
0.0251189 4.64159 110.554 
0.0251189 5.4117 126.04 
0.0251189 6.30957 138.959 
0.0251189 7.35642 149.31 
0.0251189 8.57696 157.099 
0.0251189 10 162.417 
0.0251189 11.6591 165.559 
0.0251189 13.5936 167.061 
0.0251189 15.8489 167.578 
0.0251189 18.4785 167.668 
0.0251189 21.5443 167.647 
0.0251189 25.1189 167.627 
0.0251189 29.2864 167.62 
0.0251189 34.1455 167.618 
0.0251189 39.8107 167.618 
0.0251189 46.4159 167.618 
0.0251189 54.117 167.618 
0.0251189 63.0957 167.618 
0.0251189 73.5642 167.618 
0.0251189 85.7696 167.618 
0.0251189 100 167.618 
0.0292864 0.01 25.6532 
0.0292864 0.0116591 25.6525 
0.0292864 0.0135936 25.6516 
0.0292864 0.0158489 25.6503 
0.0292864 0.0184785 25.6486 
0.0292864 0.0215443 25.6463 
0.0292864 0.0251189 25.6431 
0.0292864 0.0292864 25.6389 
0.0292864 0.0341455 25.633 
0.0292864 0.0398107 25.6251 
0.0292864 0.0464159 25.6144 
0.0292864 0.054117 25.5998 
0.0292864 0.0630957 25.5799 
0.0292864 0.0735642 25.553 
0.0292864 0.0857696 25.5164 
0.0292864 0.1 25.4668 
0.0292864 0.116591 25.3995 
0.0292864 0.135936 25.3084 
0.0292864 0.158489 25.185 
0.0292864 0.184785 25.0185 
0.0292864 0.215443 24.7941 
0.0292864 0.251189 24.4926 
0.0292864 0.292864 24.0896 
0.0292864 0.341455 23.554 
0.0292864 0.398107 22.8484 
0.0292864 0.464159 21.9302 
0.0292864 0.54117 20.7562 
0.0292864 0.630957 19.2934 
0.0292864 0.735642 17.5412 
0.0292864 0.857696 15.5712 
0.0292864 1 13.5933 
0.0292864 1.16591 12.0486 
0.0292864 1.35936 11.7112 
0.0292864 1.58489 13.7301 
0.0292864 1.84785 19.481 
0.0292864 2.15443 30.0887 
0.0292864 2.51189 45.6903 
0.0292864 2.92864 64.9488 
0.0292864 3.41455 85.4863 
0.0292864 3.98107 105.091 
0.0292864 4.64159 122.558 
0.0292864 5.4117 137.56 
0.0292864 6.30957 150.101 
0.0292864 7.35642 160.178 
0.0292864 8.57696 167.763 
0.0292864 10 172.931 
0.0292864 11.6591 175.98 
0.0292864 13.5936 177.436 
0.0292864 15.8489 177.934 
0.0292864 18.4785 178.015 
0.0292864 21.5443 177.99 
0.0292864 25.1189 177.968 
0.0292864 29.2864 177.96 
0.0292864 34.1455 177.958 
0.0292864 39.8107 177.958 
0.0292864 46.4159 177.958 
0.0292864 54.117 177.958 
0.0292864 63.0957 177.958 
0.0292864 73.5642 177.958 
0.0292864 85.7696 177.958 
0.0292864 100 177.958 
0.0341455 0.01 25.6529 
0.0341455 0.0116591 25.6521 
0.0341455 0.0135936 25.651 
0.0341455 0.0158489 25.6495 
0.0341455 0.0184785 25.6475 
0.0341455 0.0215443 25.6448 
0.0341455 0.0251189 25.6412 
0.0341455 0.0292864 25.6362 
0.0341455 0.0341455 25.6294 
0.0341455 0.0398107 25.6202 
0.0341455 0.0464159 25.6076 
0.0341455 0.054117 25.5906 
0.0341455 0.0630957 25.5675 
0.0341455 0.0735642 25.5361 
0.0341455 0.0857696 25.4935 
0.0341455 0.1 25.4357 
0.0341455 0.116591 25.3574 
0.0341455 0.135936 25.2513 
0.0341455 0.158489 25.1079 
0.0341455 0.184785 24.9145 
0.0341455 0.215443 24.6542 
0.0341455 0.251189 24.3053 
0.0341455 0.292864 23.84 
0.0341455 0.341455 23.2241 
0.0341455 0.398107 22.4171 
0.0341455 0.464159 21.3748 
0.0341455 0.54117 20.0572 
0.0341455 0.630957 18.4433 
0.0341455 0.735642 16.5619 
0.0341455 0.857696 14.5443 
0.0341455 1 12.7057 
0.0341455 1.16591 11.6506 
0.0341455 1.35936 12.3628 
0.0341455 1.58489 16.1769 
0.0341455 1.84785 24.4752 
0.0341455 2.15443 38.0256 
0.0341455 2.51189 56.2393 
0.0341455 2.92864 77.0693 
0.0341455 3.41455 97.9834 
0.0341455 3.98107 117.213 
0.0341455 4.64159 134.1 
0.0341455 5.4117 148.601 
0.0341455 6.30957 160.761 
0.0341455 7.35642 170.531 
0.0341455 8.57696 177.856 
0.0341455 10 182.822 
0.0341455 11.6591 185.739 
0.0341455 13.5936 187.127 
0.0341455 15.8489 187.598 
0.0341455 18.4785 187.67 
0.0341455 21.5443 187.642 
0.0341455 25.1189 187.619 
0.0341455 29.2864 187.61 
0.0341455 34.1455 187.608 
0.0341455 39.8107 187.608 
0.0341455 46.4159 187.608 
0.0341455 54.117 187.608 
0.0341455 63.0957 187.608 
0.0341455 73.5642 187.608 
0.0341455 85.7696 187.608 
0.0341455 100 187.608 
0.0398107 0.01 25.6525 
0.0398107 0.0116591 25.6516 
0.0398107 0.0135936 25.6503 
0.0398107 0.0158489 25.6486 
0.0398107 0.0184785 25.6463 
0.0398107 0.0215443 25.6431 
0.0398107 0.0251189 25.6389 
0.0398107 0.0292864 25.633 
0.0398107 0.0341455 25.6251 
0.0398107 0.0398107 25.6144 
0.0398107 0.0464159 25.5998 
0.0398107 0.054117 25.5799 
0.0398107 0.0630957 25.553 
0.0398107 0.0735642 25.5164 
0.0398107 0.0857696 25.4668 
0.0398107 0.1 25.3995 
0.0398107 0.116591 25.3083 
0.0398107 0.135936 25.185 
0.0398107 0.158489 25.0184 
0.0398107 0.184785 24.7939 
0.0398107 0.215443 24.4922 
0.0398107 0.251189 24.0889 
0.0398107 0.292864 23.5527 
0.0398107 0.341455 22.8462 
0.0398107 0.398107 21.9262 
0.0398107 0.464159 20.7493 
0.0398107 0.54117 19.2817 
0.0398107 0.630957 17.5223 
0.0398107 0.735642 15.5428 
0.0398107 0.857696 13.5554 
0.0398107 1 12.0108 
0.0398107 1.16591 11.7071 
0.0398107 1.35936 13.844 
0.0398107 1.58489 19.8795 
0.0398107 1.84785 31.0338 
0.0398107 2.15443 47.4895 
0.0398107 2.51189 67.8366 
0.0398107 2.92864 89.5369 
0.0398107 3.41455 110.275 
0.0398107 3.98107 128.885 
0.0398107 4.64159 145.154 
0.0398107 5.4117 159.169 
0.0398107 6.30957 170.932 
0.0398107 7.35642 180.343 
0.0398107 8.57696 187.346 
0.0398107 10 192.058 
0.0398107 11.6591 194.813 
0.0398107 13.5936 196.122 
0.0398107 15.8489 196.565 
0.0398107 18.4785 196.629 
0.0398107 21.5443 196.6 
0.0398107 25.1189 196.577 
0.0398107 29.2864 196.568 
0.0398107 34.1455 196.566 
0.0398107 39.8107 196.566 
0.0398107 46.4159 196.566 
0.0398107 54.117 196.566 
0.0398107 63.0957 196.566 
0.0398107 73.5642 196.566 
0.0398107 85.7696 196.566 
0.0398107 100 196.566 
0.0464159 0.01 25.6521 
0.0464159 0.0116591 25.651 
0.0464159 0.0135936 25.6495 
0.0464159 0.0158489 25.6475 
0.0464159 0.0184785 25.6448 
0.0464159 0.0215443 25.6412 
0.0464159 0.0251189 25.6362 
0.0464159 0.0292864 25.6294 
0.0464159 0.0341455 25.6202 
0.0464159 0.0398107 25.6076 
0.0464159 0.0464159 25.5906 
0.0464159 0.054117 25.5675 
0.0464159 0.0630957 25.5361 
0.0464159 0.0735642 25.4935 
0.0464159 0.0857696 25.4357 
0.0464159 0.1 25.3573 
0.0464159 0.116591 25.2513 
0.0464159 0.135936 25.1079 
0.0464159 0.158489 24.9144 
0.0464159 0.184785 24.654 
0.0464159 0.215443 24.3049 
0.0464159 0.251189 23.8392 
0.0464159 0.292864 23.2227 
0.0464159 0.341455 22.4145 
0.0464159 0.398107 21.3703 
0.0464159 0.464159 20.0494 
0.0464159 0.54117 18.4304 
0.0464159 0.630957 16.5418 
0.0464159 0.735642 14.5155 
0.0464159 0.857696 12.6713 
0.0464159 1 11.6272 
0.0464159 1.16591 12.3983 
0.0464159 1.35936 16.3776 
0.0464159 1.58489 25.0299 
0.0464159 1.84785 39.1928 
0.0464159 2.15443 58.2671 
0.0464159 2.51189 80.0861 
0.0464159 2.92864 101.982 
0.0464159 3.41455 122.163 
0.0464159 3.98107 140.061 
0.0464159 4.64159 155.735 
0.0464159 5.4117 169.272 
0.0464159 6.30957 180.598 
0.0464159 7.35642 189.583 
0.0464159 8.57696 196.201 
0.0464159 10 200.622 
0.0464159 11.6591 203.199 
0.0464159 13.5936 204.429 
0.0464159 15.8489 204.85 
0.0464159 18.4785 204.914 
0.0464159 21.5443 204.887 
0.0464159 25.1189 204.865 
0.0464159 29.2864 204.857 
0.0464159 34.1455 204.855 
0.0464159 39.8107 204.855 
0.0464159 46.4159 204.855 
0.0464159 54.117 204.855 
0.0464159 63.0957 204.855 
0.0464159 73.5642 204.855 
0.0464159 85.7696 204.855 
0.0464159 100 204.855 
0.054117 0.01 25.6516 
0.054117 0.0116591 25.6503 
0.054117 0.0135936 25.6486 
0.054117 0.0158489 25.6463 
0.054117 0.0184785 25.6431 
0.054117 0.0215443 25.6389 
0.054117 0.0251189 25.633 
0.054117 0.0292864 25.6251 
0.054117 0.0341455 25.6144 
0.054117 0.0398107 25.5998 
0.054117 0.0464159 25.5799 
0.054117 0.054117 25.553 
0.054117 0.0630957 25.5164 
0.054117 0.0735642 25.4668 
0.054117 0.0857696 25.3995 
0.054117 0.1 25.3083 
0.054117 0.116591 25.1849 
0.054117 0.135936 25.0183 
0.054117 0.158489 24.7937 
0.054117 0.184785 24.492 
0.054117 0.215443 24.0884 
0.054117 0.251189 23.5518 
0.054117 0.292864 22.8445 
0.054117 0.341455 21.9233 
0.054117 0.398107 20.7442 
0.054117 0.464159 19.2731 
0.054117 0.54117 17.5084 
0.054117 0.630957 15.5218 
0.054117 0.735642 13.5275 
0.054117 0.857696 11.983 
0.054117 1 11.7051 
0.054117 1.16591 13.9316 
0.054117 1.35936 20.1838 
0.054117 1.58489 31.7546 
0.054117 1.84785 48.8589 
0.054117 2.15443 70.0233 
0.054117 2.51189 92.5778 
0.054117 2.92864 114.13 
0.054117 3.41455 133.559 
0.054117 3.98107 150.751 
0.054117 4.64159 165.863 
0.054117 5.4117 178.903 
0.054117 6.30957 189.727 
0.054117 7.35642 198.214 
0.054117 8.57696 204.402 
0.054117 10 208.515 
0.054117 11.6591 210.923 
0.054117 13.5936 212.087 
0.054117 15.8489 212.499 
0.054117 18.4785 212.572 
0.054117 21.5443 212.553 
0.054117 25.1189 212.534 
0.054117 29.2864 212.527 
0.054117 34.1455 212.526 
0.054117 39.8107 212.525 
0.054117 46.4159 212.525 
0.054117 54.117 212.525 
0.054117 63.0957 212.525 
0.054117 73.5642 212.525 
0.054117 85.7696 212.525 
0.054117 100 212.525 
0.0630957 0.01 25.651 
0.0630957 0.0116591 25.6495 
0.0630957 0.0135936 25.6475 
0.0630957 0.0158489 25.6448 
0.0630957 0.0184785 25.6412 
0.0630957 0.0215443 25.6362 
0.0630957 0.0251189 25.6294 
0.0630957 0.0292864 25.6202 
0.0630957 0.0341455 25.6076 
0.0630957 0.0398107 25.5906 
0.0630957 0.0464159 25.5675 
0.0630957 0.054117 25.5361 
0.0630957 0.0630957 25.4935 
0.0630957 0.0735642 25.4357 
0.0630957 0.0857696 25.3573 
0.0630957 0.1 25.2513 
0.0630957 0.116591 25.1078 
0.0630957 0.135936 24.9143 
0.0630957 0.158489 24.6538 
0.0630957 0.184785 24.3045 
0.0630957 0.215443 23.8386 
0.0630957 0.251189 23.2216 
0.0630957 0.292864 22.4126 
0.0630957 0.341455 21.367 
0.0630957 0.398107 20.0437 
0.0630957 0.464159 18.421 
0.0630957 0.54117 16.5269 
0.0630957 0.630957 14.4942 
0.0630957 0.735642 12.646 
0.0630957 0.857696 11.6103 
0.0630957 1 12.4259 
0.0630957 1.16591 16.5303 
0.0630957 1.35936 25.4508 
0.0630957 1.58489 40.0777 
0.0630957 1.84785 59.7996 
0.0630957 2.15443 82.3514 
0.0630957 2.51189 104.959 
0.0630957 2.92864 125.821 
0.0630957 3.41455 144.449 
0.0630957 3.98107 160.984 
0.0630957 4.64159 175.545 
0.0630957 5.4117 188.037 
0.0630957 6.30957 198.282 
0.0630957 7.35642 206.212 
0.0630957 8.57696 211.95 
0.0630957 10 215.77 
0.0630957 11.6591 218.034 
0.0630957 13.5936 219.161 
0.0630957 15.8489 219.585 
0.0630957 18.4785 219.679 
0.0630957 21.5443 219.674 
0.0630957 25.1189 219.661 
0.0630957 29.2864 219.655 
0.0630957 34.1455 219.654 
0.0630957 39.8107 219.654 
0.0630957 46.4159 219.654 
0.0630957 54.117 219.654 
0.0630957 63.0957 219.654 
0.0630957 73.5642 219.654 
0.0630957 85.7696 219.654 
0.0630957 100 219.654 
0.0735642 0.01 25.6503 
0.0735642 0.0116591 25.6486 
0.0735642 0.0135936 25.6463 
0.0735642 0.0158489 25.6431 
0.0735642 0.0184785 25.6389 
0.0735642 0.0215443 25.633 
0.0735642 0.0251189 25.6251 
0.0735642 0.0292864 25.6144 
0.0735642 0.0341455 25.5998 
0.0735642 0.0398107 25.5799 
0.0735642 0.0464159 25.553 
0.0735642 0.054117 25.5164 
0.0735642 0.0630957 25.4668 
0.0735642 0.0735642 25.3995 
0.0735642 0.0857696 25.3083 
0.0735642 0.1 25.1849 
0.0735642 0.116591 25.0182 
0.0735642 0.135936 24.7936 
0.0735642 0.158489 24.4918 
0.0735642 0.184785 24.088 
0.0735642 0.215443 23.5511 
0.0735642 0.251189 22.8433 
0.0735642 0.292864 21.9211 
0.0735642 0.341455 20.7404 
0.0735642 0.398107 19.2668 
0.0735642 0.464159 17.4981 
0.0735642 0.54117 15.5063 
0.0735642 0.630957 13.5069 
0.0735642 0.735642 11.9627 
0.0735642 0.857696 11.7041 
0.0735642 1 13.9981 
0.0735642 1.16591 20.4138 
0.0735642 1.35936 32.2989 
0.0735642 1.58489 49.8914 
0.0735642 1.84785 71.6648 
0.0735642 2.15443 94.8444 
0.0735642 2.51189 116.982 
0.0735642 2.92864 136.998 
0.0735642 3.41455 154.863 
0.0735642 3.98107 170.784 
0.0735642 4.64159 184.768 
0.0735642 5.4117 196.635 
0.0735642 6.30957 206.228 
0.0735642 7.35642 213.573 
0.0735642 8.57696 218.878 
0.0735642 10 222.445 
0.0735642 11.6591 224.612 
0.0735642 13.5936 225.738 
0.0735642 15.8489 226.197 
0.0735642 18.4785 226.325 
0.0735642 21.5443 226.34 
0.0735642 25.1189 226.335 
0.0735642 29.2864 226.332 
0.0735642 34.1455 226.331 
0.0735642 39.8107 226.331 
0.0735642 46.4159 226.331 
0.0735642 54.117 226.331 
0.0735642 63.0957 226.331 
0.0735642 73.5642 226.331 
0.0735642 85.7696 226.331 
0.0735642 100 226.331 
0.0857696 0.01 25.6495 
0.0857696 0.0116591 25.6475 
0.0857696 0.0135936 25.6448 
0.0857696 0.0158489 25.6412 
0.0857696 0.0184785 25.6362 
0.0857696 0.0215443 25.6294 
0.0857696 0.0251189 25.6202 
0.0857696 0.0292864 25.6076 
0.0857696 0.0341455 25.5906 
0.0857696 0.0398107 25.5675 
0.0857696 0.0464159 25.5361 
0.0857696 0.054117 25.4935 
0.0857696 0.0630957 25.4357 
0.0857696 0.0735642 25.3573 
0.0857696 0.0857696 25.2512 
0.0857696 0.1 25.1078 
0.0857696 0.116591 24.9142 
0.0857696 0.135936 24.6537 
0.0857696 0.158489 24.3043 
0.0857696 0.184785 23.8382 
0.0857696 0.215443 23.2208 
0.0857696 0.251189 22.4112 
0.0857696 0.292864 21.3645 
0.0857696 0.341455 20.0395 
0.0857696 0.398107 18.414 
0.0857696 0.464159 16.516 
0.0857696 0.54117 14.4786 
0.0857696 0.630957 12.6273 
0.0857696 0.735642 11.598 
0.0857696 0.857696 12.447 
0.0857696 1 16.6454 
0.0857696 1.16591 25.7676 
0.0857696 1.35936 40.7431 
0.0857696 1.58489 60.9489 
0.0857696 1.84785 84.0414 
0.0857696 2.15443 107.165 
0.0857696 2.51189 128.516 
0.0857696 2.92864 147.671 
0.0857696 3.41455 164.838 
0.0857696 3.98107 180.153 
0.0857696 4.64159 193.496 
0.0857696 5.4117 204.656 
0.0857696 6.30957 213.552 
0.0857696 7.35642 220.323 
0.0857696 8.57696 225.246 
0.0857696 10 228.626 
0.0857696 11.6591 230.752 
0.0857696 13.5936 231.916 
0.0857696 15.8489 232.434 
0.0857696 18.4785 232.608 
0.0857696 21.5443 232.647 
0.0857696 25.1189 232.653 
0.0857696 29.2864 232.653 
0.0857696 34.1455 232.653 
0.0857696 39.8107 232.653 
0.0857696 46.4159 232.653 
0.0857696 54.117 232.653 
0.0857696 63.0957 232.653 
0.0857696 73.5642 232.653 
0.0857696 85.7696 232.653 
0.0857696 100 232.653 
0.1 0.01 25.6486 
0.1 0.0116591 25.6463 
0.1 0.0135936 25.6431 
0.1 0.0158489 25.6389 
0.1 0.0184785 25.633 
0.1 0.0215443 25.6251 
0.1 0.0251189 25.6144 
0.1 0.0292864 25.5998 
0.1 0.0341455 25.5799 
0.1 0.0398107 25.553 
0.1 0.0464159 25.5164 
0.1 0.054117 25.4668 
0.1 0.0630957 25.3995 
0.1 0.0735642 25.3083 
0.1 0.0857696 25.1849 
0.1 0.1 25.0182 
0.1 0.116591 24.7935 
0.1 0.135936 24.4916 
0.1 0.158489 24.0877 
0.1 0.184785 23.5506 
0.1 0.215443 22.8424 
0.1 0.251189 21.9195 
0.1 0.292864 20.7376 
0.1 0.341455 19.2621 
0.1 0.398107 17.4906 
0.1 0.464159 15.4949 
0.1 0.54117 13.4917 
0.1 0.630957 11.9477 
0.1 0.735642 11.7037 
0.1 0.857696 14.0482 
0.1 1 20.5864 
0.1 1.16591 32.7072 
0.1 1.35936 50.6646 
0.1 1.58489 72.8898 
0.1 1.84785 96.5265 
0.1 2.15443 119.086 
0.1 2.51189 139.526 
0.1 2.92864 157.881 
0.1 3.41455 174.396 
0.1 3.98107 189.069 
0.1 4.64159 201.687 
0.1 5.4117 212.073 
0.1 6.30957 220.268 
0.1 7.35642 226.517 
0.1 8.57696 231.139 
0.1 10 234.411 
0.1 11.6591 236.554 
0.1 13.5936 237.791 
0.1 15.8489 238.387 
0.1 18.4785 238.615 
0.1 21.5443 238.684 
0.1 25.1189 238.7 
0.1 29.2864 238.704 
0.1 34.1455 238.705 
0.1 39.8107 238.705 
0.1 46.4159 238.705 
0.1 54.117 238.705 
0.1 63.0957 238.705 
0.1 73.5642 238.705 
0.1 85.7696 238.705 
0.1 100 238.705 
0.116591 0.01 25.6475 
0.116591 0.0116591 25.6448 
0.116591 0.0135936 25.6412 
0.116591 0.0158489 25.6362 
0.116591 0.0184785 25.6294 
0.116591 0.0215443 25.6202 
0.116591 0.0251189 25.6076 
0.116591 0.0292864 25.5906 
0.116591 0.0341455 25.5675 
0.116591 0.0398107 25.5361 
0.116591 0.0464159 25.4935 
0.116591 0.054117 25.4357 
0.116591 0.0630957 25.3573 
0.116591 0.0735642 25.2512 
0.116591 0.0857696 25.1078 
0.116591 0.1 24.9141 
0.116591 0.116591 24.6536 
0.116591 0.135936 24.3041 
0.116591 0.158489 23.8379 
0.116591 0.184785 23.2202 
0.116591 0.215443 22.4101 
0.116591 0.251189 21.3627 
0.116591 0.292864 20.0364 
0.116591 0.341455 18.4089 
0.116591 0.398107 16.5079 
0.116591 0.464159 14.467 
0.116591 0.54117 12.6136 
0.116591 0.630957 11.589 
0.116591 0.735642 12.463 
0.116591 0.857696 16.7316 
0.116591 1 26.0046 
0.116591 1.16591 41.2404 
0.116591 1.35936 61.8062 
0.116591 1.58489 85.2969 
0.116591 1.84785 108.795 
0.116591 2.15443 130.498 
0.116591 2.51189 150.038 
0.116591 2.92864 167.667 
0.116591 3.41455 183.533 
0.116591 3.98107 197.491 
0.116591 4.64159 209.301 
0.116591 5.4117 218.885 
0.116591 6.30957 226.42 
0.116591 7.35642 232.237 
0.116591 8.57696 236.657 
0.116591 10 239.901 
0.116591 11.6591 242.112 
0.116591 13.5936 243.448 
0.116591 15.8489 244.131 
0.116591 18.4785 244.418 
0.116591 21.5443 244.516 
0.116591 25.1189 244.545 
0.116591 29.2864 244.552 
0.116591 34.1455 244.553 
0.116591 39.8107 244.553 
0.116591 46.4159 244.553 
0.116591 54.117 244.553 
0.116591 63.0957 244.553 
0.116591 73.5642 244.553 
0.116591 85.7696 244.553 
0.116591 100 244.553 
0.135936 0.01 25.6463 
0.135936 0.0116591 25.6431 
0.135936 0.0135936 25.6389 
0.135936 0.0158489 25.633 
0.135936 0.0184785 25.6251 
0.135936 0.0215443 25.6144 
0.135936 0.0251189 25.5998 
0.135936 0.0292864 25.5799 
0.135936 0.0341455 25.553 
0.135936 0.0398107 25.5164 
0.135936 0.0464159 25.4668 
0.135936 0.054117 25.3995 
0.135936 0.0630957 25.3083 
0.135936 0.0735642 25.1849 
0.135936 0.0857696 25.0181 
0.135936 0.1 24.7934 
0.135936 0.116591 24.4915 
0.135936 0.135936 24.0875 
0.135936 0.158489 23.5502 
0.135936 0.184785 22.8417 
0.135936 0.215443 21.9183 
0.135936 0.251189 20.7356 
0.135936 0.292864 19.2587 
0.135936 0.341455 17.485 
0.135936 0.398107 15.4864 
0.135936 0.464159 13.4805 
0.135936 0.54117 11.9367 
0.135936 0.630957 11.7035 
0.135936 0.735642 14.0857 
0.135936 0.857696 20.7152 
0.135936 1 33.0117 
0.135936 1.16591 51.2407 
0.135936 1.35936 73.8001 
0.135936 1.58489 97.7712 
0.135936 1.84785 120.636 
0.135936 2.15443 141.384 
0.135936 2.51189 160.097 
0.135936 2.92864 177.047 
0.135936 3.41455 192.22 
0.135936 3.98107 205.374 
0.135936 4.64159 216.318 
0.135936 5.4117 225.118 
0.135936 6.30957 232.08 
0.135936 7.35642 237.58 
0.135936 8.57696 241.901 
0.135936 10 245.184 
0.135936 11.6591 247.496 
0.135936 13.5936 248.942 
0.135936 15.8489 249.713 
0.135936 18.4785 250.057 
0.135936 21.5443 250.184 
0.135936 25.1189 250.223 
0.135936 29.2864 250.234 
0.135936 34.1455 250.236 
0.135936 39.8107 250.236 
0.135936 46.4159 250.236 
0.135936 54.117 250.236 
0.135936 63.0957 250.236 
0.135936 73.5642 250.236 
0.135936 85.7696 250.236 
0.135936 100 250.236 
0.158489 0.01 25.6448 
0.158489 0.0116591 25.6412 
0.158489 0.0135936 25.6362 
0.158489 0.0158489 25.6294 
0.158489 0.0184785 25.6202 
0.158489 0.0215443 25.6076 
0.158489 0.0251189 25.5906 
0.158489 0.0292864 25.5675 
0.158489 0.0341455 25.5361 
0.158489 0.0398107 25.4935 
0.158489 0.0464159 25.4357 
0.158489 0.054117 25.3573 
0.158489 0.0630957 25.2512 
0.158489 0.0735642 25.1077 
0.158489 0.0857696 24.9141 
0.158489 0.1 24.6535 
0.158489 0.116591 24.304 
0.158489 0.135936 23.8376 
0.158489 0.158489 23.2198 
0.158489 0.184785 22.4094 
0.158489 0.215443 21.3614 
0.158489 0.251189 20.0341 
0.158489 0.292864 18.4051 
0.158489 0.341455 16.502 
0.158489 0.398107 14.4585 
0.158489 0.464159 12.6035 
0.158489 0.54117 11.5825 
0.158489 0.630957 12.475 
0.158489 0.735642 16.7958 
0.158489 0.857696 26.181 
0.158489 1 41.6106 
0.158489 1.16591 62.4433 
0.158489 1.35936 86.2268 
0.158489 1.58489 109.997 
0.158489 1.84785 131.956 
0.158489 2.15443 151.776 
0.158489 2.51189 169.743 
0.158489 2.92864 186.011 
0.158489 3.41455 200.412 
0.158489 3.98107 212.681 
0.158489 4.64159 222.746 
0.158489 5.4117 230.833 
0.158489 6.30957 237.342 
0.158489 7.35642 242.649 
0.158489 8.57696 246.961 
0.158489 10 250.328 
0.158489 11.6591 252.753 
0.158489 13.5936 254.302 
0.158489 15.8489 255.153 
0.158489 18.4785 255.546 
0.158489 21.5443 255.697 
0.158489 25.1189 255.747 
0.158489 29.2864 255.76 
0.158489 34.1455 255.763 
0.158489 39.8107 255.764 
0.158489 46.4159 255.764 
0.158489 54.117 255.764 
0.158489 63.0957 255.764 
0.158489 73.5642 255.764 
0.158489 85.7696 255.764 
0.158489 100 255.764 
0.184785 0.01 25.6431 
0.184785 0.0116591 25.6389 
0.184785 0.0135936 25.633 
0.184785 0.0158489 25.6251 
0.184785 0.0184785 25.6144 
0.184785 0.0215443 25.5998 
0.184785 0.0251189 25.5799 
0.184785 0.0292864 25.553 
0.184785 0.0341455 25.5164 
0.184785 0.0398107 25.4668 
0.184785 0.0464159 25.3995 
0.184785 0.054117 25.3083 
0.184785 0.0630957 25.1848 
0.184785 0.0735642 25.0181 
0.184785 0.0857696 24.7934 
0.184785 0.1 24.4914 
0.184785 0.116591 24.0874 
0.184785 0.135936 23.55 
0.184785 0.158489 22.8412 
0.184785 0.184785 21.9175 
0.184785 0.215443 20.7341 
0.184785 0.251189 19.2561 
0.184785 0.292864 17.4809 
0.184785 0.341455 15.4803 
0.184785 0.398107 13.4723 
0.184785 0.464159 11.9287 
0.184785 0.54117 11.7035 
0.184785 0.630957 14.1136 
0.184785 0.735642 20.811 
0.184785 0.857696 33.2381 
0.184785 1 51.6686 
0.184785 1.16591 74.4747 
0.184785 1.35936 98.6906 
0.184785 1.58489 121.777 
0.184785 1.84785 142.748 
0.184785 2.15443 161.724 
0.184785 2.51189 178.992 
0.184785 2.92864 194.528 
0.184785 3.41455 208.064 
0.184785 3.98107 219.399 
0.184785 4.64159 228.626 
0.184785 5.4117 236.113 
0.184785 6.30957 242.31 
0.184785 7.35642 247.537 
0.184785 8.57696 251.902 
0.184785 10 255.37 
0.184785 11.6591 257.895 
0.184785 13.5936 259.528 
0.184785 15.8489 260.44 
0.184785 18.4785 260.871 
0.184785 21.5443 261.043 
0.184785 25.1189 261.1 
0.184785 29.2864 261.116 
0.184785 34.1455 261.119 
0.184785 39.8107 261.119 
0.184785 46.4159 261.119 
0.184785 54.117 261.119 
0.184785 63.0957 261.119 
0.184785 73.5642 261.119 
0.184785 85.7696 261.119 
0.184785 100 261.119 
0.215443 0.01 25.6412 
0.215443 0.0116591 25.6362 
0.215443 0.0135936 25.6294 
0.215443 0.0158489 25.6202 
0.215443 0.0184785 25.6076 
0.215443 0.0215443 25.5906 
0.215443 0.0251189 25.5675 
0.215443 0.0292864 25.5361 
0.215443 0.0341455 25.4935 
0.215443 0.0398107 25.4357 
0.215443 0.0464159 25.3573 
0.215443 0.054117 25.2512 
0.215443 0.0630957 25.1077 
0.215443 0.0735642 24.9141 
0.215443 0.0857696 24.6534 
0.215443 0.1 24.3039 
0.215443 0.116591 23.8375 
0.215443 0.135936 23.2195 
0.215443 0.158489 22.4088 
0.215443 0.184785 21.3604 
0.215443 0.215443 20.0325 
0.215443 0.251189 18.4023 
0.215443 0.292864 16.4976 
0.215443 0.341455 14.4522 
0.215443 0.398107 12.596 
0.215443 0.464159 11.5777 
0.215443 0.54117 12.484 
0.215443 0.630957 16.8435 
0.215443 0.735642 26.312 
0.215443 0.857696 41.8853 
0.215443 1 62.9153 
0.215443 1.16591 86.9142 
0.215443 1.35936 110.884 
0.215443 1.58489 133.029 
0.215443 1.84785 153.052 
0.215443 2.15443 171.268 
0.215443 2.51189 187.83 
0.215443 2.92864 202.549 
0.215443 3.41455 215.142 
0.215443 3.98107 225.545 
0.215443 4.64159 234.026 
0.215443 5.4117 241.059 
0.215443 6.30957 247.08 
0.215443 7.35642 252.313 
0.215443 8.57696 256.759 
0.215443 10 260.315 
0.215443 11.6591 262.911 
0.215443 13.5936 264.597 
0.215443 15.8489 265.547 
0.215443 18.4785 266.003 
0.215443 21.5443 266.188 
0.215443 25.1189 266.25 
0.215443 29.2864 266.268 
0.215443 34.1455 266.271 
0.215443 39.8107 266.272 
0.215443 46.4159 266.272 
0.215443 54.117 266.272 
0.215443 63.0957 266.272 
0.215443 73.5642 266.272 
0.215443 85.7696 266.272 
0.215443 100 266.272 
0.251189 0.01 25.6389 
0.251189 0.0116591 25.633 
0.251189 0.0135936 25.6251 
0.251189 0.0158489 25.6144 
0.251189 0.0184785 25.5998 
0.251189 0.0215443 25.5799 
0.251189 0.0251189 25.553 
0.251189 0.0292864 25.5164 
0.251189 0.0341455 25.4668 
0.251189 0.0398107 25.3994 
0.251189 0.0464159 25.3083 
0.251189 0.054117 25.1848 
0.251189 0.0630957 25.0181 
0.251189 0.0735642 24.7934 
0.251189 0.0857696 24.4913 
0.251189 0.1 24.0872 
0.251189 0.116591 23.5498 
0.251189 0.135936 22.8408 
0.251189 0.158489 21.9168 
0.251189 0.184785 20.733 
0.251189 0.215443 19.2543 
0.251189 0.251189 17.4779 
0.251189 0.292864 15.4757 
0.251189 0.341455 13.4662 
0.251189 0.398107 11.9227 
0.251189 0.464159 11.7035 
0.251189 0.54117 14.1343 
0.251189 0.630957 20.882 
0.251189 0.735642 33.4059 
0.251189 0.857696 51.9856 
0.251189 1 74.9736 
0.251189 1.16591 99.3688 
0.251189 1.35936 122.617 
0.251189 1.58489 143.751 
0.251189 1.84785 162.919 
0.251189 2.15443 180.42 
0.251189 2.51189 196.219 
0.251189 2.92864 210.028 
0.251189 3.41455 221.638 
0.251189 3.98107 231.167 
0.251189 4.64159 239.039 
0.251189 5.4117 245.772 
0.251189 6.30957 251.732 
0.251189 7.35642 257.02 
0.251189 8.57696 261.54 
0.251189 10 265.145 
0.251189 11.6591 267.768 
0.251189 13.5936 269.471 
0.251189 15.8489 270.435 
0.251189 18.4785 270.902 
0.251189 21.5443 271.093 
0.251189 25.1189 271.159 
0.251189 29.2864 271.177 
0.251189 34.1455 271.181 
0.251189 39.8107 271.181 
0.251189 46.4159 271.182 
0.251189 54.117 271.182 
0.251189 63.0957 271.182 
0.251189 73.5642 271.182 
0.251189 85.7696 271.182 
0.251189 100 271.182 
0.292864 0.01 25.6362 
0.292864 0.0116591 25.6294 
0.292864 0.0135936 25.6202 
0.292864 0.0158489 25.6076 
0.292864 0.0184785 25.5906 
0.292864 0.0215443 25.5675 
0.292864 0.0251189 25.5361 
0.292864 0.0292864 25.4935 
0.292864 0.0341455 25.4357 
0.292864 0.0398107 25.3573 
0.292864 0.0464159 25.2512 
0.292864 0.054117 25.1077 
0.292864 0.0630957 24.9141 
0.292864 0.0735642 24.6534 
0.292864 0.0857696 24.3038 
0.292864 0.1 23.8373 
0.292864 0.116591 23.2193 
0.292864 0.135936 22.4084 
0.292864 0.158489 21.3597 
0.292864 0.184785 20.0312 
0.292864 0.215443 18.4003 
0.292864 0.251189 16.4944 
0.292864 0.292864 14.4476 
0.292864 0.341455 12.5906 
0.292864 0.398107 11.5742 
0.292864 0.464159 12.4907 
0.292864 0.54117 16.8788 
0.292864 0.630957 26.409 
0.292864 0.735642 42.0886 
0.292864 0.857696 63.2645 
0.292864 1 87.4217 
0.292864 1.16591 111.536 
0.292864 1.35936 133.817 
0.292864 1.58489 153.99 
0.292864 1.84785 172.388 
0.292864 2.15443 189.164 
0.292864 2.51189 204.113 
0.292864 2.92864 216.936 
0.292864 3.41455 227.576 
0.292864 3.98107 236.341 
0.292864 4.64159 243.765 
0.292864 5.4117 250.342 
0.292864 6.30957 256.318 
0.292864 7.35642 261.668 
0.292864 8.57696 266.223 
0.292864 10 269.825 
0.292864 11.6591 272.426 
0.292864 13.5936 274.108 
0.292864 15.8489 275.063 
0.292864 18.4785 275.528 
0.292864 21.5443 275.72 
0.292864 25.1189 275.786 
0.292864 29.2864 275.805 
0.292864 34.1455 275.809 
0.292864 39.8107 275.809 
0.292864 46.4159 275.809 
0.292864 54.117 275.809 
0.292864 63.0957 275.809 
0.292864 73.5642 275.809 
0.292864 85.7696 275.809 
0.292864 100 275.809 
0.341455 0.01 25.633 
0.341455 0.0116591 25.6251 
0.341455 0.0135936 25.6144 
0.341455 0.0158489 25.5998 
0.341455 0.0184785 25.5799 
0.341455 0.0215443 25.553 
0.341455 0.0251189 25.5164 
0.341455 0.0292864 25.4668 
0.341455 0.0341455 25.3994 
0.341455 0.0398107 25.3082 
0.341455 0.0464159 25.1848 
0.341455 0.054117 25.0181 
0.341455 0.0630957 24.7933 
0.341455 0.0735642 24.4913 
0.341455 0.0857696 24.0872 
0.341455 0.1 23.5496 
0.341455 0.116591 22.8406 
0.341455 0.135936 21.9164 
0.341455 0.158489 20.7322 
0.341455 0.184785 19.2529 
0.341455 0.215443 17.4757 
0.341455 0.251189 15.4723 
0.341455 0.292864 13.4617 
0.341455 0.341455 11.9184 
0.341455 0.398107 11.7036 
0.341455 0.464159 14.1497 
0.341455 0.54117 20.9345 
0.341455 0.630957 33.53 
0.341455 0.735642 52.2199 
0.341455 0.857696 75.342 
0.341455 1 99.8688 
0.341455 1.16591 123.235 
0.341455 1.35936 144.488 
0.341455 1.58489 163.798 
0.341455 1.84785 181.469 
0.341455 2.15443 197.46 
0.341455 2.51189 211.465 
0.341455 2.92864 223.269 
0.341455 3.41455 233.011 
0.341455 3.98107 241.164 
0.341455 4.64159 248.304 
0.341455 5.4117 254.836 
0.341455 6.30957 260.86 
0.341455 7.35642 266.24 
0.341455 8.57696 270.77 
0.341455 10 274.31 
0.341455 11.6591 276.841 
0.341455 13.5936 278.471 
0.341455 15.8489 279.396 
0.341455 18.4785 279.848 
0.341455 21.5443 280.035 
0.341455 25.1189 280.1 
0.341455 29.2864 280.118 
0.341455 34.1455 280.122 
0.341455 39.8107 280.123 
0.341455 46.4159 280.123 
0.341455 54.117 280.123 
0.341455 63.0957 280.123 
0.341455 73.5642 280.123 
0.341455 85.7696 280.123 
0.341455 100 280.123 
0.398107 0.01 25.6294 
0.398107 0.0116591 25.6202 
0.398107 0.0135936 25.6076 
0.398107 0.0158489 25.5906 
0.398107 0.0184785 25.5675 
0.398107 0.0215443 25.5361 
0.398107 0.0251189 25.4935 
0.398107 0.0292864 25.4357 
0.398107 0.0341455 25.3573 
0.398107 0.0398107 25.2512 
0.398107 0.0464159 25.1077 
0.398107 0.054117 24.914 
0.398107 0.0630957 24.6534 
0.398107 0.0735642 24.3038 
0.398107 0.0857696 23.8372 
0.398107 0.1 23.2191 
0.398107 0.116591 22.4081 
0.398107 0.135936 21.3591 
0.398107 0.158489 20.0303 
0.398107 0.184785 18.3988 
0.398107 0.215443 16.492 
0.398107 0.251189 14.4442 
0.398107 0.292864 12.5865 
0.398107 0.341455 11.5716 
0.398107 0.398107 12.4956 
0.398107 0.464159 16.9049 
0.398107 0.54117 26.4807 
0.398107 0.630957 42.2388 
0.398107 0.735642 63.5223 
0.398107 0.857696 87.796 
0.398107 1 112.017 
0.398107 1.16591 134.396 
0.398107 1.35936 154.679 
0.398107 1.58489 173.211 
0.398107 1.84785 190.143 
0.398107 2.15443 205.259 
0.398107 2.51189 218.247 
0.398107 2.92864 229.055 
0.398107 3.41455 238.023 
0.398107 3.98107 245.738 
0.398107 4.64159 252.739 
0.398107 5.4117 259.29 
0.398107 6.30957 265.348 
0.398107 7.35642 270.7 
0.398107 8.57696 275.138 
0.398107 10 278.557 
0.398107 11.6591 280.979 
0.398107 13.5936 282.529 
0.398107 15.8489 283.407 
0.398107 18.4785 283.838 
0.398107 21.5443 284.017 
0.398107 25.1189 284.079 
0.398107 29.2864 284.097 
0.398107 34.1455 284.101 
0.398107 39.8107 284.101 
0.398107 46.4159 284.101 
0.398107 54.117 284.101 
0.398107 63.0957 284.101 
0.398107 73.5642 284.101 
0.398107 85.7696 284.101 
0.398107 100 284.101 
0.464159 0.01 25.6251 
0.464159 0.0116591 25.6144 
0.464159 0.0135936 25.5998 
0.464159 0.0158489 25.5799 
0.464159 0.0184785 25.553 
0.464159 0.0215443 25.5164 
0.464159 0.0251189 25.4668 
0.464159 0.0292864 25.3994 
0.464159 0.0341455 25.3082 
0.464159 0.0398107 25.1848 
0.464159 0.0464159 25.0181 
0.464159 0.054117 24.7933 
0.464159 0.0630957 24.4913 
0.464159 0.0735642 24.0871 
0.464159 0.0857696 23.5495 
0.464159 0.1 22.8404 
0.464159 0.116591 21.916 
0.464159 0.135936 20.7316 
0.464159 0.158489 19.2519 
0.464159 0.184785 17.474 
0.464159 0.215443 15.4699 
0.464159 0.251189 13.4585 
0.464159 0.292864 11.9152 
0.464159 0.341455 11.7036 
0.464159 0.398107 14.161 
0.464159 0.464159 20.9733 
0.464159 0.54117 33.6216 
0.464159 0.630957 52.3929 
0.464159 0.735642 75.6138 
0.464159 0.857696 100.237 
0.464159 1 123.69 
0.464159 1.16591 145.03 
0.464159 1.35936 164.443 
0.464159 1.58489 182.24 
0.464159 1.84785 198.37 
0.464159 2.15443 212.516 
0.464159 2.51189 224.459 
0.464159 2.92864 234.353 
0.464159 3.41455 242.712 
0.464159 3.98107 250.157 
0.464159 4.64159 257.124 
0.464159 5.4117 263.711 
0.464159 6.30957 269.753 
0.464159 7.35642 275.004 
0.464159 8.57696 279.282 
0.464159 10 282.532 
0.464159 11.6591 284.811 
0.464159 13.5936 286.262 
0.464159 15.8489 287.083 
0.464159 18.4785 287.487 
0.464159 21.5443 287.655 
0.464159 25.1189 287.713 
0.464159 29.2864 287.73 
0.464159 34.1455 287.733 
0.464159 39.8107 287.734 
0.464159 46.4159 287.734 
0.464159 54.117 287.734 
0.464159 63.0957 287.734 
0.464159 73.5642 287.734 
0.464159 85.7696 287.734 
0.464159 100 287.734 
0.54117 0.01 25.6202 
0.54117 0.0116591 25.6076 
0.54117 0.0135936 25.5906 
0.54117 0.0158489 25.5675 
0.54117 0.0184785 25.5361 
0.54117 0.0215443 25.4935 
0.54117 0.0251189 25.4357 
0.54117 0.0292864 25.3573 
0.54117 0.0341455 25.2512 
0.54117 0.0398107 25.1077 
0.54117 0.0464159 24.914 
0.54117 0.054117 24.6533 
0.54117 0.0630957 24.3037 
0.54117 0.0735642 23.8372 
0.54117 0.0857696 23.219 
0.54117 0.1 22.4079 
0.54117 0.116591 21.3588 
0.54117 0.135936 20.0296 
0.54117 0.158489 18.3976 
0.54117 0.184785 16.4903 
0.54117 0.215443 14.4417 
0.54117 0.251189 12.5836 
0.54117 0.292864 11.5697 
0.54117 0.341455 12.4993 
0.54117 0.398107 16.9242 
0.54117 0.464159 26.5337 
0.54117 0.54117 42.3497 
0.54117 0.630957 63.7125 
0.54117 0.735642 88.0718 
0.54117 0.857696 112.371 
0.54117 1 134.823 
0.54117 1.16591 155.186 
0.54117 1.35936 173.816 
0.54117 1.58489 190.863 
0.54117 1.84785 206.099 
0.54117 2.15443 219.205 
0.54117 2.51189 230.134 
0.54117 2.92864 239.249 
0.54117 3.41455 247.178 
0.54117 3.98107 254.498 
0.54117 4.64159 261.485 
0.54117 5.4117 268.078 
0.54117 6.30957 274.031 
0.54117 7.35642 279.103 
0.54117 8.57696 283.165 
0.54117 10 286.208 
0.54117 11.6591 288.323 
0.54117 13.5936 289.663 
0.54117 15.8489 290.42 
0.54117 18.4785 290.792 
0.54117 21.5443 290.948 
0.54117 25.1189 291.002 
0.54117 29.2864 291.017 
0.54117 34.1455 291.021 
0.54117 39.8107 291.021 
0.54117 46.4159 291.021 
0.54117 54.117 291.021 
0.54117 63.0957 291.021 
0.54117 73.5642 291.021 
0.54117 85.7696 291.021 
0.54117 100 291.021 
0.630957 0.01 25.6144 
0.630957 0.0116591 25.5998 
0.630957 0.0135936 25.5799 
0.630957 0.0158489 25.553 
0.630957 0.0184785 25.5164 
0.630957 0.0215443 25.4668 
0.630957 0.0251189 25.3994 
0.630957 0.0292864 25.3082 
0.630957 0.0341455 25.1848 
0.630957 0.0398107 25.0181 
0.630957 0.0464159 24.7933 
0.630957 0.054117 24.4912 
0.630957 0.0630957 24.0871 
0.630957 0.0735642 23.5494 
0.630957 0.0857696 22.8402 
0.630957 0.1 21.9158 
0.630957 0.116591 20.7311 
0.630957 0.135936 19.2511 
0.630957 0.158489 17.4728 
0.630957 0.184785 15.4681 
0.630957 0.215443 13.456 
0.630957 0.251189 11.9128 
0.630957 0.292864 11.7037 
0.630957 0.341455 14.1694 
0.630957 0.398107 21.002 
0.630957 0.464159 33.6893 
0.630957 0.54117 52.5205 
0.630957 0.630957 75.8142 
0.630957 0.735642 100.508 
0.630957 0.857696 124.024 
0.630957 1 145.429 
0.630957 1.16591 164.917 
0.630957 1.35936 182.806 
0.630957 1.58489 199.039 
0.630957 1.84785 213.287 
0.630957 2.15443 225.329 
0.630957 2.51189 235.333 
0.630957 2.92864 243.841 
0.630957 3.41455 251.514 
0.630957 3.98107 258.807 
0.630957 4.64159 265.817 
0.630957 5.4117 272.35 
0.630957 6.30957 278.132 
0.630957 7.35642 282.96 
0.630957 8.57696 286.76 
0.630957 10 289.573 
0.630957 11.6591 291.512 
0.630957 13.5936 292.735 
0.630957 15.8489 293.425 
0.630957 18.4785 293.764 
0.630957 21.5443 293.905 
0.630957 25.1189 293.955 
0.630957 29.2864 293.969 
0.630957 34.1455 293.972 
0.630957 39.8107 293.972 
0.630957 46.4159 293.973 
0.630957 54.117 293.973 
0.630957 63.0957 293.973 
0.630957 73.5642 293.973 
0.630957 85.7696 293.973 
0.630957 100 293.973 
0.735642 0.01 25.6076 
0.735642 0.0116591 25.5906 
0.735642 0.0135936 25.5675 
0.735642 0.0158489 25.5361 
0.735642 0.0184785 25.4935 
0.735642 0.0215443 25.4357 
0.735642 0.0251189 25.3573 
0.735642 0.0292864 25.2512 
0.735642 0.0341455 25.1077 
0.735642 0.0398107 24.914 
0.735642 0.0464159 24.6533 
0.735642 0.054117 24.3037 
0.735642 0.0630957 23.8371 
0.735642 0.0735642 23.2189 
0.735642 0.0857696 22.4077 
0.735642 0.1 21.3585 
0.735642 0.116591 20.0291 
0.735642 0.135936 18.3968 
0.735642 0.158489 16.489 
0.735642 0.184785 14.4399 
0.735642 0.215443 12.5814 
0.735642 0.251189 11.5683 
0.735642 0.292864 12.502 
0.735642 0.341455 16.9385 
0.735642 0.398107 26.5727 
0.735642 0.464159 42.4315 
0.735642 0.54117 63.8527 
0.735642 0.630957 88.275 
0.735642 0.735642 112.631 
0.735642 0.857696 135.136 
0.735642 1 155.558 
0.735642 1.16591 174.261 
0.735642 1.35936 191.392 
0.735642 1.58489 206.716 
0.735642 1.84785 219.907 
0.735642 2.15443 230.922 
0.735642 2.51189 240.144 
0.735642 2.92864 248.231 
0.735642 3.41455 255.789 
0.735642 3.98107 263.101 
0.735642 4.64159 270.09 
0.735642 5.4117 276.482 
0.735642 6.30957 282.014 
0.735642 7.35642 286.543 
0.735642 8.57696 290.054 
0.735642 10 292.623 
0.735642 11.6591 294.382 
0.735642 13.5936 295.487 
0.735642 15.8489 296.11 
0.735642 18.4785 296.415 
0.735642 21.5443 296.544 
0.735642 25.1189 296.588 
0.735642 29.2864 296.601 
0.735642 34.1455 296.604 
0.735642 39.8107 296.604 
0.735642 46.4159 296.604 
0.735642 54.117 296.604 
0.735642 63.0957 296.604 
0.735642 73.5642 296.604 
0.735642 85.7696 296.604 
0.735642 100 296.604 
0.857696 0.01 25.5998 
0.857696 0.0116591 25.5799 
0.857696 0.0135936 25.553 
0.857696 0.0158489 25.5164 
0.857696 0.0184785 25.4668 
0.857696 0.0215443 25.3994 
0.857696 0.0251189 25.3082 
0.857696 0.0292864 25.1848 
0.857696 0.0341455 25.0181 
0.857696 0.0398107 24.7933 
0.857696 0.0464159 24.4912 
0.857696 0.054117 24.087 
0.857696 0.0630957 23.5494 
0.857696 0.0735642 22.8401 
0.857696 0.0857696 21.9156 
0.857696 0.1 20.7308 
0.857696 0.116591 19.2506 
0.857696 0.135936 17.4719 
0.857696 0.158489 15.4667 
0.857696 0.184785 13.4543 
0.857696 0.215443 11.9111 
0.857696 0.251189 11.7037 
0.857696 0.292864 14.1756 
0.857696 0.341455 21.0231 
0.857696 0.398107 33.7391 
0.857696 0.464159 52.6146 
0.857696 0.54117 75.9618 
0.857696 0.630957 100.708 
0.857696 0.735642 124.27 
0.857696 0.857696 145.722 
0.857696 1 165.266 
0.857696 1.16591 183.223 
0.857696 1.35936 199.529 
0.857696 1.58489 213.852 
0.857696 1.84785 225.966 
0.857696 2.15443 236.048 
0.857696 2.51189 244.667 
0.857696 2.92864 252.508 
0.857696 3.41455 260.045 
0.857696 3.98107 267.367 
0.857696 4.64159 274.26 
0.857696 5.4117 280.423 
0.857696 6.30957 285.641 
0.857696 7.35642 289.834 
0.857696 8.57696 293.041 
0.857696 10 295.366 
0.857696 11.6591 296.947 
0.857696 13.5936 297.937 
0.857696 15.8489 298.494 
0.857696 18.4785 298.768 
0.857696 21.5443 298.883 
0.857696 25.1189 298.923 
0.857696 29.2864 298.934 
0.857696 34.1455 298.937 
0.857696 39.8107 298.937 
0.857696 46.4159 298.937 
0.857696 54.117 298.937 
0.857696 63.0957 298.937 
0.857696 73.5642 298.937 
0.857696 85.7696 298.937 
0.857696 100 298.937 
