-4 -2 41.8571 
-4 -1.92 41.8571 
-4 -1.84 41.8571 
-4 -1.76 41.8571 
-4 -1.68 41.8571 
-4 -1.6 41.857 
-4 -1.52 41.857 
-4 -1.44 41.857 
-4 -1.36 41.8569 
-4 -1.28 41.8568 
-4 -1.2 41.8567 
-4 -1.12 41.8565 
-4 -1.04 41.8563 
-4 -0.96 41.8559 
-4 -0.88 41.8554 
-4 -0.8 41.8546 
-4 -0.72 41.8536 
-4 -0.64 41.852 
-4 -0.56 41.8497 
-4 -0.48 41.8464 
-4 -0.4 41.8417 
-4 -0.32 41.8349 
-4 -0.24 41.8252 
-4 -0.16 41.8112 
-4 -0.08 41.7914 
-4 6.93889e-16 41.7634 
-4 0.08 41.7242 
-4 0.16 41.67 
-4 0.24 41.5967 
-4 0.32 41.5001 
-4 0.4 41.3777 
-4 0.48 41.2303 
-4 0.56 41.0647 
-4 0.64 40.8946 
-4 0.72 40.7388 
-4 0.8 40.6152 
-4 0.88 40.5334 
-4 0.96 40.4904 
-4 1.04 40.4735 
-4 1.12 40.4689 
-4 1.2 40.4681 
-4 1.28 40.468 
-4 1.36 40.468 
-4 1.44 40.468 
-4 1.52 40.468 
-4 1.6 40.468 
-4 1.68 40.468 
-4 1.76 40.468 
-4 1.84 40.468 
-4 1.92 40.468 
-3.92 -2 41.8571 
-3.92 -1.92 41.8571 
-3.92 -1.84 41.8571 
-3.92 -1.76 41.8571 
-3.92 -1.68 41.8571 
-3.92 -1.6 41.857 
-3.92 -1.52 41.857 
-3.92 -1.44 41.8569 
-3.92 -1.36 41.8569 
-3.92 -1.28 41.8568 
-3.92 -1.2 41.8566 
-3.92 -1.12 41.8564 
-3.92 -1.04 41.8561 
-3.92 -0.96 41.8557 
-3.92 -0.88 41.8551 
-3.92 -0.8 41.8542 
-3.92 -0.72 41.8528 
-3.92 -0.64 41.8509 
-3.92 -0.56 41.8482 
-3.92 -0.48 41.8443 
-3.92 -0.4 41.8386 
-3.92 -0.32 41.8304 
-3.92 -0.24 41.8187 
-3.92 -0.16 41.802 
-3.92 -0.08 41.7781 
-3.92 6.93889e-16 41.7445 
-3.92 0.08 41.6973 
-3.92 0.16 41.6323 
-3.92 0.24 41.5442 
-3.92 0.32 41.4283 
-3.92 0.4 41.2815 
-3.92 0.48 41.1048 
-3.92 0.56 40.9065 
-3.92 0.64 40.7031 
-3.92 0.72 40.517 
-3.92 0.8 40.3696 
-3.92 0.88 40.2721 
-3.92 0.96 40.2207 
-3.92 1.04 40.2006 
-3.92 1.12 40.1952 
-3.92 1.2 40.1942 
-3.92 1.28 40.1941 
-3.92 1.36 40.194 
-3.92 1.44 40.194 
-3.92 1.52 40.194 
-3.92 1.6 40.194 
-3.92 1.68 40.194 
-3.92 1.76 40.194 
-3.92 1.84 40.194 
-3.92 1.92 40.194 
-3.84 -2 41.8571 
-3.84 -1.92 41.8571 
-3.84 -1.84 41.8571 
-3.84 -1.76 41.8571 
-3.84 -1.68 41.857 
-3.84 -1.6 41.857 
-3.84 -1.52 41.857 
-3.84 -1.44 41.8569 
-3.84 -1.36 41.8568 
-3.84 -1.28 41.8567 
-3.84 -1.2 41.8565 
-3.84 -1.12 41.8563 
-3.84 -1.04 41.8559 
-3.84 -0.96 41.8554 
-3.84 -0.88 41.8546 
-3.84 -0.8 41.8536 
-3.84 -0.72 41.852 
-3.84 -0.64 41.8497 
-3.84 -0.56 41.8464 
-3.84 -0.48 41.8417 
-3.84 -0.4 41.8348 
-3.84 -0.32 41.825 
-3.84 -0.24 41.811 
-3.84 -0.16 41.7908 
-3.84 -0.08 41.7622 
-3.84 6.93889e-16 41.7217 
-3.84 0.08 41.6651 
-3.84 0.16 41.5869 
-3.84 0.24 41.4812 
-3.84 0.32 41.3422 
-3.84 0.4 41.1661 
-3.84 0.48 40.9545 
-3.84 0.56 40.7172 
-3.84 0.64 40.4742 
-3.84 0.72 40.2523 
-3.84 0.8 40.0767 
-3.84 0.88 39.9607 
-3.84 0.96 39.8996 
-3.84 1.04 39.8757 
-3.84 1.12 39.8692 
-3.84 1.2 39.868 
-3.84 1.28 39.8679 
-3.84 1.36 39.8678 
-3.84 1.44 39.8678 
-3.84 1.52 39.8678 
-3.84 1.6 39.8678 
-3.84 1.68 39.8678 
-3.84 1.76 39.8678 
-3.84 1.84 39.8678 
-3.84 1.92 39.8678 
-3.76 -2 41.8571 
-3.76 -1.92 41.8571 
-3.76 -1.84 41.8571 
-3.76 -1.76 41.8571 
-3.76 -1.68 41.857 
-3.76 -1.6 41.857 
-3.76 -1.52 41.8569 
-3.76 -1.44 41.8569 
-3.76 -1.36 41.8568 
-3.76 -1.28 41.8566 
-3.76 -1.2 41.8564 
-3.76 -1.12 41.8561 
-3.76 -1.04 41.8557 
-3.76 -0.96 41.8551 
-3.76 -0.88 41.8542 
-3.76 -0.8 41.8528 
-3.76 -0.72 41.8509 
-3.76 -0.64 41.8482 
-3.76 -0.56 41.8443 
-3.76 -0.48 41.8386 
-3.76 -0.4 41.8303 
-3.76 -0.32 41.8186 
-3.76 -0.24 41.8016 
-3.76 -0.16 41.7774 
-3.76 -0.08 41.743 
-3.76 6.93889e-16 41.6944 
-3.76 0.08 41.6264 
-3.76 0.16 41.5325 
-3.76 0.24 41.4057 
-3.76 0.32 41.2389 
-3.76 0.4 41.0279 
-3.76 0.48 40.7746 
-3.76 0.56 40.4911 
-3.76 0.64 40.2011 
-3.76 0.72 39.9369 
-3.76 0.8 39.7282 
-3.76 0.88 39.5904 
-3.76 0.96 39.5179 
-3.76 1.04 39.4895 
-3.76 1.12 39.4818 
-3.76 1.2 39.4804 
-3.76 1.28 39.4802 
-3.76 1.36 39.4802 
-3.76 1.44 39.4802 
-3.76 1.52 39.4802 
-3.76 1.6 39.4802 
-3.76 1.68 39.4802 
-3.76 1.76 39.4802 
-3.76 1.84 39.4802 
-3.76 1.92 39.4802 
-3.68 -2 41.8571 
-3.68 -1.92 41.8571 
-3.68 -1.84 41.8571 
-3.68 -1.76 41.857 
-3.68 -1.68 41.857 
-3.68 -1.6 41.857 
-3.68 -1.52 41.8569 
-3.68 -1.44 41.8568 
-3.68 -1.36 41.8567 
-3.68 -1.28 41.8565 
-3.68 -1.2 41.8563 
-3.68 -1.12 41.8559 
-3.68 -1.04 41.8554 
-3.68 -0.96 41.8546 
-3.68 -0.88 41.8536 
-3.68 -0.8 41.852 
-3.68 -0.72 41.8497 
-3.68 -0.64 41.8464 
-3.68 -0.56 41.8417 
-3.68 -0.48 41.8348 
-3.68 -0.4 41.8249 
-3.68 -0.32 41.8108 
-3.68 -0.24 41.7904 
-3.68 -0.16 41.7613 
-3.68 -0.08 41.72 
-3.68 6.93889e-16 41.6616 
-3.68 0.08 41.5798 
-3.68 0.16 41.4672 
-3.68 0.24 41.315 
-3.68 0.32 41.115 
-3.68 0.4 40.8623 
-3.68 0.48 40.5595 
-3.68 0.56 40.2211 
-3.68 0.64 39.8758 
-3.68 0.72 39.5617 
-3.68 0.8 39.3142 
-3.68 0.88 39.151 
-3.68 0.96 39.0653 
-3.68 1.04 39.0317 
-3.68 1.12 39.0225 
-3.68 1.2 39.0209 
-3.68 1.28 39.0207 
-3.68 1.36 39.0207 
-3.68 1.44 39.0207 
-3.68 1.52 39.0207 
-3.68 1.6 39.0207 
-3.68 1.68 39.0207 
-3.68 1.76 39.0207 
-3.68 1.84 39.0207 
-3.68 1.92 39.0207 
-3.6 -2 41.8571 
-3.6 -1.92 41.8571 
-3.6 -1.84 41.8571 
-3.6 -1.76 41.857 
-3.6 -1.68 41.857 
-3.6 -1.6 41.8569 
-3.6 -1.52 41.8569 
-3.6 -1.44 41.8568 
-3.6 -1.36 41.8566 
-3.6 -1.28 41.8564 
-3.6 -1.2 41.8561 
-3.6 -1.12 41.8557 
-3.6 -1.04 41.8551 
-3.6 -0.96 41.8542 
-3.6 -0.88 41.8528 
-3.6 -0.8 41.8509 
-3.6 -0.72 41.8482 
-3.6 -0.64 41.8442 
-3.6 -0.56 41.8385 
-3.6 -0.48 41.8303 
-3.6 -0.4 41.8184 
-3.6 -0.32 41.8014 
-3.6 -0.24 41.7769 
-3.6 -0.16 41.742 
-3.6 -0.08 41.6923 
-3.6 6.93889e-16 41.6221 
-3.6 0.08 41.524 
-3.6 0.16 41.3888 
-3.6 0.24 41.2062 
-3.6 0.32 40.9666 
-3.6 0.4 40.6643 
-3.6 0.48 40.3026 
-3.6 0.56 39.8992 
-3.6 0.64 39.4888 
-3.6 0.72 39.1166 
-3.6 0.8 38.8239 
-3.6 0.88 38.6314 
-3.6 0.96 38.5303 
-3.6 1.04 38.4906 
-3.6 1.12 38.4798 
-3.6 1.2 38.4779 
-3.6 1.28 38.4776 
-3.6 1.36 38.4776 
-3.6 1.44 38.4776 
-3.6 1.52 38.4776 
-3.6 1.6 38.4776 
-3.6 1.68 38.4776 
-3.6 1.76 38.4776 
-3.6 1.84 38.4776 
-3.6 1.92 38.4776 
-3.52 -2 41.8571 
-3.52 -1.92 41.8571 
-3.52 -1.84 41.857 
-3.52 -1.76 41.857 
-3.52 -1.68 41.857 
-3.52 -1.6 41.8569 
-3.52 -1.52 41.8568 
-3.52 -1.44 41.8567 
-3.52 -1.36 41.8565 
-3.52 -1.28 41.8563 
-3.52 -1.2 41.8559 
-3.52 -1.12 41.8554 
-3.52 -1.04 41.8546 
-3.52 -0.96 41.8536 
-3.52 -0.88 41.852 
-3.52 -0.8 41.8497 
-3.52 -0.72 41.8464 
-3.52 -0.64 41.8416 
-3.52 -0.56 41.8348 
-3.52 -0.48 41.8249 
-3.52 -0.4 41.8106 
-3.52 -0.32 41.7901 
-3.52 -0.24 41.7608 
-3.52 -0.16 41.7188 
-3.52 -0.08 41.6591 
-3.52 6.93889e-16 41.5748 
-3.52 0.08 41.457 
-3.52 0.16 41.2947 
-3.52 0.24 41.0759 
-3.52 0.32 40.789 
-3.52 0.4 40.4276 
-3.52 0.48 39.9961 
-3.52 0.56 39.5164 
-3.52 0.64 39.0297 
-3.52 0.72 38.5899 
-3.52 0.8 38.2452 
-3.52 0.88 38.0189 
-3.52 0.96 37.9001 
-3.52 1.04 37.8536 
-3.52 1.12 37.8409 
-3.52 1.2 37.8386 
-3.52 1.28 37.8383 
-3.52 1.36 37.8383 
-3.52 1.44 37.8383 
-3.52 1.52 37.8383 
-3.52 1.6 37.8383 
-3.52 1.68 37.8383 
-3.52 1.76 37.8383 
-3.52 1.84 37.8383 
-3.52 1.92 37.8383 
-3.44 -2 41.8571 
-3.44 -1.92 41.8571 
-3.44 -1.84 41.857 
-3.44 -1.76 41.857 
-3.44 -1.68 41.8569 
-3.44 -1.6 41.8569 
-3.44 -1.52 41.8568 
-3.44 -1.44 41.8566 
-3.44 -1.36 41.8564 
-3.44 -1.28 41.8561 
-3.44 -1.2 41.8557 
-3.44 -1.12 41.8551 
-3.44 -1.04 41.8542 
-3.44 -0.96 41.8528 
-3.44 -0.88 41.8509 
-3.44 -0.8 41.8482 
-3.44 -0.72 41.8442 
-3.44 -0.64 41.8385 
-3.44 -0.56 41.8303 
-3.44 -0.48 41.8184 
-3.44 -0.4 41.8012 
-3.44 -0.32 41.7766 
-3.44 -0.24 41.7413 
-3.44 -0.16 41.6908 
-3.44 -0.08 41.6191 
-3.44 6.93889e-16 41.5179 
-3.44 0.08 41.3765 
-3.44 0.16 41.182 
-3.44 0.24 40.9198 
-3.44 0.32 40.5766 
-3.44 0.4 40.1451 
-3.44 0.48 39.6313 
-3.44 0.56 39.0619 
-3.44 0.64 38.4867 
-3.44 0.72 37.9689 
-3.44 0.8 37.5647 
-3.44 0.88 37.3001 
-3.44 0.96 37.1615 
-3.44 1.04 37.1071 
-3.44 1.12 37.0922 
-3.44 1.2 37.0896 
-3.44 1.28 37.0892 
-3.44 1.36 37.0892 
-3.44 1.44 37.0892 
-3.44 1.52 37.0892 
-3.44 1.6 37.0892 
-3.44 1.68 37.0892 
-3.44 1.76 37.0892 
-3.44 1.84 37.0892 
-3.44 1.92 37.0892 
-3.36 -2 41.8571 
-3.36 -1.92 41.857 
-3.36 -1.84 41.857 
-3.36 -1.76 41.857 
-3.36 -1.68 41.8569 
-3.36 -1.6 41.8568 
-3.36 -1.52 41.8567 
-3.36 -1.44 41.8565 
-3.36 -1.36 41.8563 
-3.36 -1.28 41.8559 
-3.36 -1.2 41.8554 
-3.36 -1.12 41.8546 
-3.36 -1.04 41.8536 
-3.36 -0.96 41.852 
-3.36 -0.88 41.8497 
-3.36 -0.8 41.8464 
-3.36 -0.72 41.8416 
-3.36 -0.64 41.8347 
-3.36 -0.56 41.8248 
-3.36 -0.48 41.8105 
-3.36 -0.4 41.7899 
-3.36 -0.32 41.7603 
-3.36 -0.24 41.7179 
-3.36 -0.16 41.6573 
-3.36 -0.08 41.5711 
-3.36 6.93889e-16 41.4496 
-3.36 0.08 41.28 
-3.36 0.16 41.0468 
-3.36 0.24 40.733 
-3.36 0.32 40.3228 
-3.36 0.4 39.8085 
-3.36 0.48 39.1979 
-3.36 0.56 38.524 
-3.36 0.64 37.8465 
-3.36 0.72 37.24 
-3.36 0.8 36.7689 
-3.36 0.88 36.4615 
-3.36 0.96 36.3007 
-3.36 1.04 36.2375 
-3.36 1.12 36.2203 
-3.36 1.2 36.2172 
-3.36 1.28 36.2168 
-3.36 1.36 36.2168 
-3.36 1.44 36.2168 
-3.36 1.52 36.2168 
-3.36 1.6 36.2168 
-3.36 1.68 36.2168 
-3.36 1.76 36.2168 
-3.36 1.84 36.2168 
-3.36 1.92 36.2168 
-3.28 -2 41.8571 
-3.28 -1.92 41.857 
-3.28 -1.84 41.857 
-3.28 -1.76 41.8569 
-3.28 -1.68 41.8569 
-3.28 -1.6 41.8568 
-3.28 -1.52 41.8566 
-3.28 -1.44 41.8564 
-3.28 -1.36 41.8561 
-3.28 -1.28 41.8557 
-3.28 -1.2 41.8551 
-3.28 -1.12 41.8542 
-3.28 -1.04 41.8528 
-3.28 -0.96 41.8509 
-3.28 -0.88 41.8482 
-3.28 -0.8 41.8442 
-3.28 -0.72 41.8385 
-3.28 -0.64 41.8302 
-3.28 -0.56 41.8183 
-3.28 -0.48 41.8011 
-3.28 -0.4 41.7764 
-3.28 -0.32 41.7408 
-3.28 -0.24 41.6898 
-3.28 -0.16 41.617 
-3.28 -0.08 41.5136 
-3.28 6.93889e-16 41.3677 
-3.28 0.08 41.1643 
-3.28 0.16 40.885 
-3.28 0.24 40.5095 
-3.28 0.32 40.0201 
-3.28 0.4 39.4079 
-3.28 0.48 38.6842 
-3.28 0.56 37.8895 
-3.28 0.64 37.0953 
-3.28 0.72 36.3891 
-3.28 0.8 35.844 
-3.28 0.88 35.4899 
-3.28 0.96 35.305 
-3.28 1.04 35.2323 
-3.28 1.12 35.2125 
-3.28 1.2 35.2089 
-3.28 1.28 35.2084 
-3.28 1.36 35.2084 
-3.28 1.44 35.2084 
-3.28 1.52 35.2084 
-3.28 1.6 35.2084 
-3.28 1.68 35.2084 
-3.28 1.76 35.2084 
-3.28 1.84 35.2084 
-3.28 1.92 35.2084 
-3.2 -2 41.857 
-3.2 -1.92 41.857 
-3.2 -1.84 41.857 
-3.2 -1.76 41.8569 
-3.2 -1.68 41.8568 
-3.2 -1.6 41.8567 
-3.2 -1.52 41.8565 
-3.2 -1.44 41.8563 
-3.2 -1.36 41.8559 
-3.2 -1.28 41.8554 
-3.2 -1.2 41.8546 
-3.2 -1.12 41.8536 
-3.2 -1.04 41.852 
-3.2 -0.96 41.8497 
-3.2 -0.88 41.8464 
-3.2 -0.8 41.8416 
-3.2 -0.72 41.8347 
-3.2 -0.64 41.8248 
-3.2 -0.56 41.8105 
-3.2 -0.48 41.7898 
-3.2 -0.4 41.7601 
-3.2 -0.32 41.7173 
-3.2 -0.24 41.6561 
-3.2 -0.16 41.5686 
-3.2 -0.08 41.4444 
-3.2 6.93889e-16 41.2694 
-3.2 0.08 41.0256 
-3.2 0.16 40.6913 
-3.2 0.24 40.2427 
-3.2 0.32 39.6594 
-3.2 0.4 38.9326 
-3.2 0.48 38.0774 
-3.2 0.56 37.1441 
-3.2 0.64 36.2187 
-3.2 0.72 35.4027 
-3.2 0.8 34.7779 
-3.2 0.88 34.3744 
-3.2 0.96 34.1641 
-3.2 1.04 34.0815 
-3.2 1.12 34.0588 
-3.2 1.2 34.0547 
-3.2 1.28 34.0542 
-3.2 1.36 34.0542 
-3.2 1.44 34.0542 
-3.2 1.52 34.0542 
-3.2 1.6 34.0542 
-3.2 1.68 34.0542 
-3.2 1.76 34.0542 
-3.2 1.84 34.0542 
-3.2 1.92 34.0542 
-3.12 -2 41.857 
-3.12 -1.92 41.857 
-3.12 -1.84 41.8569 
-3.12 -1.76 41.8569 
-3.12 -1.68 41.8568 
-3.12 -1.6 41.8566 
-3.12 -1.52 41.8564 
-3.12 -1.44 41.8561 
-3.12 -1.36 41.8557 
-3.12 -1.28 41.8551 
-3.12 -1.2 41.8542 
-3.12 -1.12 41.8528 
-3.12 -1.04 41.8509 
-3.12 -0.96 41.8482 
-3.12 -0.88 41.8442 
-3.12 -0.8 41.8385 
-3.12 -0.72 41.8302 
-3.12 -0.64 41.8183 
-3.12 -0.56 41.801 
-3.12 -0.48 41.7762 
-3.12 -0.4 41.7404 
-3.12 -0.32 41.6891 
-3.12 -0.24 41.6155 
-3.12 -0.16 41.5105 
-3.12 -0.08 41.3615 
-3.12 6.93889e-16 41.1516 
-3.12 0.08 40.8596 
-3.12 0.16 40.4597 
-3.12 0.24 39.9245 
-3.12 0.32 39.2307 
-3.12 0.4 38.3699 
-3.12 0.48 37.3633 
-3.12 0.56 36.2734 
-3.12 0.64 35.203 
-3.12 0.72 34.2695 
-3.12 0.8 33.5622 
-3.12 0.88 33.1088 
-3.12 0.96 32.8733 
-3.12 1.04 32.7806 
-3.12 1.12 32.7551 
-3.12 1.2 32.7505 
-3.12 1.28 32.7499 
-3.12 1.36 32.7499 
-3.12 1.44 32.7499 
-3.12 1.52 32.7499 
-3.12 1.6 32.7499 
-3.12 1.68 32.7499 
-3.12 1.76 32.7499 
-3.12 1.84 32.7499 
-3.12 1.92 32.7499 
-3.04 -2 41.857 
-3.04 -1.92 41.857 
-3.04 -1.84 41.8569 
-3.04 -1.76 41.8568 
-3.04 -1.68 41.8567 
-3.04 -1.6 41.8565 
-3.04 -1.52 41.8563 
-3.04 -1.44 41.8559 
-3.04 -1.36 41.8554 
-3.04 -1.28 41.8546 
-3.04 -1.2 41.8536 
-3.04 -1.12 41.852 
-3.04 -1.04 41.8497 
-3.04 -0.96 41.8464 
-3.04 -0.88 41.8416 
-3.04 -0.8 41.8347 
-3.04 -0.72 41.8248 
-3.04 -0.64 41.8104 
-3.04 -0.56 41.7897 
-3.04 -0.48 41.7599 
-3.04 -0.4 41.7169 
-3.04 -0.32 41.6552 
-3.04 -0.24 41.5668 
-3.04 -0.16 41.4408 
-3.04 -0.08 41.262 
-3.04 6.93889e-16 41.0105 
-3.04 0.08 40.6609 
-3.04 0.16 40.1832 
-3.04 0.24 39.5455 
-3.04 0.32 38.7222 
-3.04 0.4 37.7063 
-3.04 0.48 36.5271 
-3.04 0.56 35.2629 
-3.04 0.64 34.0369 
-3.04 0.72 32.9828 
-3.04 0.8 32.1951 
-3.04 0.88 31.6954 
-3.04 0.96 31.4369 
-3.04 1.04 31.3349 
-3.04 1.12 31.3068 
-3.04 1.2 31.3017 
-3.04 1.28 31.301 
-3.04 1.36 31.3009 
-3.04 1.44 31.3009 
-3.04 1.52 31.3009 
-3.04 1.6 31.3009 
-3.04 1.68 31.3009 
-3.04 1.76 31.3009 
-3.04 1.84 31.3009 
-3.04 1.92 31.3009 
-2.96 -2 41.857 
-2.96 -1.92 41.8569 
-2.96 -1.84 41.8569 
-2.96 -1.76 41.8568 
-2.96 -1.68 41.8566 
-2.96 -1.6 41.8564 
-2.96 -1.52 41.8561 
-2.96 -1.44 41.8557 
-2.96 -1.36 41.8551 
-2.96 -1.28 41.8541 
-2.96 -1.2 41.8528 
-2.96 -1.12 41.8509 
-2.96 -1.04 41.8482 
-2.96 -0.96 41.8442 
-2.96 -0.88 41.8385 
-2.96 -0.8 41.8302 
-2.96 -0.72 41.8182 
-2.96 -0.64 41.801 
-2.96 -0.56 41.7761 
-2.96 -0.48 41.7402 
-2.96 -0.4 41.6886 
-2.96 -0.32 41.6145 
-2.96 -0.24 41.5084 
-2.96 -0.16 41.3571 
-2.96 -0.08 41.1427 
-2.96 6.93889e-16 40.8414 
-2.96 0.08 40.4234 
-2.96 0.16 39.8534 
-2.96 0.24 39.0953 
-2.96 0.32 38.121 
-2.96 0.4 36.927 
-2.96 0.48 35.5539 
-2.96 0.56 34.1006 
-2.96 0.64 32.7137 
-2.96 0.72 31.5441 
-2.96 0.8 30.6866 
-2.96 0.88 30.1505 
-2.96 0.96 29.8745 
-2.96 1.04 29.7654 
-2.96 1.12 29.7351 
-2.96 1.2 29.7296 
-2.96 1.28 29.7289 
-2.96 1.36 29.7288 
-2.96 1.44 29.7288 
-2.96 1.52 29.7288 
-2.96 1.6 29.7288 
-2.96 1.68 29.7288 
-2.96 1.76 29.7288 
-2.96 1.84 29.7288 
-2.96 1.92 29.7288 
-2.88 -2 41.857 
-2.88 -1.92 41.8569 
-2.88 -1.84 41.8568 
-2.88 -1.76 41.8567 
-2.88 -1.68 41.8565 
-2.88 -1.6 41.8563 
-2.88 -1.52 41.8559 
-2.88 -1.44 41.8554 
-2.88 -1.36 41.8546 
-2.88 -1.28 41.8536 
-2.88 -1.2 41.852 
-2.88 -1.12 41.8497 
-2.88 -1.04 41.8464 
-2.88 -0.96 41.8416 
-2.88 -0.88 41.8347 
-2.88 -0.8 41.8248 
-2.88 -0.72 41.8104 
-2.88 -0.64 41.7896 
-2.88 -0.56 41.7597 
-2.88 -0.48 41.7166 
-2.88 -0.4 41.6546 
-2.88 -0.32 41.5656 
-2.88 -0.24 41.4382 
-2.88 -0.16 41.2567 
-2.88 -0.08 40.9997 
-2.88 6.93889e-16 40.6391 
-2.88 0.08 40.1398 
-2.88 0.16 39.4609 
-2.88 0.24 38.5616 
-2.88 0.32 37.4128 
-2.88 0.4 36.0168 
-2.88 0.48 34.4303 
-2.88 0.56 32.7784 
-2.88 0.64 31.236 
-2.88 0.72 29.969 
-2.88 0.8 29.0655 
-2.88 0.88 28.5123 
-2.88 0.96 28.2299 
-2.88 1.04 28.1176 
-2.88 1.12 28.0861 
-2.88 1.2 28.0804 
-2.88 1.28 28.0796 
-2.88 1.36 28.0796 
-2.88 1.44 28.0795 
-2.88 1.52 28.0795 
-2.88 1.6 28.0795 
-2.88 1.68 28.0795 
-2.88 1.76 28.0795 
-2.88 1.84 28.0795 
-2.88 1.92 28.0795 
-2.8 -2 41.8569 
-2.8 -1.92 41.8569 
-2.8 -1.84 41.8568 
-2.8 -1.76 41.8566 
-2.8 -1.68 41.8564 
-2.8 -1.6 41.8561 
-2.8 -1.52 41.8557 
-2.8 -1.44 41.8551 
-2.8 -1.36 41.8541 
-2.8 -1.28 41.8528 
-2.8 -1.2 41.8509 
-2.8 -1.12 41.8482 
-2.8 -1.04 41.8442 
-2.8 -0.96 41.8385 
-2.8 -0.88 41.8302 
-2.8 -0.8 41.8182 
-2.8 -0.72 41.8009 
-2.8 -0.64 41.776 
-2.8 -0.56 41.74 
-2.8 -0.48 41.6882 
-2.8 -0.4 41.6138 
-2.8 -0.32 41.5069 
-2.8 -0.24 41.354 
-2.8 -0.16 41.1363 
-2.8 -0.08 40.8285 
-2.8 6.93889e-16 40.3974 
-2.8 0.08 39.8017 
-2.8 0.16 38.9947 
-2.8 0.24 37.9311 
-2.8 0.32 36.5824 
-2.8 0.4 34.9608 
-2.8 0.48 33.146 
-2.8 0.56 31.2968 
-2.8 0.64 29.6208 
-2.8 0.72 28.2954 
-2.8 0.8 27.3891 
-2.8 0.88 26.8527 
-2.8 0.96 26.5823 
-2.8 1.04 26.4738 
-2.8 1.12 26.4428 
-2.8 1.2 26.4371 
-2.8 1.28 26.4364 
-2.8 1.36 26.4363 
-2.8 1.44 26.4363 
-2.8 1.52 26.4363 
-2.8 1.6 26.4363 
-2.8 1.68 26.4363 
-2.8 1.76 26.4363 
-2.8 1.84 26.4363 
-2.8 1.92 26.4363 
-2.72 -2 41.8569 
-2.72 -1.92 41.8568 
-2.72 -1.84 41.8567 
-2.72 -1.76 41.8565 
-2.72 -1.68 41.8563 
-2.72 -1.6 41.8559 
-2.72 -1.52 41.8554 
-2.72 -1.44 41.8546 
-2.72 -1.36 41.8536 
-2.72 -1.28 41.852 
-2.72 -1.2 41.8497 
-2.72 -1.12 41.8464 
-2.72 -1.04 41.8416 
-2.72 -0.96 41.8347 
-2.72 -0.88 41.8247 
-2.72 -0.8 41.8104 
-2.72 -0.72 41.7896 
-2.72 -0.64 41.7596 
-2.72 -0.56 41.7164 
-2.72 -0.48 41.6542 
-2.72 -0.4 41.5647 
-2.72 -0.32 41.4364 
-2.72 -0.24 41.253 
-2.72 -0.16 40.9921 
-2.72 -0.08 40.6237 
-2.72 6.93889e-16 40.1088 
-2.72 0.08 39.3994 
-2.72 0.16 38.4424 
-2.72 0.24 37.1891 
-2.72 0.32 35.6144 
-2.72 0.4 33.7465 
-2.72 0.48 31.6974 
-2.72 0.56 29.6698 
-2.72 0.64 27.9083 
-2.72 0.72 26.5944 
-2.72 0.8 25.7573 
-2.72 0.88 25.2919 
-2.72 0.96 25.0627 
-2.72 1.04 24.9689 
-2.72 1.12 24.9412 
-2.72 1.2 24.936 
-2.72 1.28 24.9353 
-2.72 1.36 24.9353 
-2.72 1.44 24.9353 
-2.72 1.52 24.9353 
-2.72 1.6 24.9353 
-2.72 1.68 24.9353 
-2.72 1.76 24.9353 
-2.72 1.84 24.9353 
-2.72 1.92 24.9353 
-2.64 -2 41.8569 
-2.64 -1.92 41.8568 
-2.64 -1.84 41.8566 
-2.64 -1.76 41.8564 
-2.64 -1.68 41.8561 
-2.64 -1.6 41.8557 
-2.64 -1.52 41.8551 
-2.64 -1.44 41.8541 
-2.64 -1.36 41.8528 
-2.64 -1.28 41.8509 
-2.64 -1.2 41.8482 
-2.64 -1.12 41.8442 
-2.64 -1.04 41.8385 
-2.64 -0.96 41.8302 
-2.64 -0.88 41.8182 
-2.64 -0.8 41.8009 
-2.64 -0.72 41.7759 
-2.64 -0.64 41.7399 
-2.64 -0.56 41.688 
-2.64 -0.48 41.6133 
-2.64 -0.4 41.5058 
-2.64 -0.32 41.3518 
-2.64 -0.24 41.1319 
-2.64 -0.16 40.8194 
-2.64 -0.08 40.3789 
-2.64 6.93889e-16 39.7647 
-2.64 0.08 38.9216 
-2.64 0.16 37.7903 
-2.64 0.24 36.3201 
-2.64 0.32 34.4943 
-2.64 0.4 32.3661 
-2.64 0.48 30.0925 
-2.64 0.56 27.9332 
-2.64 0.64 26.1737 
-2.64 0.72 24.9858 
-2.64 0.8 24.3301 
-2.64 0.88 24.0179 
-2.64 0.96 23.8736 
-2.64 1.04 23.8109 
-2.64 1.12 23.7905 
-2.64 1.2 23.7865 
-2.64 1.28 23.7861 
-2.64 1.36 23.786 
-2.64 1.44 23.786 
-2.64 1.52 23.786 
-2.64 1.6 23.786 
-2.64 1.68 23.786 
-2.64 1.76 23.786 
-2.64 1.84 23.786 
-2.64 1.92 23.786 
-2.56 -2 41.8568 
-2.56 -1.92 41.8567 
-2.56 -1.84 41.8565 
-2.56 -1.76 41.8563 
-2.56 -1.68 41.8559 
-2.56 -1.6 41.8554 
-2.56 -1.52 41.8546 
-2.56 -1.44 41.8536 
-2.56 -1.36 41.852 
-2.56 -1.28 41.8497 
-2.56 -1.2 41.8464 
-2.56 -1.12 41.8416 
-2.56 -1.04 41.8347 
-2.56 -0.96 41.8247 
-2.56 -0.88 41.8103 
-2.56 -0.8 41.7896 
-2.56 -0.72 41.7595 
-2.56 -0.64 41.7163 
-2.56 -0.56 41.6539 
-2.56 -0.48 41.5641 
-2.56 -0.4 41.4351 
-2.56 -0.32 41.2504 
-2.56 -0.24 40.9868 
-2.56 -0.16 40.6128 
-2.56 -0.08 40.0867 
-2.56 6.93889e-16 39.3553 
-2.56 0.08 38.3558 
-2.56 0.16 37.0233 
-2.56 0.24 35.3086 
-2.56 0.32 33.2105 
-2.56 0.4 30.8202 
-2.56 0.48 28.3579 
-2.56 0.56 26.1559 
-2.56 0.64 24.5428 
-2.56 0.72 23.6574 
-2.56 0.8 23.3493 
-2.56 0.88 23.309 
-2.56 0.96 23.3122 
-2.56 1.04 23.3036 
-2.56 1.12 23.2965 
-2.56 1.2 23.2947 
-2.56 1.28 23.2945 
-2.56 1.36 23.2945 
-2.56 1.44 23.2945 
-2.56 1.52 23.2945 
-2.56 1.6 23.2945 
-2.56 1.68 23.2945 
-2.56 1.76 23.2945 
-2.56 1.84 23.2945 
-2.56 1.92 23.2945 
-2.48 -2 41.8568 
-2.48 -1.92 41.8566 
-2.48 -1.84 41.8564 
-2.48 -1.76 41.8561 
-2.48 -1.68 41.8557 
-2.48 -1.6 41.8551 
-2.48 -1.52 41.8541 
-2.48 -1.44 41.8528 
-2.48 -1.36 41.8509 
-2.48 -1.28 41.8482 
-2.48 -1.2 41.8442 
-2.48 -1.12 41.8385 
-2.48 -1.04 41.8302 
-2.48 -0.96 41.8182 
-2.48 -0.88 41.8009 
-2.48 -0.8 41.7759 
-2.48 -0.72 41.7398 
-2.48 -0.64 41.6878 
-2.48 -0.56 41.6129 
-2.48 -0.48 41.5051 
-2.48 -0.4 41.3503 
-2.48 -0.32 41.1288 
-2.48 -0.24 40.8131 
-2.48 -0.16 40.3659 
-2.48 -0.08 39.7384 
-2.48 6.93889e-16 38.8692 
-2.48 0.08 37.6879 
-2.48 0.16 36.1259 
-2.48 0.24 34.1404 
-2.48 0.32 31.7572 
-2.48 0.4 29.1241 
-2.48 0.48 26.5487 
-2.48 0.56 24.4553 
-2.48 0.64 23.2122 
-2.48 0.72 22.888 
-2.48 0.8 23.1618 
-2.48 0.88 23.5567 
-2.48 0.96 23.792 
-2.48 1.04 23.8688 
-2.48 1.12 23.8827 
-2.48 1.2 23.8844 
-2.48 1.28 23.8847 
-2.48 1.36 23.8848 
-2.48 1.44 23.8848 
-2.48 1.52 23.8848 
-2.48 1.6 23.8848 
-2.48 1.68 23.8848 
-2.48 1.76 23.8848 
-2.48 1.84 23.8848 
-2.48 1.92 23.8848 
-2.4 -2 41.8567 
-2.4 -1.92 41.8565 
-2.4 -1.84 41.8563 
-2.4 -1.76 41.8559 
-2.4 -1.68 41.8554 
-2.4 -1.6 41.8546 
-2.4 -1.52 41.8536 
-2.4 -1.44 41.852 
-2.4 -1.36 41.8497 
-2.4 -1.28 41.8464 
-2.4 -1.2 41.8416 
-2.4 -1.12 41.8347 
-2.4 -1.04 41.8247 
-2.4 -0.96 41.8103 
-2.4 -0.88 41.7895 
-2.4 -0.8 41.7595 
-2.4 -0.72 41.7162 
-2.4 -0.64 41.6537 
-2.4 -0.56 41.5637 
-2.4 -0.48 41.4343 
-2.4 -0.4 41.2486 
-2.4 -0.32 40.9831 
-2.4 -0.24 40.6052 
-2.4 -0.16 40.0712 
-2.4 -0.08 39.324 
-2.4 6.93889e-16 38.2937 
-2.4 0.08 36.9029 
-2.4 0.16 35.0824 
-2.4 0.24 32.8048 
-2.4 0.32 30.139 
-2.4 0.4 27.3162 
-2.4 0.48 24.7627 
-2.4 0.56 23.0162 
-2.4 0.64 22.472 
-2.4 0.72 23.0701 
-2.4 0.8 24.2394 
-2.4 0.88 25.281 
-2.4 0.96 25.8561 
-2.4 1.04 26.0577 
-2.4 1.12 26.1023 
-2.4 1.2 26.1091 
-2.4 1.28 26.1102 
-2.4 1.36 26.1104 
-2.4 1.44 26.1104 
-2.4 1.52 26.1104 
-2.4 1.6 26.1104 
-2.4 1.68 26.1104 
-2.4 1.76 26.1104 
-2.4 1.84 26.1104 
-2.4 1.92 26.1104 
-2.32 -2 41.8566 
-2.32 -1.92 41.8564 
-2.32 -1.84 41.8561 
-2.32 -1.76 41.8557 
-2.32 -1.68 41.8551 
-2.32 -1.6 41.8541 
-2.32 -1.52 41.8528 
-2.32 -1.44 41.8509 
-2.32 -1.36 41.8482 
-2.32 -1.28 41.8442 
-2.32 -1.2 41.8385 
-2.32 -1.12 41.8302 
-2.32 -1.04 41.8182 
-2.32 -0.96 41.8009 
-2.32 -0.88 41.7759 
-2.32 -0.8 41.7398 
-2.32 -0.72 41.6877 
-2.32 -0.64 41.6127 
-2.32 -0.56 41.5046 
-2.32 -0.48 41.3493 
-2.32 -0.4 41.1266 
-2.32 -0.32 40.8086 
-2.32 -0.24 40.3568 
-2.32 -0.16 39.7199 
-2.32 -0.08 38.8321 
-2.32 6.93889e-16 37.6146 
-2.32 0.08 35.9849 
-2.32 0.16 33.879 
-2.32 0.24 31.2978 
-2.32 0.32 28.3777 
-2.32 0.4 25.4696 
-2.32 0.48 23.1581 
-2.32 0.56 22.1142 
-2.32 0.64 22.7286 
-2.32 0.72 24.7252 
-2.32 0.8 27.1822 
-2.32 0.88 29.1243 
-2.32 0.96 30.1651 
-2.32 1.04 30.5368 
-2.32 1.12 30.6234 
-2.32 1.2 30.6374 
-2.32 1.28 30.6394 
-2.32 1.36 30.6397 
-2.32 1.44 30.6397 
-2.32 1.52 30.6397 
-2.32 1.6 30.6397 
-2.32 1.68 30.6397 
-2.32 1.76 30.6397 
-2.32 1.84 30.6397 
-2.32 1.92 30.6397 
-2.24 -2 41.8565 
-2.24 -1.92 41.8563 
-2.24 -1.84 41.8559 
-2.24 -1.76 41.8554 
-2.24 -1.68 41.8546 
-2.24 -1.6 41.8536 
-2.24 -1.52 41.852 
-2.24 -1.44 41.8497 
-2.24 -1.36 41.8464 
-2.24 -1.28 41.8416 
-2.24 -1.2 41.8347 
-2.24 -1.12 41.8247 
-2.24 -1.04 41.8103 
-2.24 -0.96 41.7895 
-2.24 -0.88 41.7595 
-2.24 -0.8 41.7161 
-2.24 -0.72 41.6535 
-2.24 -0.64 41.5634 
-2.24 -0.56 41.4337 
-2.24 -0.48 41.2474 
-2.24 -0.4 40.9805 
-2.24 -0.32 40.5999 
-2.24 -0.24 40.0603 
-2.24 -0.16 39.302 
-2.24 -0.08 38.2497 
-2.24 6.93889e-16 36.8167 
-2.24 0.08 34.9183 
-2.24 0.16 32.5056 
-2.24 0.24 29.6272 
-2.24 0.32 26.5217 
-2.24 0.4 23.7079 
-2.24 0.48 21.9758 
-2.24 0.56 22.1386 
-2.24 0.64 24.5188 
-2.24 0.72 28.4978 
-2.24 0.8 32.6881 
-2.24 0.88 35.8017 
-2.24 0.96 37.4374 
-2.24 1.04 38.0256 
-2.24 1.12 38.1657 
-2.24 1.2 38.1886 
-2.24 1.28 38.1918 
-2.24 1.36 38.1923 
-2.24 1.44 38.1923 
-2.24 1.52 38.1923 
-2.24 1.6 38.1923 
-2.24 1.68 38.1923 
-2.24 1.76 38.1923 
-2.24 1.84 38.1923 
-2.24 1.92 38.1923 
-2.16 -2 41.8564 
-2.16 -1.92 41.8561 
-2.16 -1.84 41.8557 
-2.16 -1.76 41.8551 
-2.16 -1.68 41.8541 
-2.16 -1.6 41.8528 
-2.16 -1.52 41.8509 
-2.16 -1.44 41.8482 
-2.16 -1.36 41.8442 
-2.16 -1.28 41.8385 
-2.16 -1.2 41.8302 
-2.16 -1.12 41.8182 
-2.16 -1.04 41.8009 
-2.16 -0.96 41.7759 
-2.16 -0.88 41.7398 
-2.16 -0.8 41.6876 
-2.16 -0.72 41.6125 
-2.16 -0.64 41.5043 
-2.16 -0.56 41.3486 
-2.16 -0.48 41.1252 
-2.16 -0.4 40.8055 
-2.16 -0.32 40.3505 
-2.16 -0.24 39.707 
-2.16 -0.16 38.8059 
-2.16 -0.08 37.5627 
-2.16 6.93889e-16 35.884 
-2.16 0.08 33.6896 
-2.16 0.16 30.9598 
-2.16 0.24 27.8202 
-2.16 0.32 24.6593 
-2.16 0.4 22.2254 
-2.16 0.48 21.5623 
-2.16 0.56 23.6084 
-2.16 0.64 28.4999 
-2.16 0.72 35.1045 
-2.16 0.8 41.4624 
-2.16 0.88 45.9831 
-2.16 0.96 48.3198 
-2.16 1.04 49.162 
-2.16 1.12 49.3652 
-2.16 1.2 49.3988 
-2.16 1.28 49.4034 
-2.16 1.36 49.4041 
-2.16 1.44 49.4042 
-2.16 1.52 49.4042 
-2.16 1.6 49.4042 
-2.16 1.68 49.4042 
-2.16 1.76 49.4042 
-2.16 1.84 49.4042 
-2.16 1.92 49.4042 
-2.08 -2 41.8563 
-2.08 -1.92 41.8559 
-2.08 -1.84 41.8554 
-2.08 -1.76 41.8546 
-2.08 -1.68 41.8536 
-2.08 -1.6 41.852 
-2.08 -1.52 41.8497 
-2.08 -1.44 41.8464 
-2.08 -1.36 41.8416 
-2.08 -1.28 41.8347 
-2.08 -1.2 41.8247 
-2.08 -1.12 41.8103 
-2.08 -1.04 41.7895 
-2.08 -0.96 41.7594 
-2.08 -0.88 41.7161 
-2.08 -0.8 41.6535 
-2.08 -0.72 41.5632 
-2.08 -0.64 41.4333 
-2.08 -0.56 41.2465 
-2.08 -0.48 40.9787 
-2.08 -0.4 40.5962 
-2.08 -0.32 40.0528 
-2.08 -0.24 39.2866 
-2.08 -0.16 38.2188 
-2.08 -0.08 36.7556 
-2.08 6.93889e-16 34.801 
-2.08 0.08 32.2891 
-2.08 0.16 29.2519 
-2.08 0.24 25.9332 
-2.08 0.32 22.9356 
-2.08 0.4 21.3105 
-2.08 0.48 22.3906 
-2.08 0.56 27.1678 
-2.08 0.64 35.3934 
-2.08 0.72 45.2143 
-2.08 0.8 54.0471 
-2.08 0.88 60.1 
-2.08 0.96 63.1861 
-2.08 1.04 64.3015 
-2.08 1.12 64.5737 
-2.08 1.2 64.6192 
-2.08 1.28 64.6254 
-2.08 1.36 64.6263 
-2.08 1.44 64.6264 
-2.08 1.52 64.6264 
-2.08 1.6 64.6264 
-2.08 1.68 64.6264 
-2.08 1.76 64.6264 
-2.08 1.84 64.6264 
-2.08 1.92 64.6264 
-2 -2 41.8561 
-2 -1.92 41.8557 
-2 -1.84 41.8551 
-2 -1.76 41.8541 
-2 -1.68 41.8528 
-2 -1.6 41.8509 
-2 -1.52 41.8482 
-2 -1.44 41.8442 
-2 -1.36 41.8385 
-2 -1.28 41.8302 
-2 -1.2 41.8182 
-2 -1.12 41.8009 
-2 -1.04 41.7758 
-2 -0.96 41.7397 
-2 -0.88 41.6876 
-2 -0.8 41.6124 
-2 -0.72 41.504 
-2 -0.64 41.3481 
-2 -0.56 41.1241 
-2 -0.48 40.8034 
-2 -0.4 40.3461 
-2 -0.32 39.6979 
-2 -0.24 38.7876 
-2 -0.16 37.5261 
-2 -0.08 35.8125 
-2 6.93889e-16 33.5542 
-2 0.08 30.7157 
-2 0.16 27.4131 
-2 0.24 24.0665 
-2 0.32 21.5745 
-2 0.4 21.3679 
-2 0.48 25.0643 
-2 0.56 33.538 
-2 0.64 45.8556 
-2 0.72 59.2472 
-2 0.8 70.5959 
-2 0.88 78.1292 
-2 0.96 81.9376 
-2 1.04 83.3246 
-2 1.12 83.6687 
-2 1.2 83.7273 
-2 1.28 83.7355 
-2 1.36 83.7367 
-2 1.44 83.7368 
-2 1.52 83.7368 
-2 1.6 83.7368 
-2 1.68 83.7368 
-2 1.76 83.7368 
-2 1.84 83.7368 
-2 1.92 83.7368 
-1.92 -2 41.8559 
-1.92 -1.92 41.8554 
-1.92 -1.84 41.8546 
-1.92 -1.76 41.8536 
-1.92 -1.68 41.852 
-1.92 -1.6 41.8497 
-1.92 -1.52 41.8464 
-1.92 -1.44 41.8416 
-1.92 -1.36 41.8347 
-1.92 -1.28 41.8247 
-1.92 -1.2 41.8103 
-1.92 -1.12 41.7895 
-1.92 -1.04 41.7594 
-1.92 -0.96 41.716 
-1.92 -0.88 41.6534 
-1.92 -0.8 41.5631 
-1.92 -0.72 41.433 
-1.92 -0.64 41.2459 
-1.92 -0.56 40.9775 
-1.92 -0.48 40.5937 
-1.92 -0.4 40.0475 
-1.92 -0.32 39.2758 
-1.92 -0.24 38.1971 
-1.92 -0.16 36.7126 
-1.92 -0.08 34.7179 
-1.92 6.93889e-16 32.1346 
-1.92 0.08 28.9815 
-1.92 0.16 25.5062 
-1.92 0.24 22.3824 
-1.92 0.32 20.9019 
-1.92 0.4 22.9344 
-1.92 0.48 30.2891 
-1.92 0.56 43.4007 
-1.92 0.64 60.2671 
-1.92 0.72 77.1435 
-1.92 0.8 90.709 
-1.92 0.88 99.5142 
-1.92 0.96 103.976 
-1.92 1.04 105.63 
-1.92 1.12 106.052 
-1.92 1.2 106.126 
-1.92 1.28 106.137 
-1.92 1.36 106.138 
-1.92 1.44 106.139 
-1.92 1.52 106.139 
-1.92 1.6 106.139 
-1.92 1.68 106.139 
-1.92 1.76 106.139 
-1.92 1.84 106.139 
-1.92 1.92 106.139 
-1.84 -2 41.8557 
-1.84 -1.92 41.8551 
-1.84 -1.84 41.8541 
-1.84 -1.76 41.8528 
-1.84 -1.68 41.8509 
-1.84 -1.6 41.8482 
-1.84 -1.52 41.8442 
-1.84 -1.44 41.8385 
-1.84 -1.36 41.8302 
-1.84 -1.28 41.8182 
-1.84 -1.2 41.8009 
-1.84 -1.12 41.7758 
-1.84 -1.04 41.7397 
-1.84 -0.96 41.6875 
-1.84 -0.88 41.6123 
-1.84 -0.8 41.5039 
-1.84 -0.72 41.3477 
-1.84 -0.64 41.1234 
-1.84 -0.56 40.8019 
-1.84 -0.48 40.343 
-1.84 -0.4 39.6916 
-1.84 -0.32 38.7749 
-1.84 -0.24 37.5006 
-1.84 -0.16 35.7622 
-1.84 -0.08 33.4584 
-1.84 6.93889e-16 30.5416 
-1.84 0.08 27.1207 
-1.84 0.16 23.6406 
-1.84 0.24 21.1274 
-1.84 0.32 21.3673 
-1.84 0.4 26.6699 
-1.84 0.48 38.7837 
-1.84 0.56 57.1961 
-1.84 0.64 78.4969 
-1.84 0.72 98.2626 
-1.84 0.8 113.541 
-1.84 0.88 123.415 
-1.84 0.96 128.51 
-1.84 1.04 130.458 
-1.84 1.12 130.974 
-1.84 1.2 131.069 
-1.84 1.28 131.083 
-1.84 1.36 131.086 
-1.84 1.44 131.086 
-1.84 1.52 131.086 
-1.84 1.6 131.086 
-1.84 1.68 131.086 
-1.84 1.76 131.086 
-1.84 1.84 131.086 
-1.84 1.92 131.086 
-1.76 -2 41.8554 
-1.76 -1.92 41.8546 
-1.76 -1.84 41.8536 
-1.76 -1.76 41.852 
-1.76 -1.68 41.8497 
-1.76 -1.6 41.8464 
-1.76 -1.52 41.8416 
-1.76 -1.44 41.8347 
-1.76 -1.36 41.8247 
-1.76 -1.28 41.8103 
-1.76 -1.2 41.7895 
-1.76 -1.12 41.7594 
-1.76 -1.04 41.716 
-1.76 -0.96 41.6533 
-1.76 -0.88 41.563 
-1.76 -0.8 41.4328 
-1.76 -0.72 41.2455 
-1.76 -0.64 40.9766 
-1.76 -0.56 40.5919 
-1.76 -0.48 40.0438 
-1.76 -0.4 39.2684 
-1.76 -0.32 38.182 
-1.76 -0.24 36.6825 
-1.76 -0.16 34.6595 
-1.76 -0.08 32.0253 
-1.76 6.93889e-16 28.7889 
-1.76 0.08 25.2009 
-1.76 0.16 21.9914 
-1.76 0.24 20.6559 
-1.76 0.32 23.5529 
-1.76 0.4 33.3052 
-1.76 0.48 51.1087 
-1.76 0.56 74.8773 
-1.76 0.64 99.8142 
-1.76 0.72 121.628 
-1.76 0.8 138.268 
-1.76 0.88 149.215 
-1.76 0.96 155.037 
-1.76 1.04 157.347 
-1.76 1.12 157.986 
-1.76 1.2 158.109 
-1.76 1.28 158.128 
-1.76 1.36 158.13 
-1.76 1.44 158.131 
-1.76 1.52 158.131 
-1.76 1.6 158.131 
-1.76 1.68 158.131 
-1.76 1.76 158.131 
-1.76 1.84 158.131 
-1.76 1.92 158.131 
-1.68 -2 41.8551 
-1.68 -1.92 41.8541 
-1.68 -1.84 41.8528 
-1.68 -1.76 41.8509 
-1.68 -1.68 41.8482 
-1.68 -1.6 41.8442 
-1.68 -1.52 41.8385 
-1.68 -1.44 41.8302 
-1.68 -1.36 41.8182 
-1.68 -1.28 41.8009 
-1.68 -1.2 41.7758 
-1.68 -1.12 41.7397 
-1.68 -1.04 41.6875 
-1.68 -0.96 41.6123 
-1.68 -0.88 41.5037 
-1.68 -0.8 41.3475 
-1.68 -0.72 41.1229 
-1.68 -0.64 40.8009 
-1.68 -0.56 40.3409 
-1.68 -0.48 39.6873 
-1.68 -0.4 38.766 
-1.68 -0.32 37.4827 
-1.68 -0.24 35.727 
-1.68 -0.16 33.3911 
-1.68 -0.08 30.4186 
-1.68 6.93889e-16 26.9131 
-1.68 0.08 23.3383 
-1.68 0.16 20.8221 
-1.68 0.24 21.4504 
-1.68 0.32 28.1536 
-1.68 0.4 43.5159 
-1.68 0.48 67.4221 
-1.68 0.56 95.7723 
-1.68 0.64 123.166 
-1.68 0.72 146.483 
-1.68 0.8 164.553 
-1.68 0.88 176.785 
-1.68 0.96 183.482 
-1.68 1.04 186.222 
-1.68 1.12 187.007 
-1.68 1.2 187.163 
-1.68 1.28 187.188 
-1.68 1.36 187.192 
-1.68 1.44 187.192 
-1.68 1.52 187.192 
-1.68 1.6 187.192 
-1.68 1.68 187.192 
-1.68 1.76 187.192 
-1.68 1.84 187.192 
-1.68 1.92 187.192 
-1.6 -2 41.8546 
-1.6 -1.92 41.8536 
-1.6 -1.84 41.852 
-1.6 -1.76 41.8497 
-1.6 -1.68 41.8464 
-1.6 -1.6 41.8416 
-1.6 -1.52 41.8347 
-1.6 -1.44 41.8247 
-1.6 -1.36 41.8103 
-1.6 -1.28 41.7895 
-1.6 -1.2 41.7594 
-1.6 -1.12 41.716 
-1.6 -1.04 41.6533 
-1.6 -0.96 41.5629 
-1.6 -0.88 41.4326 
-1.6 -0.8 41.2452 
-1.6 -0.72 40.976 
-1.6 -0.64 40.5906 
-1.6 -0.56 40.0413 
-1.6 -0.48 39.2632 
-1.6 -0.4 38.1715 
-1.6 -0.32 36.6616 
-1.6 -0.24 34.6186 
-1.6 -0.16 31.9485 
-1.6 -0.08 28.6531 
-1.6 6.93889e-16 24.9848 
-1.6 0.08 21.7173 
-1.6 0.16 20.5084 
-1.6 0.24 24.1246 
-1.6 0.32 35.9028 
-1.6 0.4 57.711 
-1.6 0.48 87.2683 
-1.6 0.56 118.786 
-1.6 0.64 147.765 
-1.6 0.72 172.662 
-1.6 0.8 192.484 
-1.6 0.88 206.176 
-1.6 0.96 213.801 
-1.6 1.04 216.983 
-1.6 1.12 217.916 
-1.6 1.2 218.105 
-1.6 1.28 218.134 
-1.6 1.36 218.138 
-1.6 1.44 218.139 
-1.6 1.52 218.139 
-1.6 1.6 218.139 
-1.6 1.68 218.139 
-1.6 1.76 218.139 
-1.6 1.84 218.139 
-1.6 1.92 218.139 
-1.52 -2 41.8541 
-1.52 -1.92 41.8528 
-1.52 -1.84 41.8509 
-1.52 -1.76 41.8482 
-1.52 -1.68 41.8442 
-1.52 -1.6 41.8385 
-1.52 -1.52 41.8302 
-1.52 -1.44 41.8182 
-1.52 -1.36 41.8009 
-1.52 -1.28 41.7758 
-1.52 -1.2 41.7397 
-1.52 -1.12 41.6875 
-1.52 -1.04 41.6122 
-1.52 -0.96 41.5037 
-1.52 -0.88 41.3473 
-1.52 -0.8 41.1226 
-1.52 -0.72 40.8002 
-1.52 -0.64 40.3394 
-1.52 -0.56 39.6843 
-1.52 -0.48 38.7598 
-1.52 -0.4 37.4703 
-1.52 -0.32 35.7025 
-1.52 -0.24 33.344 
-1.52 -0.16 30.3322 
-1.52 -0.08 26.7667 
-1.52 6.93889e-16 23.1254 
-1.52 0.08 20.614 
-1.52 0.16 21.5558 
-1.52 0.24 29.3938 
-1.52 0.32 47.4175 
-1.52 0.4 75.7789 
-1.52 0.48 109.621 
-1.52 0.56 142.975 
-1.52 0.64 173.46 
-1.52 0.72 200.341 
-1.52 0.8 222.062 
-1.52 0.88 237.13 
-1.52 0.96 245.562 
-1.52 1.04 249.117 
-1.52 1.12 250.17 
-1.52 1.2 250.383 
-1.52 1.28 250.416 
-1.52 1.36 250.42 
-1.52 1.44 250.421 
-1.52 1.52 250.421 
-1.52 1.6 250.421 
-1.52 1.68 250.421 
-1.52 1.76 250.421 
-1.52 1.84 250.421 
-1.52 1.92 250.421 
-1.44 -2 41.8536 
-1.44 -1.92 41.852 
-1.44 -1.84 41.8497 
-1.44 -1.76 41.8464 
-1.44 -1.68 41.8416 
-1.44 -1.6 41.8347 
-1.44 -1.52 41.8247 
-1.44 -1.44 41.8103 
-1.44 -1.36 41.7895 
-1.44 -1.28 41.7594 
-1.44 -1.2 41.716 
-1.44 -1.12 41.6533 
-1.44 -1.04 41.5629 
-1.44 -0.96 41.4325 
-1.44 -0.88 41.245 
-1.44 -0.8 40.9756 
-1.44 -0.72 40.5898 
-1.44 -0.64 40.0395 
-1.44 -0.56 39.2596 
-1.44 -0.48 38.1641 
-1.44 -0.4 36.647 
-1.44 -0.32 34.5901 
-1.44 -0.24 31.8948 
-1.44 -0.16 28.5577 
-1.44 -0.08 24.833 
-1.44 6.93889e-16 21.5262 
-1.44 0.08 20.419 
-1.44 0.16 24.5999 
-1.44 0.24 37.9834 
-1.44 0.32 62.9617 
-1.44 0.4 96.9543 
-1.44 0.48 133.344 
-1.44 0.56 168.034 
-1.44 0.64 200.47 
-1.44 0.72 229.499 
-1.44 0.8 252.867 
-1.44 0.88 268.951 
-1.44 0.96 277.922 
-1.44 1.04 281.713 
-1.44 1.12 282.839 
-1.44 1.2 283.062 
-1.44 1.28 283.094 
-1.44 1.36 283.097 
-1.44 1.44 283.098 
-1.44 1.52 283.098 
-1.44 1.6 283.098 
-1.44 1.68 283.098 
-1.44 1.76 283.098 
-1.44 1.84 283.098 
-1.44 1.92 283.098 
-1.36 -2 41.8528 
-1.36 -1.92 41.8509 
-1.36 -1.84 41.8482 
-1.36 -1.76 41.8442 
-1.36 -1.68 41.8385 
-1.36 -1.6 41.8302 
-1.36 -1.52 41.8182 
-1.36 -1.44 41.8009 
-1.36 -1.36 41.7758 
-1.36 -1.28 41.7397 
-1.36 -1.2 41.6875 
-1.36 -1.12 41.6122 
-1.36 -1.04 41.5036 
-1.36 -0.96 41.3472 
-1.36 -0.88 41.1223 
-1.36 -0.8 40.7997 
-1.36 -0.72 40.3384 
-1.36 -0.64 39.6822 
-1.36 -0.56 38.7555 
-1.36 -0.48 37.4617 
-1.36 -0.4 35.6855 
-1.36 -0.32 33.3111 
-1.36 -0.24 30.2719 
-1.36 -0.16 26.6642 
-1.36 -0.08 22.9764 
-1.36 6.93889e-16 20.4719 
-1.36 0.08 21.6546 
-1.36 0.16 30.3675 
-1.36 0.24 50.4526 
-1.36 0.32 82.2036 
-1.36 0.4 120.044 
-1.36 0.48 157.811 
-1.36 0.56 194.174 
-1.36 0.64 228.849 
-1.36 0.72 259.705 
-1.36 0.8 284.135 
-1.36 0.88 300.698 
-1.36 0.96 309.857 
-1.36 1.04 313.712 
-1.36 1.12 314.847 
-1.36 1.2 315.063 
-1.36 1.28 315.09 
-1.36 1.36 315.092 
-1.36 1.44 315.092 
-1.36 1.52 315.092 
-1.36 1.6 315.092 
-1.36 1.68 315.092 
-1.36 1.76 315.092 
-1.36 1.84 315.092 
-1.36 1.92 315.092 
-1.28 -2 41.852 
-1.28 -1.92 41.8497 
-1.28 -1.84 41.8464 
-1.28 -1.76 41.8416 
-1.28 -1.68 41.8347 
-1.28 -1.6 41.8247 
-1.28 -1.52 41.8103 
-1.28 -1.44 41.7895 
-1.28 -1.36 41.7594 
-1.28 -1.28 41.716 
-1.28 -1.2 41.6533 
-1.28 -1.12 41.5628 
-1.28 -1.04 41.4325 
-1.28 -0.96 41.2449 
-1.28 -0.88 40.9753 
-1.28 -0.8 40.5892 
-1.28 -0.72 40.0383 
-1.28 -0.64 39.2571 
-1.28 -0.56 38.1591 
-1.28 -0.48 36.6368 
-1.28 -0.4 34.5703 
-1.28 -0.32 31.8574 
-1.28 -0.24 28.4912 
-1.28 -0.16 24.7267 
-1.28 -0.08 21.3933 
-1.28 6.93889e-16 20.3641 
-1.28 0.08 24.971 
-1.28 0.16 39.5727 
-1.28 0.24 66.9435 
-1.28 0.32 104.171 
-1.28 0.4 144.031 
-1.28 0.48 183.073 
-1.28 0.56 221.58 
-1.28 0.64 258.263 
-1.28 0.72 290.246 
-1.28 0.8 314.971 
-1.28 0.88 331.401 
-1.28 0.96 340.366 
-1.28 1.04 344.106 
-1.28 1.12 345.186 
-1.28 1.2 345.377 
-1.28 1.28 345.395 
-1.28 1.36 345.396 
-1.28 1.44 345.396 
-1.28 1.52 345.396 
-1.28 1.6 345.396 
-1.28 1.68 345.396 
-1.28 1.76 345.396 
-1.28 1.84 345.396 
-1.28 1.92 345.396 
-1.2 -2 41.8509 
-1.2 -1.92 41.8482 
-1.2 -1.84 41.8442 
-1.2 -1.76 41.8385 
-1.2 -1.68 41.8302 
-1.2 -1.6 41.8182 
-1.2 -1.52 41.8009 
-1.2 -1.44 41.7758 
-1.2 -1.36 41.7397 
-1.2 -1.28 41.6875 
-1.2 -1.2 41.6122 
-1.2 -1.12 41.5036 
-1.2 -1.04 41.3471 
-1.2 -0.96 41.1222 
-1.2 -0.88 40.7993 
-1.2 -0.8 40.3377 
-1.2 -0.72 39.6807 
-1.2 -0.64 38.7526 
-1.2 -0.56 37.4557 
-1.2 -0.48 35.6736 
-1.2 -0.4 33.2883 
-1.2 -0.32 30.2298 
-1.2 -0.24 26.5927 
-1.2 -0.16 22.8725 
-1.2 -0.08 20.3746 
-1.2 6.93889e-16 21.7366 
-1.2 0.08 31.1015 
-1.2 0.16 52.725 
-1.2 0.24 86.9595 
-1.2 0.32 127.622 
-1.2 0.4 168.582 
-1.2 0.48 209.427 
-1.2 0.56 250.094 
-1.2 0.64 288.108 
-1.2 0.72 320.312 
-1.2 0.8 344.488 
-1.2 0.88 360.169 
-1.2 0.96 368.584 
-1.2 1.04 372.048 
-1.2 1.12 373.021 
-1.2 1.2 373.176 
-1.2 1.28 373.183 
-1.2 1.36 373.181 
-1.2 1.44 373.181 
-1.2 1.52 373.181 
-1.2 1.6 373.181 
-1.2 1.68 373.181 
-1.2 1.76 373.181 
-1.2 1.84 373.181 
-1.2 1.92 373.181 
-1.12 -2 41.8497 
-1.12 -1.92 41.8464 
-1.12 -1.84 41.8416 
-1.12 -1.76 41.8347 
-1.12 -1.68 41.8247 
-1.12 -1.6 41.8103 
-1.12 -1.52 41.7895 
-1.12 -1.44 41.7594 
-1.12 -1.36 41.716 
-1.12 -1.28 41.6533 
-1.12 -1.2 41.5628 
-1.12 -1.12 41.4324 
-1.12 -1.04 41.2448 
-1.12 -0.96 40.9751 
-1.12 -0.88 40.5888 
-1.12 -0.8 40.0375 
-1.12 -0.72 39.2553 
-1.12 -0.64 38.1556 
-1.12 -0.56 36.6298 
-1.12 -0.48 34.5565 
-1.12 -0.4 31.8313 
-1.12 -0.32 28.4448 
-1.12 -0.24 24.6527 
-1.12 -0.16 21.301 
-1.12 -0.08 20.3296 
-1.12 6.93889e-16 25.2494 
-1.12 0.08 40.7489 
-1.12 0.16 69.8717 
-1.12 0.24 109.4 
-1.12 0.32 151.694 
-1.12 0.4 193.935 
-1.12 0.48 236.936 
-1.12 0.56 279.253 
-1.12 0.64 317.66 
-1.12 0.72 349.077 
-1.12 0.8 371.875 
-1.12 0.88 386.268 
-1.12 0.96 393.856 
-1.12 1.04 396.939 
-1.12 1.12 397.78 
-1.12 1.2 397.897 
-1.12 1.28 397.894 
-1.12 1.36 397.89 
-1.12 1.44 397.89 
-1.12 1.52 397.89 
-1.12 1.6 397.89 
-1.12 1.68 397.89 
-1.12 1.76 397.89 
-1.12 1.84 397.89 
-1.12 1.92 397.89 
-1.04 -2 41.8482 
-1.04 -1.92 41.8442 
-1.04 -1.84 41.8385 
-1.04 -1.76 41.8302 
-1.04 -1.68 41.8182 
-1.04 -1.6 41.8009 
-1.04 -1.52 41.7758 
-1.04 -1.44 41.7397 
-1.04 -1.36 41.6875 
-1.04 -1.28 41.6122 
-1.04 -1.2 41.5035 
-1.04 -1.12 41.3471 
-1.04 -1.04 41.122 
-1.04 -0.96 40.7991 
-1.04 -0.88 40.3372 
-1.04 -0.8 39.6797 
-1.04 -0.72 38.7505 
-1.04 -0.64 37.4515 
-1.04 -0.56 35.6654 
-1.04 -0.48 33.2724 
-1.04 -0.4 30.2006 
-1.04 -0.32 26.5429 
-1.04 -0.24 22.8001 
-1.04 -0.16 20.3079 
-1.04 -0.08 21.8001 
-1.04 6.93889e-16 31.6398 
-1.04 0.08 54.3837 
-1.04 0.16 90.3979 
-1.04 0.24 133.027 
-1.04 0.32 176.262 
-1.04 0.4 220.363 
-1.04 0.48 265.325 
-1.04 0.56 308.436 
-1.04 0.64 346.146 
-1.04 0.72 375.761 
-1.04 0.8 396.472 
-1.04 0.88 409.205 
-1.04 0.96 415.832 
-1.04 1.04 418.515 
-1.04 1.12 419.24 
-1.04 1.2 419.332 
-1.04 1.28 419.325 
-1.04 1.36 419.32 
-1.04 1.44 419.32 
-1.04 1.52 419.32 
-1.04 1.6 419.32 
-1.04 1.68 419.32 
-1.04 1.76 419.32 
-1.04 1.84 419.32 
-1.04 1.92 419.32 
-0.96 -2 41.8464 
-0.96 -1.92 41.8416 
-0.96 -1.84 41.8347 
-0.96 -1.76 41.8247 
-0.96 -1.68 41.8103 
-0.96 -1.6 41.7895 
-0.96 -1.52 41.7594 
-0.96 -1.44 41.716 
-0.96 -1.36 41.6533 
-0.96 -1.28 41.5628 
-0.96 -1.2 41.4324 
-0.96 -1.12 41.2447 
-0.96 -1.04 40.975 
-0.96 -0.96 40.5885 
-0.96 -0.88 40.0369 
-0.96 -0.8 39.2541 
-0.96 -0.72 38.1531 
-0.96 -0.64 36.6249 
-0.96 -0.56 34.547 
-0.96 -0.48 31.8133 
-0.96 -0.4 28.4126 
-0.96 -0.32 24.6012 
-0.96 -0.24 21.237 
-0.96 -0.16 20.3076 
-0.96 -0.08 25.453 
-0.96 6.93889e-16 41.6011 
-0.96 0.08 71.9823 
-0.96 0.16 113.125 
-0.96 0.24 157.115 
-0.96 0.32 201.648 
-0.96 0.4 247.839 
-0.96 0.48 294.104 
-0.96 0.56 336.933 
-0.96 0.64 372.79 
-0.96 0.72 399.715 
-0.96 0.8 417.873 
-0.96 0.88 428.83 
-0.96 0.96 434.551 
-0.96 1.04 436.922 
-0.96 1.12 437.592 
-0.96 1.2 437.69 
-0.96 1.28 437.689 
-0.96 1.36 437.686 
-0.96 1.44 437.685 
-0.96 1.52 437.685 
-0.96 1.6 437.685 
-0.96 1.68 437.685 
-0.96 1.76 437.685 
-0.96 1.84 437.685 
-0.96 1.92 437.685 
-0.88 -2 41.8442 
-0.88 -1.92 41.8385 
-0.88 -1.84 41.8302 
-0.88 -1.76 41.8182 
-0.88 -1.68 41.8009 
-0.88 -1.6 41.7758 
-0.88 -1.52 41.7397 
-0.88 -1.44 41.6875 
-0.88 -1.36 41.6121 
-0.88 -1.28 41.5035 
-0.88 -1.2 41.347 
-0.88 -1.12 41.122 
-0.88 -1.04 40.7989 
-0.88 -0.96 40.3368 
-0.88 -0.88 39.679 
-0.88 -0.8 38.7491 
-0.88 -0.72 37.4487 
-0.88 -0.64 35.6597 
-0.88 -0.56 33.2614 
-0.88 -0.48 30.1803 
-0.88 -0.4 26.5083 
-0.88 -0.32 22.7499 
-0.88 -0.24 20.262 
-0.88 -0.16 21.8475 
-0.88 -0.08 32.0274 
-0.88 6.93889e-16 55.5739 
-0.88 0.08 92.8468 
-0.88 0.16 136.839 
-0.88 0.24 181.678 
-0.88 0.32 228.084 
-0.88 0.4 276.042 
-0.88 0.48 322.652 
-0.88 0.56 363.979 
-0.88 0.64 396.905 
-0.88 0.72 420.534 
-0.88 0.8 436.03 
-0.88 0.88 445.398 
-0.88 0.96 450.462 
-0.88 1.04 452.704 
-0.88 1.12 453.419 
-0.88 1.2 453.564 
-0.88 1.28 453.582 
-0.88 1.36 453.583 
-0.88 1.44 453.583 
-0.88 1.52 453.583 
-0.88 1.6 453.583 
-0.88 1.68 453.583 
-0.88 1.76 453.583 
-0.88 1.84 453.583 
-0.88 1.92 453.583 
-0.8 -2 41.8416 
-0.8 -1.92 41.8347 
-0.8 -1.84 41.8247 
-0.8 -1.76 41.8103 
-0.8 -1.68 41.7895 
-0.8 -1.6 41.7594 
-0.8 -1.52 41.716 
-0.8 -1.44 41.6532 
-0.8 -1.36 41.5628 
-0.8 -1.28 41.4324 
-0.8 -1.2 41.2446 
-0.8 -1.12 40.9749 
-0.8 -1.04 40.5883 
-0.8 -0.96 40.0365 
-0.8 -0.88 39.2533 
-0.8 -0.8 38.1514 
-0.8 -0.72 36.6216 
-0.8 -0.64 34.5404 
-0.8 -0.56 31.8007 
-0.8 -0.48 28.3902 
-0.8 -0.4 24.5654 
-0.8 -0.32 21.1927 
-0.8 -0.24 20.2932 
-0.8 -0.16 25.5992 
-0.8 -0.08 42.2096 
-0.8 6.93889e-16 73.4834 
-0.8 0.08 115.751 
-0.8 0.16 160.921 
-0.8 0.24 207.07 
-0.8 0.32 255.487 
-0.8 0.4 304.473 
-0.8 0.48 350.251 
-0.8 0.56 388.836 
-0.8 0.64 418.015 
-0.8 0.72 438.159 
-0.8 0.8 451.289 
-0.8 0.88 459.534 
-0.8 0.96 464.33 
-0.8 1.04 466.677 
-0.8 1.12 467.548 
-0.8 1.2 467.784 
-0.8 1.28 467.833 
-0.8 1.36 467.841 
-0.8 1.44 467.842 
-0.8 1.52 467.842 
-0.8 1.6 467.842 
-0.8 1.68 467.842 
-0.8 1.76 467.842 
-0.8 1.84 467.842 
-0.8 1.92 467.842 
-0.72 -2 41.8385 
-0.72 -1.92 41.8302 
-0.72 -1.84 41.8182 
-0.72 -1.76 41.8009 
-0.72 -1.68 41.7758 
-0.72 -1.6 41.7397 
-0.72 -1.52 41.6875 
-0.72 -1.44 41.6121 
-0.72 -1.36 41.5035 
-0.72 -1.28 41.347 
-0.72 -1.2 41.1219 
-0.72 -1.12 40.7988 
-0.72 -1.04 40.3366 
-0.72 -0.96 39.6785 
-0.72 -0.88 38.7481 
-0.72 -0.8 37.4467 
-0.72 -0.72 35.6557 
-0.72 -0.64 33.2538 
-0.72 -0.56 30.1662 
-0.72 -0.48 26.4843 
-0.72 -0.4 22.7151 
-0.72 -0.32 20.2304 
-0.72 -0.24 21.882 
-0.72 -0.16 32.3031 
-0.72 -0.08 56.4183 
-0.72 6.93889e-16 94.5742 
-0.72 0.08 139.509 
-0.72 0.16 185.472 
-0.72 0.24 233.489 
-0.72 0.32 283.518 
-0.72 0.4 332.504 
-0.72 0.48 376.137 
-0.72 0.56 410.918 
-0.72 0.64 435.963 
-0.72 0.72 452.915 
-0.72 0.8 464.335 
-0.72 0.88 472.093 
-0.72 0.96 477.044 
-0.72 1.04 479.713 
-0.72 1.12 480.832 
-0.72 1.2 481.19 
-0.72 1.28 481.28 
-0.72 1.36 481.297 
-0.72 1.44 481.299 
-0.72 1.52 481.3 
-0.72 1.6 481.3 
-0.72 1.68 481.3 
-0.72 1.76 481.3 
-0.72 1.84 481.3 
-0.72 1.92 481.3 
-0.64 -2 41.8347 
-0.64 -1.92 41.8247 
-0.64 -1.84 41.8103 
-0.64 -1.76 41.7895 
-0.64 -1.68 41.7594 
-0.64 -1.6 41.716 
-0.64 -1.52 41.6532 
-0.64 -1.44 41.5628 
-0.64 -1.36 41.4324 
-0.64 -1.28 41.2446 
-0.64 -1.2 40.9748 
-0.64 -1.12 40.5882 
-0.64 -1.04 40.0362 
-0.64 -0.96 39.2527 
-0.64 -0.88 38.1503 
-0.64 -0.8 36.6192 
-0.64 -0.72 34.5358 
-0.64 -0.64 31.7921 
-0.64 -0.56 28.3747 
-0.64 -0.48 24.5406 
-0.64 -0.4 21.162 
-0.64 -0.32 20.2837 
-0.64 -0.24 25.703 
-0.64 -0.16 42.6399 
-0.64 -0.08 74.5417 
-0.64 6.93889e-16 117.591 
-0.64 0.08 163.579 
-0.64 0.16 210.859 
-0.64 0.24 260.819 
-0.64 0.32 311.672 
-0.64 0.4 359.401 
-0.64 0.48 399.614 
-0.64 0.56 429.911 
-0.64 0.64 450.964 
-0.64 0.72 465.465 
-0.64 0.8 476.038 
-0.64 0.88 483.947 
-0.64 0.96 489.395 
-0.64 1.04 492.523 
-0.64 1.12 493.934 
-0.64 1.2 494.427 
-0.64 1.28 494.561 
-0.64 1.36 494.588 
-0.64 1.44 494.592 
-0.64 1.52 494.592 
-0.64 1.6 494.592 
-0.64 1.68 494.592 
-0.64 1.76 494.592 
-0.64 1.84 494.592 
-0.64 1.92 494.592 
-0.56 -2 41.8302 
-0.56 -1.92 41.8182 
-0.56 -1.84 41.8009 
-0.56 -1.76 41.7758 
-0.56 -1.68 41.7397 
-0.56 -1.6 41.6875 
-0.56 -1.52 41.6121 
-0.56 -1.44 41.5035 
-0.56 -1.36 41.347 
-0.56 -1.28 41.1219 
-0.56 -1.2 40.7987 
-0.56 -1.12 40.3364 
-0.56 -1.04 39.6782 
-0.56 -0.96 38.7474 
-0.56 -0.88 37.4453 
-0.56 -0.8 35.653 
-0.56 -0.72 33.2485 
-0.56 -0.64 30.1565 
-0.56 -0.56 26.4676 
-0.56 -0.48 22.6909 
-0.56 -0.4 20.2086 
-0.56 -0.32 21.9066 
-0.56 -0.24 32.4975 
-0.56 -0.16 57.0125 
-0.56 -0.08 95.7851 
-0.56 6.93889e-16 141.372 
-0.56 0.08 188.118 
-0.56 0.16 237.254 
-0.56 0.24 288.712 
-0.56 0.32 339.308 
-0.56 0.4 384.405 
-0.56 0.48 420.193 
-0.56 0.56 445.854 
-0.56 0.64 463.587 
-0.56 0.72 476.665 
-0.56 0.8 487.253 
-0.56 0.88 495.79 
-0.56 0.96 501.907 
-0.56 1.04 505.523 
-0.56 1.12 507.214 
-0.56 1.2 507.831 
-0.56 1.28 508.005 
-0.56 1.36 508.041 
-0.56 1.44 508.046 
-0.56 1.52 508.046 
-0.56 1.6 508.046 
-0.56 1.68 508.046 
-0.56 1.76 508.046 
-0.56 1.84 508.046 
-0.56 1.92 508.046 
-0.48 -2 41.8247 
-0.48 -1.92 41.8103 
-0.48 -1.84 41.7895 
-0.48 -1.76 41.7594 
-0.48 -1.68 41.716 
-0.48 -1.6 41.6532 
-0.48 -1.52 41.5628 
-0.48 -1.44 41.4324 
-0.48 -1.36 41.2446 
-0.48 -1.28 40.9748 
-0.48 -1.2 40.5881 
-0.48 -1.12 40.036 
-0.48 -1.04 39.2523 
-0.48 -0.96 38.1495 
-0.48 -0.88 36.6176 
-0.48 -0.8 34.5326 
-0.48 -0.72 31.786 
-0.48 -0.64 28.3639 
-0.48 -0.56 24.5235 
-0.48 -0.48 21.1407 
-0.48 -0.4 20.2773 
-0.48 -0.32 25.7761 
-0.48 -0.24 42.9421 
-0.48 -0.16 75.2834 
-0.48 -0.08 118.875 
-0.48 6.93889e-16 165.43 
-0.48 0.08 213.497 
-0.48 0.16 264.524 
-0.48 0.24 316.659 
-0.48 0.32 365.68 
-0.48 0.4 406.866 
-0.48 0.48 437.69 
-0.48 0.56 459.15 
-0.48 0.64 474.637 
-0.48 0.72 487.37 
-0.48 0.8 498.626 
-0.48 0.88 508.011 
-0.48 0.96 514.779 
-0.48 1.04 518.806 
-0.48 1.12 520.718 
-0.48 1.2 521.431 
-0.48 1.28 521.636 
-0.48 1.36 521.679 
-0.48 1.44 521.684 
-0.48 1.52 521.685 
-0.48 1.6 521.685 
-0.48 1.68 521.685 
-0.48 1.76 521.685 
-0.48 1.84 521.685 
-0.48 1.92 521.685 
-0.4 -2 41.8182 
-0.4 -1.92 41.8009 
-0.4 -1.84 41.7758 
-0.4 -1.76 41.7397 
-0.4 -1.68 41.6875 
-0.4 -1.6 41.6121 
-0.4 -1.52 41.5035 
-0.4 -1.44 41.347 
-0.4 -1.36 41.1218 
-0.4 -1.28 40.7987 
-0.4 -1.2 40.3363 
-0.4 -1.12 39.6779 
-0.4 -1.04 38.747 
-0.4 -0.96 37.4443 
-0.4 -0.88 35.6511 
-0.4 -0.8 33.2449 
-0.4 -0.72 30.1497 
-0.4 -0.64 26.4561 
-0.4 -0.56 22.6742 
-0.4 -0.48 20.1935 
-0.4 -0.4 21.9241 
-0.4 -0.32 32.6338 
-0.4 -0.24 57.4285 
-0.4 -0.16 96.6302 
-0.4 -0.08 142.668 
-0.4 6.93889e-16 189.958 
-0.4 0.08 239.871 
-0.4 0.16 292.315 
-0.4 0.24 344.003 
-0.4 0.32 390.038 
-0.4 0.4 426.371 
-0.4 0.48 452.282 
-0.4 0.56 470.497 
-0.4 0.64 484.984 
-0.4 0.72 498.253 
-0.4 0.8 510.496 
-0.4 0.88 520.677 
-0.4 0.96 527.928 
-0.4 1.04 532.217 
-0.4 1.12 534.263 
-0.4 1.2 535.034 
-0.4 1.28 535.259 
-0.4 1.36 535.306 
-0.4 1.44 535.312 
-0.4 1.52 535.312 
-0.4 1.6 535.312 
-0.4 1.68 535.312 
-0.4 1.76 535.312 
-0.4 1.84 535.312 
-0.4 1.92 535.312 
-0.32 -2 41.8103 
-0.32 -1.92 41.7895 
-0.32 -1.84 41.7594 
-0.32 -1.76 41.716 
-0.32 -1.68 41.6532 
-0.32 -1.6 41.5628 
-0.32 -1.52 41.4323 
-0.32 -1.44 41.2446 
-0.32 -1.36 40.9748 
-0.32 -1.28 40.588 
-0.32 -1.2 40.0359 
-0.32 -1.12 39.2521 
-0.32 -1.04 38.1489 
-0.32 -0.96 36.6165 
-0.32 -0.88 34.5304 
-0.32 -0.8 31.7819 
-0.32 -0.72 28.3565 
-0.32 -0.64 24.5116 
-0.32 -0.56 21.126 
-0.32 -0.48 20.273 
-0.32 -0.4 25.8273 
-0.32 -0.32 43.1533 
-0.32 -0.24 75.801 
-0.32 -0.16 119.768 
-0.32 -0.08 166.716 
-0.32 6.93889e-16 215.329 
-0.32 0.08 267.095 
-0.32 0.16 320.11 
-0.32 0.24 369.992 
-0.32 0.32 411.77 
-0.32 0.4 442.833 
-0.32 0.48 464.488 
-0.32 0.56 480.75 
-0.32 0.64 495.372 
-0.32 0.72 509.688 
-0.32 0.8 522.889 
-0.32 0.88 533.611 
-0.32 0.96 541.089 
-0.32 1.04 545.465 
-0.32 1.12 547.553 
-0.32 1.2 548.344 
-0.32 1.28 548.575 
-0.32 1.36 548.624 
-0.32 1.44 548.63 
-0.32 1.52 548.631 
-0.32 1.6 548.631 
-0.32 1.68 548.631 
-0.32 1.76 548.631 
-0.32 1.84 548.631 
-0.32 1.92 548.631 
-0.24 -2 41.8009 
-0.24 -1.92 41.7758 
-0.24 -1.84 41.7397 
-0.24 -1.76 41.6875 
-0.24 -1.68 41.6121 
-0.24 -1.6 41.5035 
-0.24 -1.52 41.347 
-0.24 -1.44 41.1218 
-0.24 -1.36 40.7986 
-0.24 -1.28 40.3363 
-0.24 -1.2 39.6778 
-0.24 -1.12 38.7466 
-0.24 -1.04 37.4437 
-0.24 -0.96 35.6498 
-0.24 -0.88 33.2423 
-0.24 -0.8 30.145 
-0.24 -0.72 26.4481 
-0.24 -0.64 22.6626 
-0.24 -0.56 20.1831 
-0.24 -0.48 21.9364 
-0.24 -0.4 32.7289 
-0.24 -0.32 57.7187 
-0.24 -0.24 97.2185 
-0.24 -0.16 143.568 
-0.24 -0.08 191.236 
-0.24 6.93889e-16 241.686 
-0.24 0.08 294.811 
-0.24 0.16 347.244 
-0.24 0.24 393.887 
-0.24 0.32 430.521 
-0.24 0.4 456.523 
-0.24 0.48 475.076 
-0.24 0.56 490.731 
-0.24 0.64 506.282 
-0.24 0.72 521.733 
-0.24 0.8 535.593 
-0.24 0.88 546.497 
-0.24 0.96 553.932 
-0.24 1.04 558.231 
-0.24 1.12 560.276 
-0.24 1.2 561.053 
-0.24 1.28 561.282 
-0.24 1.36 561.33 
-0.24 1.44 561.336 
-0.24 1.52 561.336 
-0.24 1.6 561.336 
-0.24 1.68 561.336 
-0.24 1.76 561.336 
-0.24 1.84 561.336 
-0.24 1.92 561.336 
-0.16 -2 41.7895 
-0.16 -1.92 41.7594 
-0.16 -1.84 41.716 
-0.16 -1.76 41.6532 
-0.16 -1.68 41.5628 
-0.16 -1.6 41.4323 
-0.16 -1.52 41.2446 
-0.16 -1.44 40.9747 
-0.16 -1.36 40.588 
-0.16 -1.28 40.0358 
-0.16 -1.2 39.2519 
-0.16 -1.12 38.1485 
-0.16 -1.04 36.6157 
-0.16 -0.96 34.5289 
-0.16 -0.88 31.779 
-0.16 -0.8 28.3513 
-0.16 -0.72 24.5033 
-0.16 -0.64 21.1159 
-0.16 -0.56 20.2701 
-0.16 -0.48 25.863 
-0.16 -0.4 43.3005 
-0.16 -0.32 76.1614 
-0.16 -0.24 120.388 
-0.16 -0.16 167.608 
-0.16 -0.08 216.601 
-0.16 6.93889e-16 268.876 
-0.16 0.08 322.497 
-0.16 0.16 372.959 
-0.16 0.24 415.103 
-0.16 0.32 446.274 
-0.16 0.4 468.032 
-0.16 0.48 484.904 
-0.16 0.56 501.068 
-0.16 0.64 517.874 
-0.16 0.72 534.196 
-0.16 0.8 548.275 
-0.16 0.88 558.993 
-0.16 0.96 566.145 
-0.16 1.04 570.235 
-0.16 1.12 572.175 
-0.16 1.2 572.913 
-0.16 1.28 573.13 
-0.16 1.36 573.175 
-0.16 1.44 573.181 
-0.16 1.52 573.182 
-0.16 1.6 573.182 
-0.16 1.68 573.182 
-0.16 1.76 573.182 
-0.16 1.84 573.182 
-0.16 1.92 573.182 
-0.08 -2 41.7758 
-0.08 -1.92 41.7397 
-0.08 -1.84 41.6875 
-0.08 -1.76 41.6121 
-0.08 -1.68 41.5035 
-0.08 -1.6 41.347 
-0.08 -1.52 41.1218 
-0.08 -1.44 40.7986 
-0.08 -1.36 40.3362 
-0.08 -1.28 39.6777 
-0.08 -1.2 38.7464 
-0.08 -1.12 37.4432 
-0.08 -1.04 35.6489 
-0.08 -0.96 33.2406 
-0.08 -0.88 30.1418 
-0.08 -0.8 26.4426 
-0.08 -0.72 22.6546 
-0.08 -0.64 20.176 
-0.08 -0.56 21.945 
-0.08 -0.48 32.7951 
-0.08 -0.4 57.9206 
-0.08 -0.32 97.6272 
-0.08 -0.24 144.192 
-0.08 -0.16 192.122 
-0.08 -0.08 242.945 
-0.08 6.93889e-16 296.539 
-0.08 0.08 349.481 
-0.08 0.16 396.524 
-0.08 0.24 433.33 
-0.08 0.32 459.36 
-0.08 0.4 478.161 
-0.08 0.48 494.74 
-0.08 0.56 512.086 
-0.08 0.64 530.03 
-0.08 0.72 546.744 
-0.08 0.8 560.58 
-0.08 0.88 570.8 
-0.08 0.96 577.491 
-0.08 1.04 581.28 
-0.08 1.12 583.071 
-0.08 1.2 583.752 
-0.08 1.28 583.953 
-0.08 1.36 583.995 
-0.08 1.44 584.001 
-0.08 1.52 584.001 
-0.08 1.6 584.001 
-0.08 1.68 584.001 
-0.08 1.76 584.001 
-0.08 1.84 584.001 
-0.08 1.92 584.001 
2.47025e-15 -2 41.7594 
2.47025e-15 -1.92 41.716 
2.47025e-15 -1.84 41.6532 
2.47025e-15 -1.76 41.5628 
2.47025e-15 -1.68 41.4323 
2.47025e-15 -1.6 41.2446 
2.47025e-15 -1.52 40.9747 
2.47025e-15 -1.44 40.5879 
2.47025e-15 -1.36 40.0357 
2.47025e-15 -1.28 39.2517 
2.47025e-15 -1.2 38.1483 
2.47025e-15 -1.12 36.6152 
2.47025e-15 -1.04 34.5278 
2.47025e-15 -0.96 31.777 
2.47025e-15 -0.88 28.3478 
2.47025e-15 -0.8 24.4976 
2.47025e-15 -0.72 21.1088 
2.47025e-15 -0.64 20.2681 
2.47025e-15 -0.56 25.8879 
2.47025e-15 -0.48 43.4028 
2.47025e-15 -0.4 76.4117 
2.47025e-15 -0.32 120.819 
2.47025e-15 -0.24 168.226 
2.47025e-15 -0.16 217.482 
2.47025e-15 -0.08 270.11 
2.47025e-15 6.93889e-16 324.148 
2.47025e-15 0.08 375.002 
2.47025e-15 0.16 417.379 
2.47025e-15 0.24 448.596 
2.47025e-15 0.32 470.416 
2.47025e-15 0.4 487.759 
2.47025e-15 0.48 505.11 
2.47025e-15 0.56 523.805 
2.47025e-15 0.64 542.449 
2.47025e-15 0.72 559.011 
2.47025e-15 0.8 572.205 
2.47025e-15 0.88 581.7 
2.47025e-15 0.96 587.816 
2.47025e-15 1.04 591.252 
2.47025e-15 1.12 592.87 
2.47025e-15 1.2 593.486 
2.47025e-15 1.28 593.668 
2.47025e-15 1.36 593.706 
2.47025e-15 1.44 593.711 
2.47025e-15 1.52 593.711 
2.47025e-15 1.6 593.711 
2.47025e-15 1.68 593.711 
2.47025e-15 1.76 593.711 
2.47025e-15 1.84 593.711 
2.47025e-15 1.92 593.711 
0.08 -2 41.7397 
0.08 -1.92 41.6875 
0.08 -1.84 41.6121 
0.08 -1.76 41.5035 
0.08 -1.68 41.347 
0.08 -1.6 41.1218 
0.08 -1.52 40.7986 
0.08 -1.44 40.3362 
0.08 -1.36 39.6776 
0.08 -1.28 38.7462 
0.08 -1.2 37.4429 
0.08 -1.12 35.6483 
0.08 -1.04 33.2394 
0.08 -0.96 30.1395 
0.08 -0.88 26.4388 
0.08 -0.8 22.649 
0.08 -0.72 20.171 
0.08 -0.64 21.951 
0.08 -0.56 32.8411 
0.08 -0.48 58.0608 
0.08 -0.4 97.9107 
0.08 -0.32 144.624 
0.08 -0.24 192.736 
0.08 -0.16 243.816 
0.08 -0.08 297.735 
0.08 6.93889e-16 351.027 
0.08 0.08 398.337 
0.08 0.16 435.242 
0.08 0.24 461.276 
0.08 0.32 480.262 
0.08 0.4 497.541 
0.08 0.48 516.233 
0.08 0.56 536.003 
0.08 0.64 554.758 
0.08 0.72 570.673 
0.08 0.8 582.935 
0.08 0.88 591.566 
0.08 0.96 597.053 
0.08 1.04 600.114 
0.08 1.12 601.552 
0.08 1.2 602.099 
0.08 1.28 602.26 
0.08 1.36 602.294 
0.08 1.44 602.299 
0.08 1.52 602.299 
0.08 1.6 602.299 
0.08 1.68 602.299 
0.08 1.76 602.299 
0.08 1.84 602.299 
0.08 1.92 602.299 
