0.0001 0.01 45.6302 
0.0001 0.0120226 45.6302 
0.0001 0.0144544 45.6302 
0.0001 0.017378 45.6302 
0.0001 0.020893 45.6302 
0.0001 0.0251189 45.6302 
0.0001 0.0301995 45.6302 
0.0001 0.0363078 45.6302 
0.0001 0.0436516 45.6301 
0.0001 0.0524807 45.6301 
0.0001 0.0630957 45.63 
0.0001 0.0758578 45.6298 
0.0001 0.0912011 45.6297 
0.0001 0.109648 45.6294 
0.0001 0.131826 45.629 
0.0001 0.158489 45.6285 
0.0001 0.190546 45.6277 
0.0001 0.229087 45.6266 
0.0001 0.275423 45.6249 
0.0001 0.331131 45.6226 
0.0001 0.398107 45.6192 
0.0001 0.47863 45.6143 
0.0001 0.57544 45.6073 
0.0001 0.691831 45.5973 
0.0001 0.831764 45.5831 
0.0001 1 45.563 
0.0001 1.20226 45.5349 
0.0001 1.44544 45.496 
0.0001 1.7378 45.4434 
0.0001 2.0893 45.3741 
0.0001 2.51189 45.2864 
0.0001 3.01995 45.1809 
0.0001 3.63078 45.0628 
0.0001 4.36516 44.9426 
0.0001 5.24807 44.8342 
0.0001 6.30957 44.7504 
0.0001 7.58578 44.6971 
0.0001 9.12011 44.6705 
0.0001 10.9648 44.6605 
0.0001 13.1826 44.6579 
0.0001 15.8489 44.6575 
0.0001 19.0546 44.6575 
0.0001 22.9087 44.6575 
0.0001 27.5423 44.6575 
0.0001 33.1131 44.6575 
0.0001 39.8107 44.6575 
0.0001 47.863 44.6575 
0.0001 57.544 44.6575 
0.0001 69.1831 44.6575 
0.0001 83.1764 44.6575 
0.000120226 0.01 45.6302 
0.000120226 0.0120226 45.6302 
0.000120226 0.0144544 45.6302 
0.000120226 0.017378 45.6302 
0.000120226 0.020893 45.6302 
0.000120226 0.0251189 45.6302 
0.000120226 0.0301995 45.6302 
0.000120226 0.0363078 45.6301 
0.000120226 0.0436516 45.6301 
0.000120226 0.0524807 45.63 
0.000120226 0.0630957 45.6299 
0.000120226 0.0758578 45.6298 
0.000120226 0.0912011 45.6295 
0.000120226 0.109648 45.6292 
0.000120226 0.131826 45.6288 
0.000120226 0.158489 45.6281 
0.000120226 0.190546 45.6272 
0.000120226 0.229087 45.6258 
0.000120226 0.275423 45.6239 
0.000120226 0.331131 45.621 
0.000120226 0.398107 45.617 
0.000120226 0.47863 45.6111 
0.000120226 0.57544 45.6027 
0.000120226 0.691831 45.5907 
0.000120226 0.831764 45.5736 
0.000120226 1 45.5494 
0.000120226 1.20226 45.5156 
0.000120226 1.44544 45.4689 
0.000120226 1.7378 45.4057 
0.000120226 2.0893 45.3225 
0.000120226 2.51189 45.2171 
0.000120226 3.01995 45.0906 
0.000120226 3.63078 44.949 
0.000120226 4.36516 44.8049 
0.000120226 5.24807 44.6751 
0.000120226 6.30957 44.575 
0.000120226 7.58578 44.5112 
0.000120226 9.12011 44.4793 
0.000120226 10.9648 44.4674 
0.000120226 13.1826 44.4644 
0.000120226 15.8489 44.4638 
0.000120226 19.0546 44.4638 
0.000120226 22.9087 44.4638 
0.000120226 27.5423 44.4638 
0.000120226 33.1131 44.4638 
0.000120226 39.8107 44.4638 
0.000120226 47.863 44.4638 
0.000120226 57.544 44.4638 
0.000120226 69.1831 44.4638 
0.000120226 83.1764 44.4638 
0.000144544 0.01 45.6302 
0.000144544 0.0120226 45.6302 
0.000144544 0.0144544 45.6302 
0.000144544 0.017378 45.6302 
0.000144544 0.020893 45.6302 
0.000144544 0.0251189 45.6302 
0.000144544 0.0301995 45.6302 
0.000144544 0.0363078 45.6301 
0.000144544 0.0436516 45.6301 
0.000144544 0.0524807 45.63 
0.000144544 0.0630957 45.6298 
0.000144544 0.0758578 45.6297 
0.000144544 0.0912011 45.6294 
0.000144544 0.109648 45.629 
0.000144544 0.131826 45.6285 
0.000144544 0.158489 45.6277 
0.000144544 0.190546 45.6266 
0.000144544 0.229087 45.6249 
0.000144544 0.275423 45.6226 
0.000144544 0.331131 45.6192 
0.000144544 0.398107 45.6143 
0.000144544 0.47863 45.6072 
0.000144544 0.57544 45.5971 
0.000144544 0.691831 45.5827 
0.000144544 0.831764 45.5621 
0.000144544 1 45.5331 
0.000144544 1.20226 45.4924 
0.000144544 1.44544 45.4363 
0.000144544 1.7378 45.3604 
0.000144544 2.0893 45.2605 
0.000144544 2.51189 45.1341 
0.000144544 3.01995 44.9823 
0.000144544 3.63078 44.8126 
0.000144544 4.36516 44.6401 
0.000144544 5.24807 44.4848 
0.000144544 6.30957 44.3651 
0.000144544 7.58578 44.2889 
0.000144544 9.12011 44.2508 
0.000144544 10.9648 44.2366 
0.000144544 13.1826 44.233 
0.000144544 15.8489 44.2323 
0.000144544 19.0546 44.2323 
0.000144544 22.9087 44.2323 
0.000144544 27.5423 44.2323 
0.000144544 33.1131 44.2323 
0.000144544 39.8107 44.2323 
0.000144544 47.863 44.2323 
0.000144544 57.544 44.2323 
0.000144544 69.1831 44.2323 
0.000144544 83.1764 44.2323 
0.00017378 0.01 45.6302 
0.00017378 0.0120226 45.6302 
0.00017378 0.0144544 45.6302 
0.00017378 0.017378 45.6302 
0.00017378 0.020893 45.6302 
0.00017378 0.0251189 45.6302 
0.00017378 0.0301995 45.6301 
0.00017378 0.0363078 45.6301 
0.00017378 0.0436516 45.63 
0.00017378 0.0524807 45.6299 
0.00017378 0.0630957 45.6298 
0.00017378 0.0758578 45.6295 
0.00017378 0.0912011 45.6292 
0.00017378 0.109648 45.6288 
0.00017378 0.131826 45.6281 
0.00017378 0.158489 45.6272 
0.00017378 0.190546 45.6258 
0.00017378 0.229087 45.6239 
0.00017378 0.275423 45.621 
0.00017378 0.331131 45.6169 
0.00017378 0.398107 45.6111 
0.00017378 0.47863 45.6026 
0.00017378 0.57544 45.5904 
0.00017378 0.691831 45.5731 
0.00017378 0.831764 45.5484 
0.00017378 1 45.5135 
0.00017378 1.20226 45.4646 
0.00017378 1.44544 45.3972 
0.00017378 1.7378 45.306 
0.00017378 2.0893 45.1861 
0.00017378 2.51189 45.0344 
0.00017378 3.01995 44.8524 
0.00017378 3.63078 44.6492 
0.00017378 4.36516 44.4428 
0.00017378 5.24807 44.2572 
0.00017378 6.30957 44.1143 
0.00017378 7.58578 44.0235 
0.00017378 9.12011 43.9781 
0.00017378 10.9648 43.9611 
0.00017378 13.1826 43.9568 
0.00017378 15.8489 43.956 
0.00017378 19.0546 43.9559 
0.00017378 22.9087 43.9559 
0.00017378 27.5423 43.9559 
0.00017378 33.1131 43.9559 
0.00017378 39.8107 43.9559 
0.00017378 47.863 43.9559 
0.00017378 57.544 43.9559 
0.00017378 69.1831 43.9559 
0.00017378 83.1764 43.9559 
0.00020893 0.01 45.6302 
0.00020893 0.0120226 45.6302 
0.00020893 0.0144544 45.6302 
0.00020893 0.017378 45.6302 
0.00020893 0.020893 45.6302 
0.00020893 0.0251189 45.6302 
0.00020893 0.0301995 45.6301 
0.00020893 0.0363078 45.6301 
0.00020893 0.0436516 45.63 
0.00020893 0.0524807 45.6298 
0.00020893 0.0630957 45.6297 
0.00020893 0.0758578 45.6294 
0.00020893 0.0912011 45.629 
0.00020893 0.109648 45.6285 
0.00020893 0.131826 45.6277 
0.00020893 0.158489 45.6266 
0.00020893 0.190546 45.6249 
0.00020893 0.229087 45.6226 
0.00020893 0.275423 45.6192 
0.00020893 0.331131 45.6143 
0.00020893 0.398107 45.6072 
0.00020893 0.47863 45.597 
0.00020893 0.57544 45.5824 
0.00020893 0.691831 45.5615 
0.00020893 0.831764 45.5318 
0.00020893 1 45.4899 
0.00020893 1.20226 45.4312 
0.00020893 1.44544 45.3502 
0.00020893 1.7378 45.2408 
0.00020893 2.0893 45.0969 
0.00020893 2.51189 44.9149 
0.00020893 3.01995 44.6969 
0.00020893 3.63078 44.4537 
0.00020893 4.36516 44.207 
0.00020893 5.24807 43.9855 
0.00020893 6.30957 43.8151 
0.00020893 7.58578 43.7069 
0.00020893 9.12011 43.6529 
0.00020893 10.9648 43.6327 
0.00020893 13.1826 43.6275 
0.00020893 15.8489 43.6266 
0.00020893 19.0546 43.6265 
0.00020893 22.9087 43.6265 
0.00020893 27.5423 43.6265 
0.00020893 33.1131 43.6265 
0.00020893 39.8107 43.6265 
0.00020893 47.863 43.6265 
0.00020893 57.544 43.6265 
0.00020893 69.1831 43.6265 
0.00020893 83.1764 43.6265 
0.000251189 0.01 45.6302 
0.000251189 0.0120226 45.6302 
0.000251189 0.0144544 45.6302 
0.000251189 0.017378 45.6302 
0.000251189 0.020893 45.6302 
0.000251189 0.0251189 45.6301 
0.000251189 0.0301995 45.6301 
0.000251189 0.0363078 45.63 
0.000251189 0.0436516 45.6299 
0.000251189 0.0524807 45.6298 
0.000251189 0.0630957 45.6295 
0.000251189 0.0758578 45.6292 
0.000251189 0.0912011 45.6288 
0.000251189 0.109648 45.6281 
0.000251189 0.131826 45.6272 
0.000251189 0.158489 45.6258 
0.000251189 0.190546 45.6239 
0.000251189 0.229087 45.621 
0.000251189 0.275423 45.6169 
0.000251189 0.331131 45.611 
0.000251189 0.398107 45.6025 
0.000251189 0.47863 45.5903 
0.000251189 0.57544 45.5727 
0.000251189 0.691831 45.5476 
0.000251189 0.831764 45.512 
0.000251189 1 45.4616 
0.000251189 1.20226 45.391 
0.000251189 1.44544 45.2938 
0.000251189 1.7378 45.1624 
0.000251189 2.0893 44.9898 
0.000251189 2.51189 44.7717 
0.000251189 3.01995 44.5107 
0.000251189 3.63078 44.2199 
0.000251189 4.36516 43.9254 
0.000251189 5.24807 43.6614 
0.000251189 6.30957 43.4586 
0.000251189 7.58578 43.3301 
0.000251189 9.12011 43.2659 
0.000251189 10.9648 43.242 
0.000251189 13.1826 43.2358 
0.000251189 15.8489 43.2347 
0.000251189 19.0546 43.2346 
0.000251189 22.9087 43.2346 
0.000251189 27.5423 43.2346 
0.000251189 33.1131 43.2346 
0.000251189 39.8107 43.2346 
0.000251189 47.863 43.2346 
0.000251189 57.544 43.2346 
0.000251189 69.1831 43.2346 
0.000251189 83.1764 43.2346 
0.000301995 0.01 45.6302 
0.000301995 0.0120226 45.6302 
0.000301995 0.0144544 45.6302 
0.000301995 0.017378 45.6302 
0.000301995 0.020893 45.6302 
0.000301995 0.0251189 45.6301 
0.000301995 0.0301995 45.6301 
0.000301995 0.0363078 45.63 
0.000301995 0.0436516 45.6298 
0.000301995 0.0524807 45.6297 
0.000301995 0.0630957 45.6294 
0.000301995 0.0758578 45.629 
0.000301995 0.0912011 45.6285 
0.000301995 0.109648 45.6277 
0.000301995 0.131826 45.6266 
0.000301995 0.158489 45.6249 
0.000301995 0.190546 45.6226 
0.000301995 0.229087 45.6192 
0.000301995 0.275423 45.6142 
0.000301995 0.331131 45.6071 
0.000301995 0.398107 45.5969 
0.000301995 0.47863 45.5822 
0.000301995 0.57544 45.5611 
0.000301995 0.691831 45.531 
0.000301995 0.831764 45.4881 
0.000301995 1 45.4275 
0.000301995 1.20226 45.3428 
0.000301995 1.44544 45.2261 
0.000301995 1.7378 45.0684 
0.000301995 2.0893 44.8614 
0.000301995 2.51189 44.6002 
0.000301995 3.01995 44.2879 
0.000301995 3.63078 43.9407 
0.000301995 4.36516 43.5896 
0.000301995 5.24807 43.2756 
0.000301995 6.30957 43.0348 
0.000301995 7.58578 42.8825 
0.000301995 9.12011 42.8064 
0.000301995 10.9648 42.7781 
0.000301995 13.1826 42.7707 
0.000301995 15.8489 42.7695 
0.000301995 19.0546 42.7693 
0.000301995 22.9087 42.7693 
0.000301995 27.5423 42.7693 
0.000301995 33.1131 42.7693 
0.000301995 39.8107 42.7693 
0.000301995 47.863 42.7693 
0.000301995 57.544 42.7693 
0.000301995 69.1831 42.7693 
0.000301995 83.1764 42.7693 
0.000363078 0.01 45.6302 
0.000363078 0.0120226 45.6302 
0.000363078 0.0144544 45.6302 
0.000363078 0.017378 45.6302 
0.000363078 0.020893 45.6301 
0.000363078 0.0251189 45.6301 
0.000363078 0.0301995 45.63 
0.000363078 0.0363078 45.6299 
0.000363078 0.0436516 45.6298 
0.000363078 0.0524807 45.6295 
0.000363078 0.0630957 45.6292 
0.000363078 0.0758578 45.6288 
0.000363078 0.0912011 45.6281 
0.000363078 0.109648 45.6272 
0.000363078 0.131826 45.6258 
0.000363078 0.158489 45.6239 
0.000363078 0.190546 45.621 
0.000363078 0.229087 45.6169 
0.000363078 0.275423 45.611 
0.000363078 0.331131 45.6025 
0.000363078 0.398107 45.5902 
0.000363078 0.47863 45.5725 
0.000363078 0.57544 45.5471 
0.000363078 0.691831 45.5109 
0.000363078 0.831764 45.4594 
0.000363078 1 45.3866 
0.000363078 1.20226 45.2849 
0.000363078 1.44544 45.1448 
0.000363078 1.7378 44.9557 
0.000363078 2.0893 44.7076 
0.000363078 2.51189 44.395 
0.000363078 3.01995 44.0218 
0.000363078 3.63078 43.6076 
0.000363078 4.36516 43.1899 
0.000363078 5.24807 42.8172 
0.000363078 6.30957 42.5321 
0.000363078 7.58578 42.3521 
0.000363078 9.12011 42.2623 
0.000363078 10.9648 42.2289 
0.000363078 13.1826 42.2202 
0.000363078 15.8489 42.2187 
0.000363078 19.0546 42.2185 
0.000363078 22.9087 42.2185 
0.000363078 27.5423 42.2185 
0.000363078 33.1131 42.2185 
0.000363078 39.8107 42.2185 
0.000363078 47.863 42.2185 
0.000363078 57.544 42.2185 
0.000363078 69.1831 42.2185 
0.000363078 83.1764 42.2185 
0.000436516 0.01 45.6302 
0.000436516 0.0120226 45.6302 
0.000436516 0.0144544 45.6302 
0.000436516 0.017378 45.6302 
0.000436516 0.020893 45.6301 
0.000436516 0.0251189 45.6301 
0.000436516 0.0301995 45.63 
0.000436516 0.0363078 45.6298 
0.000436516 0.0436516 45.6297 
0.000436516 0.0524807 45.6294 
0.000436516 0.0630957 45.629 
0.000436516 0.0758578 45.6285 
0.000436516 0.0912011 45.6277 
0.000436516 0.109648 45.6266 
0.000436516 0.131826 45.6249 
0.000436516 0.158489 45.6226 
0.000436516 0.190546 45.6191 
0.000436516 0.229087 45.6142 
0.000436516 0.275423 45.6071 
0.000436516 0.331131 45.5968 
0.000436516 0.398107 45.5821 
0.000436516 0.47863 45.5608 
0.000436516 0.57544 45.5303 
0.000436516 0.691831 45.4868 
0.000436516 0.831764 45.4249 
0.000436516 1 45.3375 
0.000436516 1.20226 45.2154 
0.000436516 1.44544 45.0473 
0.000436516 1.7378 44.8205 
0.000436516 2.0893 44.5234 
0.000436516 2.51189 44.1496 
0.000436516 3.01995 43.7042 
0.000436516 3.63078 43.2111 
0.000436516 4.36516 42.7152 
0.000436516 5.24807 42.2741 
0.000436516 6.30957 41.9377 
0.000436516 7.58578 41.7257 
0.000436516 9.12011 41.6201 
0.000436516 10.9648 41.5808 
0.000436516 13.1826 41.5705 
0.000436516 15.8489 41.5688 
0.000436516 19.0546 41.5686 
0.000436516 22.9087 41.5685 
0.000436516 27.5423 41.5685 
0.000436516 33.1131 41.5685 
0.000436516 39.8107 41.5685 
0.000436516 47.863 41.5685 
0.000436516 57.544 41.5685 
0.000436516 69.1831 41.5685 
0.000436516 83.1764 41.5685 
0.000524807 0.01 45.6302 
0.000524807 0.0120226 45.6302 
0.000524807 0.0144544 45.6302 
0.000524807 0.017378 45.6301 
0.000524807 0.020893 45.6301 
0.000524807 0.0251189 45.63 
0.000524807 0.0301995 45.6299 
0.000524807 0.0363078 45.6298 
0.000524807 0.0436516 45.6295 
0.000524807 0.0524807 45.6292 
0.000524807 0.0630957 45.6288 
0.000524807 0.0758578 45.6281 
0.000524807 0.0912011 45.6272 
0.000524807 0.109648 45.6258 
0.000524807 0.131826 45.6239 
0.000524807 0.158489 45.621 
0.000524807 0.190546 45.6169 
0.000524807 0.229087 45.611 
0.000524807 0.275423 45.6024 
0.000524807 0.331131 45.5901 
0.000524807 0.398107 45.5723 
0.000524807 0.47863 45.5468 
0.000524807 0.57544 45.5102 
0.000524807 0.691831 45.4578 
0.000524807 0.831764 45.3835 
0.000524807 1 45.2785 
0.000524807 1.20226 45.132 
0.000524807 1.44544 44.9303 
0.000524807 1.7378 44.6586 
0.000524807 2.0893 44.3031 
0.000524807 2.51189 43.8565 
0.000524807 3.01995 43.3258 
0.000524807 3.63078 42.74 
0.000524807 4.36516 42.1528 
0.000524807 5.24807 41.6326 
0.000524807 6.30957 41.2372 
0.000524807 7.58578 40.9888 
0.000524807 9.12011 40.8653 
0.000524807 10.9648 40.8193 
0.000524807 13.1826 40.8072 
0.000524807 15.8489 40.8051 
0.000524807 19.0546 40.8049 
0.000524807 22.9087 40.8049 
0.000524807 27.5423 40.8049 
0.000524807 33.1131 40.8049 
0.000524807 39.8107 40.8049 
0.000524807 47.863 40.8049 
0.000524807 57.544 40.8049 
0.000524807 69.1831 40.8049 
0.000524807 83.1764 40.8049 
0.000630957 0.01 45.6302 
0.000630957 0.0120226 45.6302 
0.000630957 0.0144544 45.6302 
0.000630957 0.017378 45.6301 
0.000630957 0.020893 45.6301 
0.000630957 0.0251189 45.63 
0.000630957 0.0301995 45.6298 
0.000630957 0.0363078 45.6297 
0.000630957 0.0436516 45.6294 
0.000630957 0.0524807 45.629 
0.000630957 0.0630957 45.6285 
0.000630957 0.0758578 45.6277 
0.000630957 0.0912011 45.6266 
0.000630957 0.109648 45.6249 
0.000630957 0.131826 45.6226 
0.000630957 0.158489 45.6191 
0.000630957 0.190546 45.6142 
0.000630957 0.229087 45.6071 
0.000630957 0.275423 45.5968 
0.000630957 0.331131 45.582 
0.000630957 0.398107 45.5606 
0.000630957 0.47863 45.5299 
0.000630957 0.57544 45.4859 
0.000630957 0.691831 45.4231 
0.000630957 0.831764 45.3337 
0.000630957 1 45.2077 
0.000630957 1.20226 45.0319 
0.000630957 1.44544 44.7901 
0.000630957 1.7378 44.4647 
0.000630957 2.0893 44.0397 
0.000630957 2.51189 43.5071 
0.000630957 3.01995 42.8758 
0.000630957 3.63078 42.1816 
0.000630957 4.36516 41.4888 
0.000630957 5.24807 40.8778 
0.000630957 6.30957 40.4156 
0.000630957 7.58578 40.1262 
0.000630957 9.12011 39.9826 
0.000630957 10.9648 39.9291 
0.000630957 13.1826 39.915 
0.000630957 15.8489 39.9126 
0.000630957 19.0546 39.9123 
0.000630957 22.9087 39.9123 
0.000630957 27.5423 39.9123 
0.000630957 33.1131 39.9123 
0.000630957 39.8107 39.9123 
0.000630957 47.863 39.9123 
0.000630957 57.544 39.9123 
0.000630957 69.1831 39.9123 
0.000630957 83.1764 39.9123 
0.000758578 0.01 45.6302 
0.000758578 0.0120226 45.6302 
0.000758578 0.0144544 45.6301 
0.000758578 0.017378 45.6301 
0.000758578 0.020893 45.63 
0.000758578 0.0251189 45.6299 
0.000758578 0.0301995 45.6298 
0.000758578 0.0363078 45.6295 
0.000758578 0.0436516 45.6292 
0.000758578 0.0524807 45.6288 
0.000758578 0.0630957 45.6281 
0.000758578 0.0758578 45.6272 
0.000758578 0.0912011 45.6258 
0.000758578 0.109648 45.6239 
0.000758578 0.131826 45.621 
0.000758578 0.158489 45.6169 
0.000758578 0.190546 45.611 
0.000758578 0.229087 45.6024 
0.000758578 0.275423 45.59 
0.000758578 0.331131 45.5722 
0.000758578 0.398107 45.5465 
0.000758578 0.47863 45.5096 
0.000758578 0.57544 45.4568 
0.000758578 0.691831 45.3813 
0.000758578 0.831764 45.274 
0.000758578 1 45.1228 
0.000758578 1.20226 44.9118 
0.000758578 1.44544 44.6222 
0.000758578 1.7378 44.2329 
0.000758578 2.0893 43.7254 
0.000758578 2.51189 43.0911 
0.000758578 3.01995 42.342 
0.000758578 3.63078 41.5219 
0.000758578 4.36516 40.7079 
0.000758578 5.24807 39.9941 
0.000758578 6.30957 39.4573 
0.000758578 7.58578 39.1227 
0.000758578 9.12011 38.957 
0.000758578 10.9648 38.8953 
0.000758578 13.1826 38.879 
0.000758578 15.8489 38.8761 
0.000758578 19.0546 38.8758 
0.000758578 22.9087 38.8757 
0.000758578 27.5423 38.8757 
0.000758578 33.1131 38.8757 
0.000758578 39.8107 38.8757 
0.000758578 47.863 38.8757 
0.000758578 57.544 38.8757 
0.000758578 69.1831 38.8757 
0.000758578 83.1764 38.8757 
0.000912011 0.01 45.6302 
0.000912011 0.0120226 45.6302 
0.000912011 0.0144544 45.6301 
0.000912011 0.017378 45.6301 
0.000912011 0.020893 45.63 
0.000912011 0.0251189 45.6298 
0.000912011 0.0301995 45.6297 
0.000912011 0.0363078 45.6294 
0.000912011 0.0436516 45.629 
0.000912011 0.0524807 45.6285 
0.000912011 0.0630957 45.6277 
0.000912011 0.0758578 45.6266 
0.000912011 0.0912011 45.6249 
0.000912011 0.109648 45.6226 
0.000912011 0.131826 45.6191 
0.000912011 0.158489 45.6142 
0.000912011 0.190546 45.6071 
0.000912011 0.229087 45.5968 
0.000912011 0.275423 45.5819 
0.000912011 0.331131 45.5605 
0.000912011 0.398107 45.5296 
0.000912011 0.47863 45.4853 
0.000912011 0.57544 45.4218 
0.000912011 0.691831 45.3311 
0.000912011 0.831764 45.2023 
0.000912011 1 45.0208 
0.000912011 1.20226 44.768 
0.000912011 1.44544 44.4211 
0.000912011 1.7378 43.9559 
0.000912011 2.0893 43.3508 
0.000912011 2.51189 42.5969 
0.000912011 3.01995 41.7106 
0.000912011 3.63078 40.7456 
0.000912011 4.36516 39.7941 
0.000912011 5.24807 38.966 
0.000912011 6.30957 38.3476 
0.000912011 7.58578 37.9644 
0.000912011 9.12011 37.7753 
0.000912011 10.9648 37.7047 
0.000912011 13.1826 37.686 
0.000912011 15.8489 37.6827 
0.000912011 19.0546 37.6823 
0.000912011 22.9087 37.6822 
0.000912011 27.5423 37.6822 
0.000912011 33.1131 37.6822 
0.000912011 39.8107 37.6822 
0.000912011 47.863 37.6822 
0.000912011 57.544 37.6822 
0.000912011 69.1831 37.6822 
0.000912011 83.1764 37.6822 
0.00109648 0.01 45.6302 
0.00109648 0.0120226 45.6301 
0.00109648 0.0144544 45.6301 
0.00109648 0.017378 45.63 
0.00109648 0.020893 45.6299 
0.00109648 0.0251189 45.6298 
0.00109648 0.0301995 45.6295 
0.00109648 0.0363078 45.6292 
0.00109648 0.0436516 45.6288 
0.00109648 0.0524807 45.6281 
0.00109648 0.0630957 45.6272 
0.00109648 0.0758578 45.6258 
0.00109648 0.0912011 45.6239 
0.00109648 0.109648 45.621 
0.00109648 0.131826 45.6169 
0.00109648 0.158489 45.6109 
0.00109648 0.190546 45.6024 
0.00109648 0.229087 45.59 
0.00109648 0.275423 45.5721 
0.00109648 0.331131 45.5464 
0.00109648 0.398107 45.5093 
0.00109648 0.47863 45.456 
0.00109648 0.57544 45.3797 
0.00109648 0.691831 45.2708 
0.00109648 0.831764 45.1162 
0.00109648 1 44.8986 
0.00109648 1.20226 44.5957 
0.00109648 1.44544 44.1807 
0.00109648 1.7378 43.6253 
0.00109648 2.0893 42.9051 
0.00109648 2.51189 42.0114 
0.00109648 3.01995 40.9664 
0.00109648 3.63078 39.8364 
0.00109648 4.36516 38.7316 
0.00109648 5.24807 37.779 
0.00109648 6.30957 37.0743 
0.00109648 7.58578 36.6409 
0.00109648 9.12011 36.4278 
0.00109648 10.9648 36.3482 
0.00109648 13.1826 36.327 
0.00109648 15.8489 36.3232 
0.00109648 19.0546 36.3227 
0.00109648 22.9087 36.3226 
0.00109648 27.5423 36.3226 
0.00109648 33.1131 36.3226 
0.00109648 39.8107 36.3226 
0.00109648 47.863 36.3226 
0.00109648 57.544 36.3226 
0.00109648 69.1831 36.3226 
0.00109648 83.1764 36.3226 
0.00131826 0.01 45.6302 
0.00131826 0.0120226 45.6301 
0.00131826 0.0144544 45.6301 
0.00131826 0.017378 45.63 
0.00131826 0.020893 45.6298 
0.00131826 0.0251189 45.6297 
0.00131826 0.0301995 45.6294 
0.00131826 0.0363078 45.629 
0.00131826 0.0436516 45.6285 
0.00131826 0.0524807 45.6277 
0.00131826 0.0630957 45.6266 
0.00131826 0.0758578 45.6249 
0.00131826 0.0912011 45.6226 
0.00131826 0.109648 45.6191 
0.00131826 0.131826 45.6142 
0.00131826 0.158489 45.607 
0.00131826 0.190546 45.5967 
0.00131826 0.229087 45.5818 
0.00131826 0.275423 45.5604 
0.00131826 0.331131 45.5294 
0.00131826 0.398107 45.4849 
0.00131826 0.47863 45.4209 
0.00131826 0.57544 45.3292 
0.00131826 0.691831 45.1985 
0.00131826 0.831764 45.013 
0.00131826 1 44.7521 
0.00131826 1.20226 44.3894 
0.00131826 1.44544 43.8936 
0.00131826 1.7378 43.2315 
0.00131826 2.0893 42.3761 
0.00131826 2.51189 41.32 
0.00131826 3.01995 40.0931 
0.00131826 3.63078 38.778 
0.00131826 4.36516 37.506 
0.00131826 5.24807 36.4225 
0.00131826 6.30957 35.6307 
0.00131826 7.58578 35.1485 
0.00131826 9.12011 34.9127 
0.00131826 10.9648 34.8246 
0.00131826 13.1826 34.8008 
0.00131826 15.8489 34.7964 
0.00131826 19.0546 34.7959 
0.00131826 22.9087 34.7958 
0.00131826 27.5423 34.7958 
0.00131826 33.1131 34.7958 
0.00131826 39.8107 34.7958 
0.00131826 47.863 34.7958 
0.00131826 57.544 34.7958 
0.00131826 69.1831 34.7958 
0.00131826 83.1764 34.7958 
0.00158489 0.01 45.6301 
0.00158489 0.0120226 45.6301 
0.00158489 0.0144544 45.63 
0.00158489 0.017378 45.6299 
0.00158489 0.020893 45.6298 
0.00158489 0.0251189 45.6295 
0.00158489 0.0301995 45.6292 
0.00158489 0.0363078 45.6288 
0.00158489 0.0436516 45.6281 
0.00158489 0.0524807 45.6272 
0.00158489 0.0630957 45.6258 
0.00158489 0.0758578 45.6239 
0.00158489 0.0912011 45.621 
0.00158489 0.109648 45.6169 
0.00158489 0.131826 45.6109 
0.00158489 0.158489 45.6024 
0.00158489 0.190546 45.59 
0.00158489 0.229087 45.5721 
0.00158489 0.275423 45.5462 
0.00158489 0.331131 45.509 
0.00158489 0.398107 45.4555 
0.00158489 0.47863 45.3786 
0.00158489 0.57544 45.2686 
0.00158489 0.691831 45.1117 
0.00158489 0.831764 44.8892 
0.00158489 1 44.5767 
0.00158489 1.20226 44.1428 
0.00158489 1.44544 43.551 
0.00158489 1.7378 42.7633 
0.00158489 2.0893 41.75 
0.00158489 2.51189 40.5066 
0.00158489 3.01995 39.0742 
0.00158489 3.63078 37.5556 
0.00158489 4.36516 36.1069 
0.00158489 5.24807 34.8925 
0.00158489 6.30957 34.0197 
0.00158489 7.58578 33.4953 
0.00158489 9.12011 33.2407 
0.00158489 10.9648 33.1453 
0.00158489 13.1826 33.1193 
0.00158489 15.8489 33.1143 
0.00158489 19.0546 33.1136 
0.00158489 22.9087 33.1136 
0.00158489 27.5423 33.1136 
0.00158489 33.1131 33.1136 
0.00158489 39.8107 33.1136 
0.00158489 47.863 33.1136 
0.00158489 57.544 33.1136 
0.00158489 69.1831 33.1136 
0.00158489 83.1764 33.1136 
0.00190546 0.01 45.6301 
0.00190546 0.0120226 45.6301 
0.00190546 0.0144544 45.63 
0.00190546 0.017378 45.6298 
0.00190546 0.020893 45.6297 
0.00190546 0.0251189 45.6294 
0.00190546 0.0301995 45.629 
0.00190546 0.0363078 45.6285 
0.00190546 0.0436516 45.6277 
0.00190546 0.0524807 45.6266 
0.00190546 0.0630957 45.6249 
0.00190546 0.0758578 45.6226 
0.00190546 0.0912011 45.6191 
0.00190546 0.109648 45.6142 
0.00190546 0.131826 45.607 
0.00190546 0.158489 45.5967 
0.00190546 0.190546 45.5818 
0.00190546 0.229087 45.5603 
0.00190546 0.275423 45.5293 
0.00190546 0.331131 45.4846 
0.00190546 0.398107 45.4202 
0.00190546 0.47863 45.3279 
0.00190546 0.57544 45.1958 
0.00190546 0.691831 45.0075 
0.00190546 0.831764 44.7409 
0.00190546 1 44.3667 
0.00190546 1.20226 43.8483 
0.00190546 1.44544 43.143 
0.00190546 1.7378 42.2079 
0.00190546 2.0893 41.0115 
0.00190546 2.51189 39.5545 
0.00190546 3.01995 37.8937 
0.00190546 3.63078 36.1577 
0.00190546 4.36516 34.5313 
0.00190546 5.24807 33.1974 
0.00190546 6.30957 32.2602 
0.00190546 7.58578 31.7081 
0.00190546 9.12011 31.4427 
0.00190546 10.9648 31.3429 
0.00190546 13.1826 31.3152 
0.00190546 15.8489 31.3097 
0.00190546 19.0546 31.3089 
0.00190546 22.9087 31.3088 
0.00190546 27.5423 31.3088 
0.00190546 33.1131 31.3088 
0.00190546 39.8107 31.3088 
0.00190546 47.863 31.3088 
0.00190546 57.544 31.3088 
0.00190546 69.1831 31.3088 
0.00190546 83.1764 31.3088 
0.00229087 0.01 45.6301 
0.00229087 0.0120226 45.63 
0.00229087 0.0144544 45.6299 
0.00229087 0.017378 45.6298 
0.00229087 0.020893 45.6295 
0.00229087 0.0251189 45.6292 
0.00229087 0.0301995 45.6288 
0.00229087 0.0363078 45.6281 
0.00229087 0.0436516 45.6272 
0.00229087 0.0524807 45.6258 
0.00229087 0.0630957 45.6239 
0.00229087 0.0758578 45.621 
0.00229087 0.0912011 45.6169 
0.00229087 0.109648 45.6109 
0.00229087 0.131826 45.6023 
0.00229087 0.158489 45.5899 
0.00229087 0.190546 45.572 
0.00229087 0.229087 45.5462 
0.00229087 0.275423 45.5089 
0.00229087 0.331131 45.4551 
0.00229087 0.398107 45.3779 
0.00229087 0.47863 45.267 
0.00229087 0.57544 45.1084 
0.00229087 0.691831 44.8826 
0.00229087 0.831764 44.5632 
0.00229087 1 44.1157 
0.00229087 1.20226 43.497 
0.00229087 1.44544 42.6581 
0.00229087 1.7378 41.5509 
0.00229087 2.0893 40.1441 
0.00229087 2.51189 38.4471 
0.00229087 3.01995 36.5384 
0.00229087 3.63078 34.5798 
0.00229087 4.36516 32.7892 
0.00229087 5.24807 31.3644 
0.00229087 6.30957 30.3964 
0.00229087 7.58578 29.8428 
0.00229087 9.12011 29.5808 
0.00229087 10.9648 29.4816 
0.00229087 13.1826 29.4532 
0.00229087 15.8489 29.4472 
0.00229087 19.0546 29.4463 
0.00229087 22.9087 29.4462 
0.00229087 27.5423 29.4462 
0.00229087 33.1131 29.4462 
0.00229087 39.8107 29.4462 
0.00229087 47.863 29.4462 
0.00229087 57.544 29.4462 
0.00229087 69.1831 29.4462 
0.00229087 83.1764 29.4462 
0.00275423 0.01 45.6301 
0.00275423 0.0120226 45.63 
0.00275423 0.0144544 45.6298 
0.00275423 0.017378 45.6297 
0.00275423 0.020893 45.6294 
0.00275423 0.0251189 45.629 
0.00275423 0.0301995 45.6285 
0.00275423 0.0363078 45.6277 
0.00275423 0.0436516 45.6266 
0.00275423 0.0524807 45.6249 
0.00275423 0.0630957 45.6226 
0.00275423 0.0758578 45.6191 
0.00275423 0.0912011 45.6142 
0.00275423 0.109648 45.607 
0.00275423 0.131826 45.5967 
0.00275423 0.158489 45.5818 
0.00275423 0.190546 45.5602 
0.00275423 0.229087 45.5292 
0.00275423 0.275423 45.4843 
0.00275423 0.331131 45.4198 
0.00275423 0.398107 45.327 
0.00275423 0.47863 45.1939 
0.00275423 0.57544 45.0037 
0.00275423 0.691831 44.733 
0.00275423 0.831764 44.3506 
0.00275423 1 43.8158 
0.00275423 1.20226 43.0787 
0.00275423 1.44544 42.0831 
0.00275423 1.7378 40.7768 
0.00275423 2.0893 39.1308 
0.00275423 2.51189 37.1691 
0.00275423 3.01995 35.0008 
0.00275423 3.63078 32.8296 
0.00275423 4.36516 30.911 
0.00275423 5.24807 29.451 
0.00275423 6.30957 28.5101 
0.00275423 7.58578 27.9983 
0.00275423 9.12011 27.7625 
0.00275423 10.9648 27.672 
0.00275423 13.1826 27.6446 
0.00275423 15.8489 27.6383 
0.00275423 19.0546 27.6372 
0.00275423 22.9087 27.637 
0.00275423 27.5423 27.637 
0.00275423 33.1131 27.637 
0.00275423 39.8107 27.637 
0.00275423 47.863 27.637 
0.00275423 57.544 27.637 
0.00275423 69.1831 27.637 
0.00275423 83.1764 27.637 
0.00331131 0.01 45.63 
0.00331131 0.0120226 45.6299 
0.00331131 0.0144544 45.6298 
0.00331131 0.017378 45.6295 
0.00331131 0.020893 45.6292 
0.00331131 0.0251189 45.6288 
0.00331131 0.0301995 45.6281 
0.00331131 0.0363078 45.6272 
0.00331131 0.0436516 45.6258 
0.00331131 0.0524807 45.6239 
0.00331131 0.0630957 45.621 
0.00331131 0.0758578 45.6169 
0.00331131 0.0912011 45.6109 
0.00331131 0.109648 45.6023 
0.00331131 0.131826 45.5899 
0.00331131 0.158489 45.572 
0.00331131 0.190546 45.5461 
0.00331131 0.229087 45.5087 
0.00331131 0.275423 45.4549 
0.00331131 0.331131 45.3774 
0.00331131 0.398107 45.2659 
0.00331131 0.47863 45.1062 
0.00331131 0.57544 44.878 
0.00331131 0.691831 44.5537 
0.00331131 0.831764 44.0964 
0.00331131 1 43.4583 
0.00331131 1.20226 42.5816 
0.00331131 1.44544 41.4035 
0.00331131 1.7378 39.8687 
0.00331131 2.0893 37.9551 
0.00331131 2.51189 35.7095 
0.00331131 3.01995 33.2834 
0.00331131 3.63078 30.9346 
0.00331131 4.36516 28.9592 
0.00331131 5.24807 27.5588 
0.00331131 6.30957 26.7376 
0.00331131 7.58578 26.3346 
0.00331131 9.12011 26.1598 
0.00331131 10.9648 26.0903 
0.00331131 13.1826 26.0664 
0.00331131 15.8489 26.0601 
0.00331131 19.0546 26.0588 
0.00331131 22.9087 26.0586 
0.00331131 27.5423 26.0586 
0.00331131 33.1131 26.0586 
0.00331131 39.8107 26.0586 
0.00331131 47.863 26.0586 
0.00331131 57.544 26.0586 
0.00331131 69.1831 26.0586 
0.00331131 83.1764 26.0586 
0.00398107 0.01 45.63 
0.00398107 0.0120226 45.6298 
0.00398107 0.0144544 45.6297 
0.00398107 0.017378 45.6294 
0.00398107 0.020893 45.629 
0.00398107 0.0251189 45.6285 
0.00398107 0.0301995 45.6277 
0.00398107 0.0363078 45.6266 
0.00398107 0.0436516 45.6249 
0.00398107 0.0524807 45.6226 
0.00398107 0.0630957 45.6191 
0.00398107 0.0758578 45.6142 
0.00398107 0.0912011 45.607 
0.00398107 0.109648 45.5967 
0.00398107 0.131826 45.5818 
0.00398107 0.158489 45.5602 
0.00398107 0.190546 45.5291 
0.00398107 0.229087 45.4842 
0.00398107 0.275423 45.4195 
0.00398107 0.331131 45.3264 
0.00398107 0.398107 45.1926 
0.00398107 0.47863 45.001 
0.00398107 0.57544 44.7274 
0.00398107 0.691831 44.3393 
0.00398107 0.831764 43.7928 
0.00398107 1 43.0326 
0.00398107 1.20226 41.9925 
0.00398107 1.44544 40.6031 
0.00398107 1.7378 38.8094 
0.00398107 2.0893 36.6026 
0.00398107 2.51189 34.0646 
0.00398107 3.01995 31.4057 
0.00398107 3.63078 28.9525 
0.00398107 4.36516 27.0427 
0.00398107 5.24807 25.8524 
0.00398107 6.30957 25.2915 
0.00398107 7.58578 25.0958 
0.00398107 9.12011 25.0324 
0.00398107 10.9648 25.0014 
0.00398107 13.1826 24.985 
0.00398107 15.8489 24.9789 
0.00398107 19.0546 24.9774 
0.00398107 22.9087 24.9771 
0.00398107 27.5423 24.9771 
0.00398107 33.1131 24.9771 
0.00398107 39.8107 24.9771 
0.00398107 47.863 24.9771 
0.00398107 57.544 24.9771 
0.00398107 69.1831 24.9771 
0.00398107 83.1764 24.9771 
0.0047863 0.01 45.6299 
0.0047863 0.0120226 45.6298 
0.0047863 0.0144544 45.6295 
0.0047863 0.017378 45.6292 
0.0047863 0.020893 45.6288 
0.0047863 0.0251189 45.6281 
0.0047863 0.0301995 45.6272 
0.0047863 0.0363078 45.6258 
0.0047863 0.0436516 45.6239 
0.0047863 0.0524807 45.621 
0.0047863 0.0630957 45.6169 
0.0047863 0.0758578 45.6109 
0.0047863 0.0912011 45.6023 
0.0047863 0.109648 45.5899 
0.0047863 0.131826 45.572 
0.0047863 0.158489 45.5461 
0.0047863 0.190546 45.5087 
0.0047863 0.229087 45.4547 
0.0047863 0.275423 45.377 
0.0047863 0.331131 45.2652 
0.0047863 0.398107 45.1046 
0.0047863 0.47863 44.8748 
0.0047863 0.57544 44.5471 
0.0047863 0.691831 44.0828 
0.0047863 0.831764 43.4309 
0.0047863 1 42.5269 
0.0047863 1.20226 41.2964 
0.0047863 1.44544 39.665 
0.0047863 1.7378 37.5826 
0.0047863 2.0893 35.0642 
0.0047863 2.51189 32.2442 
0.0047863 3.01995 29.414 
0.0047863 3.63078 26.9862 
0.0047863 4.36516 25.3374 
0.0047863 5.24807 24.5832 
0.0047863 6.30957 24.4853 
0.0047863 7.58578 24.6354 
0.0047863 9.12011 24.7528 
0.0047863 10.9648 24.7844 
0.0047863 13.1826 24.7805 
0.0047863 15.8489 24.7752 
0.0047863 19.0546 24.7734 
0.0047863 22.9087 24.773 
0.0047863 27.5423 24.773 
0.0047863 33.1131 24.773 
0.0047863 39.8107 24.773 
0.0047863 47.863 24.773 
0.0047863 57.544 24.773 
0.0047863 69.1831 24.773 
0.0047863 83.1764 24.773 
0.0057544 0.01 45.6298 
0.0057544 0.0120226 45.6297 
0.0057544 0.0144544 45.6294 
0.0057544 0.017378 45.629 
0.0057544 0.020893 45.6285 
0.0057544 0.0251189 45.6277 
0.0057544 0.0301995 45.6266 
0.0057544 0.0363078 45.6249 
0.0057544 0.0436516 45.6226 
0.0057544 0.0524807 45.6191 
0.0057544 0.0630957 45.6142 
0.0057544 0.0758578 45.607 
0.0057544 0.0912011 45.5967 
0.0057544 0.109648 45.5818 
0.0057544 0.131826 45.5602 
0.0057544 0.158489 45.529 
0.0057544 0.190546 45.4841 
0.0057544 0.229087 45.4193 
0.0057544 0.275423 45.326 
0.0057544 0.331131 45.1917 
0.0057544 0.398107 44.9991 
0.0057544 0.47863 44.7236 
0.0057544 0.57544 44.3313 
0.0057544 0.691831 43.7767 
0.0057544 0.831764 43 
0.0057544 1 41.9276 
0.0057544 1.20226 40.4771 
0.0057544 1.44544 38.572 
0.0057544 1.7378 36.1748 
0.0057544 2.0893 33.3401 
0.0057544 2.51189 30.2792 
0.0057544 3.01995 27.3941 
0.0057544 3.63078 25.2033 
0.0057544 4.36516 24.1099 
0.0057544 5.24807 24.1153 
0.0057544 6.30957 24.7588 
0.0057544 7.58578 25.4393 
0.0057544 9.12011 25.8283 
0.0057544 10.9648 25.9534 
0.0057544 13.1826 25.9684 
0.0057544 15.8489 25.9644 
0.0057544 19.0546 25.9623 
0.0057544 22.9087 25.9618 
0.0057544 27.5423 25.9617 
0.0057544 33.1131 25.9617 
0.0057544 39.8107 25.9617 
0.0057544 47.863 25.9617 
0.0057544 57.544 25.9617 
0.0057544 69.1831 25.9617 
0.0057544 83.1764 25.9617 
0.00691831 0.01 45.6298 
0.00691831 0.0120226 45.6295 
0.00691831 0.0144544 45.6292 
0.00691831 0.017378 45.6288 
0.00691831 0.020893 45.6281 
0.00691831 0.0251189 45.6272 
0.00691831 0.0301995 45.6258 
0.00691831 0.0363078 45.6239 
0.00691831 0.0436516 45.621 
0.00691831 0.0524807 45.6169 
0.00691831 0.0630957 45.6109 
0.00691831 0.0758578 45.6023 
0.00691831 0.0912011 45.5899 
0.00691831 0.109648 45.572 
0.00691831 0.131826 45.546 
0.00691831 0.158489 45.5086 
0.00691831 0.190546 45.4546 
0.00691831 0.229087 45.3768 
0.00691831 0.275423 45.2647 
0.00691831 0.331131 45.1036 
0.00691831 0.398107 44.8725 
0.00691831 0.47863 44.5425 
0.00691831 0.57544 44.0734 
0.00691831 0.691831 43.4116 
0.00691831 0.831764 42.4881 
0.00691831 1 41.2197 
0.00691831 1.20226 39.5173 
0.00691831 1.44544 37.3079 
0.00691831 1.7378 34.5787 
0.00691831 2.0893 31.4463 
0.00691831 2.51189 28.2334 
0.00691831 3.01995 25.49 
0.00691831 3.63078 23.8599 
0.00691831 4.36516 23.7445 
0.00691831 5.24807 24.9493 
0.00691831 6.30957 26.6958 
0.00691831 7.58578 28.137 
0.00691831 9.12011 28.9077 
0.00691831 10.9648 29.1632 
0.00691831 13.1826 29.2048 
0.00691831 15.8489 29.2026 
0.00691831 19.0546 29.2 
0.00691831 22.9087 29.1993 
0.00691831 27.5423 29.1992 
0.00691831 33.1131 29.1992 
0.00691831 39.8107 29.1992 
0.00691831 47.863 29.1992 
0.00691831 57.544 29.1992 
0.00691831 69.1831 29.1992 
0.00691831 83.1764 29.1992 
0.00831764 0.01 45.6297 
0.00831764 0.0120226 45.6294 
0.00831764 0.0144544 45.629 
0.00831764 0.017378 45.6285 
0.00831764 0.020893 45.6277 
0.00831764 0.0251189 45.6266 
0.00831764 0.0301995 45.6249 
0.00831764 0.0363078 45.6226 
0.00831764 0.0436516 45.6191 
0.00831764 0.0524807 45.6142 
0.00831764 0.0630957 45.607 
0.00831764 0.0758578 45.5967 
0.00831764 0.0912011 45.5817 
0.00831764 0.109648 45.5602 
0.00831764 0.131826 45.529 
0.00831764 0.158489 45.484 
0.00831764 0.190546 45.4192 
0.00831764 0.229087 45.3257 
0.00831764 0.275423 45.1911 
0.00831764 0.331131 44.9978 
0.00831764 0.398107 44.7209 
0.00831764 0.47863 44.3258 
0.00831764 0.57544 43.7653 
0.00831764 0.691831 42.977 
0.00831764 0.831764 41.8817 
0.00831764 1 40.3869 
0.00831764 1.20226 38.4 
0.00831764 1.44544 35.86 
0.00831764 1.7378 32.7975 
0.00831764 2.0893 29.4239 
0.00831764 2.51189 26.2189 
0.00831764 3.01995 23.9265 
0.00831764 3.63078 23.3276 
0.00831764 4.36516 24.7663 
0.00831764 5.24807 27.7333 
0.00831764 6.30957 31.017 
0.00831764 7.58578 33.4811 
0.00831764 9.12011 34.7539 
0.00831764 10.9648 35.1791 
0.00831764 13.1826 35.2547 
0.00831764 15.8489 35.2546 
0.00831764 19.0546 35.2513 
0.00831764 22.9087 35.2504 
0.00831764 27.5423 35.2503 
0.00831764 33.1131 35.2503 
0.00831764 39.8107 35.2503 
0.00831764 47.863 35.2503 
0.00831764 57.544 35.2503 
0.00831764 69.1831 35.2503 
0.00831764 83.1764 35.2503 
0.01 0.01 45.6295 
0.01 0.0120226 45.6292 
0.01 0.0144544 45.6288 
0.01 0.017378 45.6281 
0.01 0.020893 45.6272 
0.01 0.0251189 45.6258 
0.01 0.0301995 45.6239 
0.01 0.0363078 45.621 
0.01 0.0436516 45.6169 
0.01 0.0524807 45.6109 
0.01 0.0630957 45.6023 
0.01 0.0758578 45.5899 
0.01 0.0912011 45.5719 
0.01 0.109648 45.546 
0.01 0.131826 45.5086 
0.01 0.158489 45.4545 
0.01 0.190546 45.3766 
0.01 0.229087 45.2643 
0.01 0.275423 45.1028 
0.01 0.331131 44.871 
0.01 0.398107 44.5393 
0.01 0.47863 44.0667 
0.01 0.57544 43.398 
0.01 0.691831 42.4608 
0.01 0.831764 41.1655 
0.01 1 39.4118 
0.01 1.20226 37.1092 
0.01 1.44544 34.2223 
0.01 1.7378 30.8526 
0.01 2.0893 27.3517 
0.01 2.51189 24.4166 
0.01 3.01995 23.0351 
0.01 3.63078 24.1183 
0.01 4.36516 27.8496 
0.01 5.24807 33.2395 
0.01 6.30957 38.5231 
0.01 7.58578 42.265 
0.01 9.12011 44.1497 
0.01 10.9648 44.7784 
0.01 13.1826 44.894 
0.01 15.8489 44.8961 
0.01 19.0546 44.8917 
0.01 22.9087 44.8905 
0.01 27.5423 44.8904 
0.01 33.1131 44.8903 
0.01 39.8107 44.8903 
0.01 47.863 44.8903 
0.01 57.544 44.8903 
0.01 69.1831 44.8903 
0.01 83.1764 44.8903 
0.0120226 0.01 45.6294 
0.0120226 0.0120226 45.629 
0.0120226 0.0144544 45.6285 
0.0120226 0.017378 45.6277 
0.0120226 0.020893 45.6266 
0.0120226 0.0251189 45.6249 
0.0120226 0.0301995 45.6226 
0.0120226 0.0363078 45.6191 
0.0120226 0.0436516 45.6142 
0.0120226 0.0524807 45.607 
0.0120226 0.0630957 45.5967 
0.0120226 0.0758578 45.5817 
0.0120226 0.0912011 45.5602 
0.0120226 0.109648 45.529 
0.0120226 0.131826 45.484 
0.0120226 0.158489 45.4191 
0.0120226 0.190546 45.3255 
0.0120226 0.229087 45.1907 
0.0120226 0.275423 44.9969 
0.0120226 0.331131 44.719 
0.0120226 0.398107 44.3219 
0.0120226 0.47863 43.7574 
0.0120226 0.57544 42.9609 
0.0120226 0.691831 41.8493 
0.0120226 0.831764 40.323 
0.0120226 1 38.2771 
0.0120226 1.20226 35.6326 
0.0120226 1.44544 32.4007 
0.0120226 1.7378 28.7931 
0.0120226 2.0893 25.364 
0.0120226 2.51189 23.1013 
0.0120226 3.01995 23.2817 
0.0120226 3.63078 26.8953 
0.0120226 4.36516 33.7878 
0.0120226 5.24807 42.2761 
0.0120226 6.30957 49.9524 
0.0120226 7.58578 55.1485 
0.0120226 9.12011 57.7095 
0.0120226 10.9648 58.5596 
0.0120226 13.1826 58.7175 
0.0120226 15.8489 58.7209 
0.0120226 19.0546 58.715 
0.0120226 22.9087 58.7134 
0.0120226 27.5423 58.7132 
0.0120226 33.1131 58.7132 
0.0120226 39.8107 58.7132 
0.0120226 47.863 58.7132 
0.0120226 57.544 58.7132 
0.0120226 69.1831 58.7132 
0.0120226 83.1764 58.7132 
0.0144544 0.01 45.6292 
0.0144544 0.0120226 45.6288 
0.0144544 0.0144544 45.6281 
0.0144544 0.017378 45.6272 
0.0144544 0.020893 45.6258 
0.0144544 0.0251189 45.6239 
0.0144544 0.0301995 45.621 
0.0144544 0.0363078 45.6169 
0.0144544 0.0436516 45.6109 
0.0144544 0.0524807 45.6023 
0.0144544 0.0630957 45.5899 
0.0144544 0.0758578 45.5719 
0.0144544 0.0912011 45.546 
0.0144544 0.109648 45.5085 
0.0144544 0.131826 45.4545 
0.0144544 0.158489 45.3765 
0.0144544 0.190546 45.2641 
0.0144544 0.229087 45.1023 
0.0144544 0.275423 44.8699 
0.0144544 0.331131 44.537 
0.0144544 0.398107 44.0621 
0.0144544 0.47863 43.3886 
0.0144544 0.57544 42.4417 
0.0144544 0.691831 41.1273 
0.0144544 0.831764 39.337 
0.0144544 1 36.9673 
0.0144544 1.20226 33.9654 
0.0144544 1.44544 30.4205 
0.0144544 1.7378 26.7102 
0.0144544 2.0893 23.6724 
0.0144544 2.51189 22.6691 
0.0144544 3.01995 25.2836 
0.0144544 3.63078 32.4502 
0.0144544 4.36516 43.3924 
0.0144544 5.24807 55.4967 
0.0144544 6.30957 65.733 
0.0144544 7.58578 72.3912 
0.0144544 9.12011 75.6126 
0.0144544 10.9648 76.6771 
0.0144544 13.1826 76.8748 
0.0144544 15.8489 76.8783 
0.0144544 19.0546 76.8704 
0.0144544 22.9087 76.8683 
0.0144544 27.5423 76.868 
0.0144544 33.1131 76.868 
0.0144544 39.8107 76.868 
0.0144544 47.863 76.868 
0.0144544 57.544 76.868 
0.0144544 69.1831 76.868 
0.0144544 83.1764 76.868 
0.017378 0.01 45.629 
0.017378 0.0120226 45.6285 
0.017378 0.0144544 45.6277 
0.017378 0.017378 45.6266 
0.017378 0.020893 45.6249 
0.017378 0.0251189 45.6226 
0.017378 0.0301995 45.6191 
0.017378 0.0363078 45.6142 
0.017378 0.0436516 45.607 
0.017378 0.0524807 45.5967 
0.017378 0.0630957 45.5817 
0.017378 0.0758578 45.5601 
0.017378 0.0912011 45.529 
0.017378 0.109648 45.484 
0.017378 0.131826 45.419 
0.017378 0.158489 45.3253 
0.017378 0.190546 45.1904 
0.017378 0.229087 44.9963 
0.017378 0.275423 44.7177 
0.017378 0.331131 44.3193 
0.017378 0.398107 43.7519 
0.017378 0.47863 42.9497 
0.017378 0.57544 41.8267 
0.017378 0.691831 40.2781 
0.017378 0.831764 38.1902 
0.017378 1 35.4704 
0.017378 1.20226 32.1153 
0.017378 1.44544 28.3372 
0.017378 1.7378 24.7558 
0.017378 2.0893 22.5927 
0.017378 2.51189 23.6617 
0.017378 3.01995 29.8017 
0.017378 3.63078 41.611 
0.017378 4.36516 57.2826 
0.017378 5.24807 73.1124 
0.017378 6.30957 85.7031 
0.017378 7.58578 93.6231 
0.017378 9.12011 97.4118 
0.017378 10.9648 98.6656 
0.017378 13.1826 98.8989 
0.017378 15.8489 98.9018 
0.017378 19.0546 98.8916 
0.017378 22.9087 98.8889 
0.017378 27.5423 98.8885 
0.017378 33.1131 98.8885 
0.017378 39.8107 98.8885 
0.017378 47.863 98.8885 
0.017378 57.544 98.8885 
0.017378 69.1831 98.8885 
0.017378 83.1764 98.8885 
0.020893 0.01 45.6288 
0.020893 0.0120226 45.6281 
0.020893 0.0144544 45.6272 
0.020893 0.017378 45.6258 
0.020893 0.020893 45.6239 
0.020893 0.0251189 45.621 
0.020893 0.0301995 45.6169 
0.020893 0.0363078 45.6109 
0.020893 0.0436516 45.6023 
0.020893 0.0524807 45.5899 
0.020893 0.0630957 45.5719 
0.020893 0.0758578 45.546 
0.020893 0.0912011 45.5085 
0.020893 0.109648 45.4544 
0.020893 0.131826 45.3764 
0.020893 0.158489 45.2639 
0.020893 0.190546 45.1019 
0.020893 0.229087 44.8692 
0.020893 0.275423 44.5355 
0.020893 0.331131 44.0589 
0.020893 0.398107 43.3821 
0.020893 0.47863 42.4284 
0.020893 0.57544 41.1006 
0.020893 0.691831 39.2845 
0.020893 0.831764 36.8669 
0.020893 1 33.7824 
0.020893 1.20226 30.1108 
0.020893 1.44544 26.2516 
0.020893 1.7378 23.1657 
0.020893 2.0893 22.5718 
0.020893 2.51189 26.7746 
0.020893 3.01995 37.6764 
0.020893 3.63078 55.0434 
0.020893 4.36516 75.5809 
0.020893 5.24807 94.6472 
0.020893 6.30957 109.056 
0.020893 7.58578 117.951 
0.020893 9.12011 122.215 
0.020893 10.9648 123.643 
0.020893 13.1826 123.914 
0.020893 15.8489 123.917 
0.020893 19.0546 123.904 
0.020893 22.9087 123.901 
0.020893 27.5423 123.9 
0.020893 33.1131 123.9 
0.020893 39.8107 123.9 
0.020893 47.863 123.9 
0.020893 57.544 123.9 
0.020893 69.1831 123.9 
0.020893 83.1764 123.9 
0.0251189 0.01 45.6285 
0.0251189 0.0120226 45.6277 
0.0251189 0.0144544 45.6266 
0.0251189 0.017378 45.6249 
0.0251189 0.020893 45.6226 
0.0251189 0.0251189 45.6191 
0.0251189 0.0301995 45.6142 
0.0251189 0.0363078 45.607 
0.0251189 0.0436516 45.5967 
0.0251189 0.0524807 45.5817 
0.0251189 0.0630957 45.5601 
0.0251189 0.0758578 45.529 
0.0251189 0.0912011 45.4839 
0.0251189 0.109648 45.4189 
0.0251189 0.131826 45.3252 
0.0251189 0.158489 45.1902 
0.0251189 0.190546 44.9958 
0.0251189 0.229087 44.7168 
0.0251189 0.275423 44.3174 
0.0251189 0.331131 43.7481 
0.0251189 0.398107 42.9419 
0.0251189 0.47863 41.8109 
0.0251189 0.57544 40.2467 
0.0251189 0.691831 38.1291 
0.0251189 0.831764 35.3558 
0.0251189 1 31.9124 
0.0251189 1.20226 28.0123 
0.0251189 1.44544 24.3288 
0.0251189 1.7378 22.2871 
0.0251189 2.0893 24.2087 
0.0251189 2.51189 32.8262 
0.0251189 3.01995 49.6668 
0.0251189 3.63078 72.9458 
0.0251189 4.36516 97.683 
0.0251189 5.24807 119.071 
0.0251189 6.30957 134.803 
0.0251189 7.58578 144.544 
0.0251189 9.12011 149.284 
0.0251189 10.9648 150.905 
0.0251189 13.1826 151.22 
0.0251189 15.8489 151.225 
0.0251189 19.0546 151.21 
0.0251189 22.9087 151.206 
0.0251189 27.5423 151.206 
0.0251189 33.1131 151.205 
0.0251189 39.8107 151.205 
0.0251189 47.863 151.205 
0.0251189 57.544 151.205 
0.0251189 69.1831 151.205 
0.0251189 83.1764 151.205 
0.0301995 0.01 45.6281 
0.0301995 0.0120226 45.6272 
0.0301995 0.0144544 45.6258 
0.0301995 0.017378 45.6239 
0.0301995 0.020893 45.621 
0.0301995 0.0251189 45.6169 
0.0301995 0.0301995 45.6109 
0.0301995 0.0363078 45.6023 
0.0301995 0.0436516 45.5899 
0.0301995 0.0524807 45.5719 
0.0301995 0.0630957 45.546 
0.0301995 0.0758578 45.5085 
0.0301995 0.0912011 45.4544 
0.0301995 0.109648 45.3763 
0.0301995 0.131826 45.2638 
0.0301995 0.158489 45.1017 
0.0301995 0.190546 44.8686 
0.0301995 0.229087 44.5344 
0.0301995 0.275423 44.0567 
0.0301995 0.331131 43.3775 
0.0301995 0.398107 42.4191 
0.0301995 0.47863 41.0819 
0.0301995 0.57544 39.2477 
0.0301995 0.691831 36.7964 
0.0301995 0.831764 33.6532 
0.0301995 1 29.8913 
0.0301995 1.20226 25.9273 
0.0301995 1.44544 22.823 
0.0301995 1.7378 22.6054 
0.0301995 2.0893 28.2524 
0.0301995 2.51189 42.6522 
0.0301995 3.01995 66.1718 
0.0301995 3.63078 94.7814 
0.0301995 4.36516 122.461 
0.0301995 5.24807 145.472 
0.0301995 6.30957 162.47 
0.0301995 7.58578 173.166 
0.0301995 9.12011 178.448 
0.0301995 10.9648 180.283 
0.0301995 13.1826 180.647 
0.0301995 15.8489 180.653 
0.0301995 19.0546 180.636 
0.0301995 22.9087 180.631 
0.0301995 27.5423 180.631 
0.0301995 33.1131 180.631 
0.0301995 39.8107 180.631 
0.0301995 47.863 180.631 
0.0301995 57.544 180.631 
0.0301995 69.1831 180.631 
0.0301995 83.1764 180.631 
0.0363078 0.01 45.6277 
0.0363078 0.0120226 45.6266 
0.0363078 0.0144544 45.6249 
0.0363078 0.017378 45.6226 
0.0363078 0.020893 45.6191 
0.0363078 0.0251189 45.6142 
0.0363078 0.0301995 45.607 
0.0363078 0.0363078 45.5967 
0.0363078 0.0436516 45.5817 
0.0363078 0.0524807 45.5601 
0.0363078 0.0630957 45.529 
0.0363078 0.0758578 45.4839 
0.0363078 0.0912011 45.4189 
0.0363078 0.109648 45.3251 
0.0363078 0.131826 45.19 
0.0363078 0.158489 44.9955 
0.0363078 0.190546 44.7162 
0.0363078 0.229087 44.3161 
0.0363078 0.275423 43.7454 
0.0363078 0.331131 42.9365 
0.0363078 0.398107 41.7999 
0.0363078 0.47863 40.2248 
0.0363078 0.57544 38.0863 
0.0363078 0.691831 35.2753 
0.0363078 0.831764 31.7694 
0.0363078 1 27.7828 
0.0363078 1.20226 24.0311 
0.0363078 1.44544 22.1049 
0.0363078 1.7378 24.7611 
0.0363078 2.0893 35.5498 
0.0363078 2.51189 56.8845 
0.0363078 3.01995 86.911 
0.0363078 3.63078 119.402 
0.0363078 4.36516 149.016 
0.0363078 5.24807 173.68 
0.0363078 6.30957 192.227 
0.0363078 7.58578 203.999 
0.0363078 9.12011 209.832 
0.0363078 10.9648 211.865 
0.0363078 13.1826 212.268 
0.0363078 15.8489 212.272 
0.0363078 19.0546 212.252 
0.0363078 22.9087 212.246 
0.0363078 27.5423 212.245 
0.0363078 33.1131 212.245 
0.0363078 39.8107 212.245 
0.0363078 47.863 212.245 
0.0363078 57.544 212.245 
0.0363078 69.1831 212.245 
0.0363078 83.1764 212.245 
0.0436516 0.01 45.6272 
0.0436516 0.0120226 45.6258 
0.0436516 0.0144544 45.6239 
0.0436516 0.017378 45.621 
0.0436516 0.020893 45.6169 
0.0436516 0.0251189 45.6109 
0.0436516 0.0301995 45.6023 
0.0436516 0.0363078 45.5899 
0.0436516 0.0436516 45.5719 
0.0436516 0.0524807 45.546 
0.0436516 0.0630957 45.5085 
0.0436516 0.0758578 45.4544 
0.0436516 0.0912011 45.3763 
0.0436516 0.109648 45.2637 
0.0436516 0.131826 45.1015 
0.0436516 0.158489 44.8683 
0.0436516 0.190546 44.5337 
0.0436516 0.229087 44.0552 
0.0436516 0.275423 43.3743 
0.0436516 0.331131 42.4127 
0.0436516 0.398107 41.069 
0.0436516 0.47863 39.2221 
0.0436516 0.57544 36.7471 
0.0436516 0.691831 33.5626 
0.0436516 0.831764 29.7369 
0.0436516 1 25.6997 
0.0436516 1.20226 22.5913 
0.0436516 1.44544 22.688 
0.0436516 1.7378 29.5385 
0.0436516 2.0893 46.9022 
0.0436516 2.51189 75.6274 
0.0436516 3.01995 110.86 
0.0436516 3.63078 145.769 
0.0436516 4.36516 177.274 
0.0436516 5.24807 204.063 
0.0436516 6.30957 224.327 
0.0436516 7.58578 237.11 
0.0436516 9.12011 243.395 
0.0436516 10.9648 245.569 
0.0436516 13.1826 245.99 
0.0436516 15.8489 245.988 
0.0436516 19.0546 245.963 
0.0436516 22.9087 245.956 
0.0436516 27.5423 245.955 
0.0436516 33.1131 245.955 
0.0436516 39.8107 245.955 
0.0436516 47.863 245.955 
0.0436516 57.544 245.955 
0.0436516 69.1831 245.955 
0.0436516 83.1764 245.955 
0.0524807 0.01 45.6266 
0.0524807 0.0120226 45.6249 
0.0524807 0.0144544 45.6226 
0.0524807 0.017378 45.6191 
0.0524807 0.020893 45.6142 
0.0524807 0.0251189 45.607 
0.0524807 0.0301995 45.5967 
0.0524807 0.0363078 45.5817 
0.0524807 0.0436516 45.5601 
0.0524807 0.0524807 45.5289 
0.0524807 0.0630957 45.4839 
0.0524807 0.0758578 45.4189 
0.0524807 0.0912011 45.3251 
0.0524807 0.109648 45.1899 
0.0524807 0.131826 44.9953 
0.0524807 0.158489 44.7158 
0.0524807 0.190546 44.3152 
0.0524807 0.229087 43.7436 
0.0524807 0.275423 42.9327 
0.0524807 0.331131 41.7923 
0.0524807 0.398107 40.2095 
0.0524807 0.47863 38.0565 
0.0524807 0.57544 35.219 
0.0524807 0.691831 31.6692 
0.0524807 0.831764 27.6218 
0.0524807 1 23.8244 
0.0524807 1.20226 21.9957 
0.0524807 1.44544 25.242 
0.0524807 1.7378 37.7947 
0.0524807 2.0893 62.8006 
0.0524807 2.51189 98.2049 
0.0524807 3.01995 136.785 
0.0524807 3.63078 173.674 
0.0524807 4.36516 207.699 
0.0524807 5.24807 236.861 
0.0524807 6.30957 258.671 
0.0524807 7.58578 272.231 
0.0524807 9.12011 278.822 
0.0524807 10.9648 281.077 
0.0524807 13.1826 281.501 
0.0524807 15.8489 281.49 
0.0524807 19.0546 281.461 
0.0524807 22.9087 281.453 
0.0524807 27.5423 281.452 
0.0524807 33.1131 281.452 
0.0524807 39.8107 281.452 
0.0524807 47.863 281.452 
0.0524807 57.544 281.452 
0.0524807 69.1831 281.452 
0.0524807 83.1764 281.452 
0.0630957 0.01 45.6258 
0.0630957 0.0120226 45.6239 
0.0630957 0.0144544 45.621 
0.0630957 0.017378 45.6169 
0.0630957 0.020893 45.6109 
0.0630957 0.0251189 45.6023 
0.0630957 0.0301995 45.5899 
0.0630957 0.0363078 45.5719 
0.0630957 0.0436516 45.546 
0.0630957 0.0524807 45.5085 
0.0630957 0.0630957 45.4544 
0.0630957 0.0758578 45.3763 
0.0630957 0.0912011 45.2636 
0.0630957 0.109648 45.1014 
0.0630957 0.131826 44.868 
0.0630957 0.158489 44.5331 
0.0630957 0.190546 44.0541 
0.0630957 0.229087 43.3722 
0.0630957 0.275423 42.4082 
0.0630957 0.331131 41.06 
0.0630957 0.398107 39.2042 
0.0630957 0.47863 36.7128 
0.0630957 0.57544 33.4992 
0.0630957 0.691831 29.6288 
0.0630957 0.831764 25.5407 
0.0630957 1 22.4342 
0.0630957 1.20226 22.7778 
0.0630957 1.44544 30.5739 
0.0630957 1.7378 50.2872 
0.0630957 2.0893 83.0904 
0.0630957 2.51189 123.354 
0.0630957 3.01995 164.11 
0.0630957 3.63078 203.597 
0.0630957 4.36516 240.571 
0.0630957 5.24807 271.868 
0.0630957 6.30957 294.833 
0.0630957 7.58578 308.918 
0.0630957 9.12011 315.713 
0.0630957 10.9648 318.028 
0.0630957 13.1826 318.46 
0.0630957 15.8489 318.446 
0.0630957 19.0546 318.415 
0.0630957 22.9087 318.407 
0.0630957 27.5423 318.406 
0.0630957 33.1131 318.406 
0.0630957 39.8107 318.406 
0.0630957 47.863 318.406 
0.0630957 57.544 318.406 
0.0630957 69.1831 318.406 
0.0630957 83.1764 318.406 
0.0758578 0.01 45.6249 
0.0758578 0.0120226 45.6226 
0.0758578 0.0144544 45.6191 
0.0758578 0.017378 45.6142 
0.0758578 0.020893 45.607 
0.0758578 0.0251189 45.5967 
0.0758578 0.0301995 45.5817 
0.0758578 0.0363078 45.5601 
0.0758578 0.0436516 45.5289 
0.0758578 0.0524807 45.4839 
0.0758578 0.0630957 45.4189 
0.0758578 0.0758578 45.3251 
0.0758578 0.0912011 45.1898 
0.0758578 0.109648 44.9952 
0.0758578 0.131826 44.7155 
0.0758578 0.158489 44.3146 
0.0758578 0.190546 43.7423 
0.0758578 0.229087 42.9301 
0.0758578 0.275423 41.787 
0.0758578 0.331131 40.199 
0.0758578 0.398107 38.0358 
0.0758578 0.47863 35.1799 
0.0758578 0.57544 31.5992 
0.0758578 0.691831 27.5094 
0.0758578 0.831764 23.6811 
0.0758578 1 21.9292 
0.0758578 1.20226 25.6277 
0.0758578 1.44544 39.5421 
0.0758578 1.7378 67.3792 
0.0758578 2.0893 106.822 
0.0758578 2.51189 150.02 
0.0758578 3.01995 193.153 
0.0758578 3.63078 235.947 
0.0758578 4.36516 275.682 
0.0758578 5.24807 308.574 
0.0758578 6.30957 332.321 
0.0758578 7.58578 346.794 
0.0758578 9.12011 353.795 
0.0758578 10.9648 356.21 
0.0758578 13.1826 356.681 
0.0758578 15.8489 356.679 
0.0758578 19.0546 356.652 
0.0758578 22.9087 356.644 
0.0758578 27.5423 356.643 
0.0758578 33.1131 356.643 
0.0758578 39.8107 356.643 
0.0758578 47.863 356.643 
0.0758578 57.544 356.643 
0.0758578 69.1831 356.643 
0.0758578 83.1764 356.643 
0.0912011 0.01 45.6239 
0.0912011 0.0120226 45.621 
0.0912011 0.0144544 45.6169 
0.0912011 0.017378 45.6109 
0.0912011 0.020893 45.6023 
0.0912011 0.0251189 45.5899 
0.0912011 0.0301995 45.5719 
0.0912011 0.0363078 45.546 
0.0912011 0.0436516 45.5085 
0.0912011 0.0524807 45.4544 
0.0912011 0.0630957 45.3762 
0.0912011 0.0758578 45.2636 
0.0912011 0.0912011 45.1013 
0.0912011 0.109648 44.8679 
0.0912011 0.131826 44.5328 
0.0912011 0.158489 44.0534 
0.0912011 0.190546 43.3706 
0.0912011 0.229087 42.4051 
0.0912011 0.275423 41.0537 
0.0912011 0.331131 39.1919 
0.0912011 0.398107 36.6889 
0.0912011 0.47863 33.4552 
0.0912011 0.57544 29.5534 
0.0912011 0.691831 25.43 
0.0912011 0.831764 22.3273 
0.0912011 1 22.8571 
0.0912011 1.20226 31.3671 
0.0912011 1.44544 52.8621 
0.0912011 1.7378 88.7147 
0.0912011 2.0893 132.669 
0.0912011 2.51189 178.065 
0.0912011 3.01995 224.478 
0.0912011 3.63078 270.634 
0.0912011 4.36516 312.496 
0.0912011 5.24807 346.458 
0.0912011 6.30957 370.794 
0.0912011 7.58578 385.694 
0.0912011 9.12011 393.015 
0.0912011 10.9648 395.628 
0.0912011 13.1826 396.195 
0.0912011 15.8489 396.229 
0.0912011 19.0546 396.211 
0.0912011 22.9087 396.205 
0.0912011 27.5423 396.204 
0.0912011 33.1131 396.204 
0.0912011 39.8107 396.204 
0.0912011 47.863 396.204 
0.0912011 57.544 396.204 
0.0912011 69.1831 396.204 
0.0912011 83.1764 396.204 
0.109648 0.01 45.6226 
0.109648 0.0120226 45.6191 
0.109648 0.0144544 45.6142 
0.109648 0.017378 45.607 
0.109648 0.020893 45.5967 
0.109648 0.0251189 45.5817 
0.109648 0.0301995 45.5601 
0.109648 0.0363078 45.5289 
0.109648 0.0436516 45.4839 
0.109648 0.0524807 45.4189 
0.109648 0.0630957 45.325 
0.109648 0.0758578 45.1898 
0.109648 0.0912011 44.9951 
0.109648 0.109648 44.7153 
0.109648 0.131826 44.3142 
0.109648 0.158489 43.7415 
0.109648 0.190546 42.9283 
0.109648 0.229087 41.7833 
0.109648 0.275423 40.1916 
0.109648 0.331131 38.0214 
0.109648 0.398107 35.1526 
0.109648 0.47863 31.5505 
0.109648 0.57544 27.431 
0.109648 0.691831 23.582 
0.109648 0.831764 21.8879 
0.109648 1 25.9221 
0.109648 1.20226 40.8519 
0.109648 1.44544 70.793 
0.109648 1.7378 113.173 
0.109648 2.0893 159.816 
0.109648 2.51189 208.045 
0.109648 3.01995 258.235 
0.109648 3.63078 307.161 
0.109648 4.36516 350.451 
0.109648 5.24807 385.18 
0.109648 6.30957 410.152 
0.109648 7.58578 425.674 
0.109648 9.12011 433.511 
0.109648 10.9648 436.457 
0.109648 13.1826 437.189 
0.109648 15.8489 437.284 
0.109648 19.0546 437.284 
0.109648 22.9087 437.281 
0.109648 27.5423 437.281 
0.109648 33.1131 437.281 
0.109648 39.8107 437.281 
0.109648 47.863 437.281 
0.109648 57.544 437.281 
0.109648 69.1831 437.281 
0.109648 83.1764 437.281 
0.131826 0.01 45.621 
0.131826 0.0120226 45.6169 
0.131826 0.0144544 45.6109 
0.131826 0.017378 45.6023 
0.131826 0.020893 45.5899 
0.131826 0.0251189 45.5719 
0.131826 0.0301995 45.546 
0.131826 0.0363078 45.5085 
0.131826 0.0436516 45.4543 
0.131826 0.0524807 45.3762 
0.131826 0.0630957 45.2636 
0.131826 0.0758578 45.1012 
0.131826 0.0912011 44.8677 
0.131826 0.109648 44.5325 
0.131826 0.131826 44.0529 
0.131826 0.158489 43.3696 
0.131826 0.190546 42.403 
0.131826 0.229087 41.0494 
0.131826 0.275423 39.1833 
0.131826 0.331131 36.6723 
0.131826 0.398107 33.4245 
0.131826 0.47863 29.5009 
0.131826 0.57544 25.3531 
0.131826 0.691831 22.2542 
0.131826 0.831764 22.9207 
0.131826 1 31.9553 
0.131826 1.20226 54.7619 
0.131826 1.44544 92.8315 
0.131826 1.7378 139.446 
0.131826 2.0893 188.424 
0.131826 2.51189 240.416 
0.131826 3.01995 294.067 
0.131826 3.63078 344.925 
0.131826 4.36516 389.165 
0.131826 5.24807 424.651 
0.131826 6.30957 450.499 
0.131826 7.58578 466.922 
0.131826 9.12011 475.491 
0.131826 10.9648 478.901 
0.131826 13.1826 479.86 
0.131826 15.8489 480.042 
0.131826 19.0546 480.066 
0.131826 22.9087 480.068 
0.131826 27.5423 480.068 
0.131826 33.1131 480.068 
0.131826 39.8107 480.068 
0.131826 47.863 480.068 
0.131826 57.544 480.068 
0.131826 69.1831 480.068 
0.131826 83.1764 480.068 
0.158489 0.01 45.6191 
0.158489 0.0120226 45.6142 
0.158489 0.0144544 45.607 
0.158489 0.017378 45.5967 
0.158489 0.020893 45.5817 
0.158489 0.0251189 45.5601 
0.158489 0.0301995 45.5289 
0.158489 0.0363078 45.4839 
0.158489 0.0436516 45.4189 
0.158489 0.0524807 45.325 
0.158489 0.0630957 45.1898 
0.158489 0.0758578 44.995 
0.158489 0.0912011 44.7151 
0.158489 0.109648 44.3139 
0.158489 0.131826 43.7408 
0.158489 0.158489 42.927 
0.158489 0.190546 41.7808 
0.158489 0.229087 40.1865 
0.158489 0.275423 38.0115 
0.158489 0.331131 35.1337 
0.158489 0.398107 31.5167 
0.158489 0.47863 27.3766 
0.158489 0.57544 23.5133 
0.158489 0.691831 21.8617 
0.158489 0.831764 26.1396 
0.158489 1 41.809 
0.158489 1.20226 73.2768 
0.158489 1.44544 117.755 
0.158489 1.7378 166.929 
0.158489 2.0893 219.118 
0.158489 2.51189 275.107 
0.158489 3.01995 331.376 
0.158489 3.63078 383.463 
0.158489 4.36516 428.508 
0.158489 5.24807 464.982 
0.158489 6.30957 492.032 
0.158489 7.58578 509.616 
0.158489 9.12011 519.074 
0.158489 10.9648 523.031 
0.158489 13.1826 524.256 
0.158489 15.8489 524.538 
0.158489 19.0546 524.59 
0.158489 22.9087 524.598 
0.158489 27.5423 524.599 
0.158489 33.1131 524.599 
0.158489 39.8107 524.599 
0.158489 47.863 524.599 
0.158489 57.544 524.599 
0.158489 69.1831 524.599 
0.158489 83.1764 524.599 
0.190546 0.01 45.6169 
0.190546 0.0120226 45.6109 
0.190546 0.0144544 45.6023 
0.190546 0.017378 45.5899 
0.190546 0.020893 45.5719 
0.190546 0.0251189 45.546 
0.190546 0.0301995 45.5085 
0.190546 0.0363078 45.4543 
0.190546 0.0436516 45.3762 
0.190546 0.0524807 45.2635 
0.190546 0.0630957 45.1012 
0.190546 0.0758578 44.8677 
0.190546 0.0912011 44.5324 
0.190546 0.109648 44.0525 
0.190546 0.131826 43.3689 
0.190546 0.158489 42.4015 
0.190546 0.190546 41.0464 
0.190546 0.229087 39.1773 
0.190546 0.275423 36.6608 
0.190546 0.331131 33.4032 
0.190546 0.398107 29.4645 
0.190546 0.47863 25.2997 
0.190546 0.57544 22.2042 
0.190546 0.691831 22.9691 
0.190546 0.831764 32.3819 
0.190546 1 56.1352 
0.190546 1.20226 95.789 
0.190546 1.44544 144.3 
0.190546 1.7378 195.966 
0.190546 2.0893 252.22 
0.190546 2.51189 311.623 
0.190546 3.01995 369.601 
0.190546 3.63078 422.555 
0.190546 4.36516 468.559 
0.190546 5.24807 506.364 
0.190546 6.30957 534.89 
0.190546 7.58578 553.764 
0.190546 9.12011 564.144 
0.190546 10.9648 568.646 
0.190546 13.1826 570.134 
0.190546 15.8489 570.516 
0.190546 19.0546 570.596 
0.190546 22.9087 570.61 
0.190546 27.5423 570.612 
0.190546 33.1131 570.612 
0.190546 39.8107 570.612 
0.190546 47.863 570.612 
0.190546 57.544 570.612 
0.190546 69.1831 570.612 
0.190546 83.1764 570.612 
0.229087 0.01 45.6142 
0.229087 0.0120226 45.607 
0.229087 0.0144544 45.5967 
0.229087 0.017378 45.5817 
0.229087 0.020893 45.5601 
0.229087 0.0251189 45.5289 
0.229087 0.0301995 45.4839 
0.229087 0.0363078 45.4188 
0.229087 0.0436516 45.325 
0.229087 0.0524807 45.1897 
0.229087 0.0630957 44.995 
0.229087 0.0758578 44.715 
0.229087 0.0912011 44.3137 
0.229087 0.109648 43.7404 
0.229087 0.131826 42.9262 
0.229087 0.158489 41.7791 
0.229087 0.190546 40.183 
0.229087 0.229087 38.0045 
0.229087 0.275423 35.1206 
0.229087 0.331131 31.4932 
0.229087 0.398107 27.3388 
0.229087 0.47863 23.4658 
0.229087 0.57544 21.8448 
0.229087 0.691831 26.297 
0.229087 0.831764 42.4965 
0.229087 1 75.0549 
0.229087 1.20226 121.015 
0.229087 1.44544 172.024 
0.229087 1.7378 227.177 
0.229087 2.0893 287.511 
0.229087 2.51189 349.349 
0.229087 3.01995 408.396 
0.229087 3.63078 462.214 
0.229087 4.36516 509.504 
0.229087 5.24807 548.932 
0.229087 6.30957 579.018 
0.229087 7.58578 599.093 
0.229087 9.12011 610.261 
0.229087 10.9648 615.213 
0.229087 13.1826 616.918 
0.229087 15.8489 617.382 
0.229087 19.0546 617.486 
0.229087 22.9087 617.505 
0.229087 27.5423 617.507 
0.229087 33.1131 617.507 
0.229087 39.8107 617.507 
0.229087 47.863 617.507 
0.229087 57.544 617.507 
0.229087 69.1831 617.507 
0.229087 83.1764 617.507 
0.275423 0.01 45.6109 
0.275423 0.0120226 45.6023 
0.275423 0.0144544 45.5899 
0.275423 0.017378 45.5719 
0.275423 0.020893 45.546 
0.275423 0.0251189 45.5085 
0.275423 0.0301995 45.4543 
0.275423 0.0363078 45.3762 
0.275423 0.0436516 45.2635 
0.275423 0.0524807 45.1012 
0.275423 0.0630957 44.8676 
0.275423 0.0758578 44.5322 
0.275423 0.0912011 44.0523 
0.275423 0.109648 43.3684 
0.275423 0.131826 42.4005 
0.275423 0.158489 41.0443 
0.275423 0.190546 39.1732 
0.275423 0.229087 36.6529 
0.275423 0.275423 33.3885 
0.275423 0.331131 29.4392 
0.275423 0.398107 25.2627 
0.275423 0.47863 22.1698 
0.275423 0.57544 23.0047 
0.275423 0.691831 32.6868 
0.275423 0.831764 57.1142 
0.275423 1 97.8877 
0.275423 1.20226 147.74 
0.275423 1.44544 201.376 
0.275423 1.7378 260.776 
0.275423 2.0893 324.431 
0.275423 2.51189 387.793 
0.275423 3.01995 447.657 
0.275423 3.63078 502.595 
0.275423 4.36516 551.496 
0.275423 5.24807 592.627 
0.275423 6.30957 624.066 
0.275423 7.58578 645.013 
0.275423 9.12011 656.683 
0.275423 10.9648 661.91 
0.275423 13.1826 663.751 
0.275423 15.8489 664.269 
0.275423 19.0546 664.389 
0.275423 22.9087 664.411 
0.275423 27.5423 664.414 
0.275423 33.1131 664.414 
0.275423 39.8107 664.414 
0.275423 47.863 664.414 
0.275423 57.544 664.414 
0.275423 69.1831 664.414 
0.275423 83.1764 664.414 
0.331131 0.01 45.607 
0.331131 0.0120226 45.5967 
0.331131 0.0144544 45.5817 
0.331131 0.017378 45.5601 
0.331131 0.020893 45.5289 
0.331131 0.0251189 45.4839 
0.331131 0.0301995 45.4188 
0.331131 0.0363078 45.325 
0.331131 0.0436516 45.1897 
0.331131 0.0524807 44.9949 
0.331131 0.0630957 44.715 
0.331131 0.0758578 44.3135 
0.331131 0.0912011 43.7401 
0.331131 0.109648 42.9256 
0.331131 0.131826 41.7778 
0.331131 0.158489 40.1806 
0.331131 0.190546 37.9998 
0.331131 0.229087 35.1115 
0.331131 0.275423 31.4769 
0.331131 0.331131 27.3126 
0.331131 0.398107 23.433 
0.331131 0.47863 21.8337 
0.331131 0.57544 26.4093 
0.331131 0.691831 42.9845 
0.331131 0.831764 76.314 
0.331131 1 123.314 
0.331131 1.20226 175.637 
0.331131 1.44544 232.952 
0.331131 1.7378 296.451 
0.331131 2.0893 362.381 
0.331131 2.51189 426.695 
0.331131 3.01995 487.475 
0.331131 3.63078 543.877 
0.331131 4.36516 594.529 
0.331131 5.24807 637.11 
0.331131 6.30957 669.389 
0.331131 7.58578 690.684 
0.331131 9.12011 702.477 
0.331131 10.9648 707.765 
0.331131 13.1826 709.646 
0.331131 15.8489 710.184 
0.331131 19.0546 710.31 
0.331131 22.9087 710.334 
0.331131 27.5423 710.336 
0.331131 33.1131 710.337 
0.331131 39.8107 710.337 
0.331131 47.863 710.337 
0.331131 57.544 710.337 
0.331131 69.1831 710.337 
0.331131 83.1764 710.337 
0.398107 0.01 45.6023 
0.398107 0.0120226 45.5899 
0.398107 0.0144544 45.5719 
0.398107 0.017378 45.546 
0.398107 0.020893 45.5085 
0.398107 0.0251189 45.4543 
0.398107 0.0301995 45.3762 
0.398107 0.0363078 45.2635 
0.398107 0.0436516 45.1012 
0.398107 0.0524807 44.8676 
0.398107 0.0630957 44.5322 
0.398107 0.0758578 44.0521 
0.398107 0.0912011 43.368 
0.398107 0.109648 42.3997 
0.398107 0.131826 41.0429 
0.398107 0.158489 39.1703 
0.398107 0.190546 36.6473 
0.398107 0.229087 33.3783 
0.398107 0.275423 29.4217 
0.398107 0.331131 25.2371 
0.398107 0.398107 22.1461 
0.398107 0.47863 23.0304 
0.398107 0.57544 32.9026 
0.398107 0.691831 57.8057 
0.398107 0.831764 99.365 
0.398107 1 150.16 
0.398107 1.20226 205.215 
0.398107 1.44544 266.886 
0.398107 1.7378 333.613 
0.398107 2.0893 400.926 
0.398107 2.51189 466.028 
0.398107 3.01995 528.027 
0.398107 3.63078 586.13 
0.398107 4.36516 638.339 
0.398107 5.24807 681.757 
0.398107 6.30957 714.129 
0.398107 7.58578 735.157 
0.398107 9.12011 746.681 
0.398107 10.9648 751.826 
0.398107 13.1826 753.657 
0.398107 15.8489 754.183 
0.398107 19.0546 754.308 
0.398107 22.9087 754.331 
0.398107 27.5423 754.333 
0.398107 33.1131 754.334 
0.398107 39.8107 754.334 
0.398107 47.863 754.334 
0.398107 57.544 754.334 
0.398107 69.1831 754.334 
0.398107 83.1764 754.334 
0.47863 0.01 45.5967 
0.47863 0.0120226 45.5817 
0.47863 0.0144544 45.5601 
0.47863 0.017378 45.5289 
0.47863 0.020893 45.4839 
0.47863 0.0251189 45.4188 
0.47863 0.0301995 45.325 
0.47863 0.0363078 45.1897 
0.47863 0.0436516 44.9949 
0.47863 0.0524807 44.7149 
0.47863 0.0630957 44.3134 
0.47863 0.0758578 43.7399 
0.47863 0.0912011 42.9251 
0.47863 0.109648 41.777 
0.47863 0.131826 40.1789 
0.47863 0.158489 37.9964 
0.47863 0.190546 35.1052 
0.47863 0.229087 31.4656 
0.47863 0.275423 27.2945 
0.47863 0.331131 23.4102 
0.47863 0.398107 21.8263 
0.47863 0.47863 26.4887 
0.47863 0.57544 43.3282 
0.47863 0.691831 77.1991 
0.47863 0.831764 124.925 
0.47863 1 178.179 
0.47863 1.20226 237.046 
0.47863 1.44544 302.808 
0.47863 1.7378 371.685 
0.47863 2.0893 439.87 
0.47863 2.51189 505.921 
0.47863 3.01995 569.457 
0.47863 3.63078 629.214 
0.47863 4.36516 682.385 
0.47863 5.24807 725.737 
0.47863 6.30957 757.366 
0.47863 7.58578 777.545 
0.47863 9.12011 788.467 
0.47863 10.9648 793.304 
0.47863 13.1826 795.018 
0.47863 15.8489 795.509 
0.47863 19.0546 795.625 
0.47863 22.9087 795.647 
0.47863 27.5423 795.649 
0.47863 33.1131 795.649 
0.47863 39.8107 795.649 
0.47863 47.863 795.649 
0.47863 57.544 795.649 
0.47863 69.1831 795.649 
0.47863 83.1764 795.649 
0.57544 0.01 45.5899 
0.57544 0.0120226 45.5719 
0.57544 0.0144544 45.546 
0.57544 0.017378 45.5085 
0.57544 0.020893 45.4543 
0.57544 0.0251189 45.3762 
0.57544 0.0301995 45.2635 
0.57544 0.0363078 45.1011 
0.57544 0.0436516 44.8675 
0.57544 0.0524807 44.5321 
0.57544 0.0630957 44.052 
0.57544 0.0758578 43.3678 
0.57544 0.0912011 42.3992 
0.57544 0.109648 41.0419 
0.57544 0.131826 39.1684 
0.57544 0.158489 36.6435 
0.57544 0.190546 33.3712 
0.57544 0.229087 29.4096 
0.57544 0.275423 25.2193 
0.57544 0.331131 22.1297 
0.57544 0.398107 23.0488 
0.57544 0.47863 33.0541 
0.57544 0.57544 58.2909 
0.57544 0.691831 100.399 
0.57544 0.831764 151.855 
0.57544 1 207.918 
0.57544 1.20226 271.206 
0.57544 1.44544 340.119 
0.57544 1.7378 410.277 
0.57544 2.0893 479.231 
0.57544 2.51189 546.552 
0.57544 3.01995 611.757 
0.57544 3.63078 672.715 
0.57544 4.36516 725.896 
0.57544 5.24807 768.159 
0.57544 6.30957 798.274 
0.57544 7.58578 817.146 
0.57544 9.12011 827.232 
0.57544 10.9648 831.657 
0.57544 13.1826 833.212 
0.57544 15.8489 833.653 
0.57544 19.0546 833.757 
0.57544 22.9087 833.776 
0.57544 27.5423 833.778 
0.57544 33.1131 833.779 
0.57544 39.8107 833.779 
0.57544 47.863 833.779 
0.57544 57.544 833.779 
0.57544 69.1831 833.779 
0.57544 83.1764 833.779 
0.691831 0.01 45.5817 
0.691831 0.0120226 45.5601 
0.691831 0.0144544 45.5289 
0.691831 0.017378 45.4839 
0.691831 0.020893 45.4188 
0.691831 0.0251189 45.325 
0.691831 0.0301995 45.1897 
0.691831 0.0363078 44.9949 
0.691831 0.0436516 44.7149 
0.691831 0.0524807 44.3134 
0.691831 0.0630957 43.7398 
0.691831 0.0758578 42.9249 
0.691831 0.0912011 41.7764 
0.691831 0.109648 40.1777 
0.691831 0.131826 37.9941 
0.691831 0.158489 35.1008 
0.691831 0.190546 31.4578 
0.691831 0.229087 27.2819 
0.691831 0.275423 23.3945 
0.691831 0.331131 21.8213 
0.691831 0.398107 26.5444 
0.691831 0.47863 43.5689 
0.691831 0.57544 77.8182 
0.691831 0.691831 126.05 
0.691831 0.831764 179.96 
0.691831 1 239.926 
0.691831 1.20226 307.29 
0.691831 1.44544 378.261 
0.691831 1.7378 449.235 
0.691831 2.0893 519.157 
0.691831 2.51189 588.024 
0.691831 3.01995 654.68 
0.691831 3.63078 715.97 
0.691831 4.36516 768.009 
0.691831 5.24807 808.221 
0.691831 6.30957 836.231 
0.691831 7.58578 853.504 
0.691831 9.12011 862.627 
0.691831 10.9648 866.59 
0.691831 13.1826 867.967 
0.691831 15.8489 868.353 
0.691831 19.0546 868.443 
0.691831 22.9087 868.459 
0.691831 27.5423 868.461 
0.691831 33.1131 868.461 
0.691831 39.8107 868.461 
0.691831 47.863 868.461 
0.691831 57.544 868.461 
0.691831 69.1831 868.461 
0.691831 83.1764 868.461 
0.831764 0.01 45.5719 
0.831764 0.0120226 45.546 
0.831764 0.0144544 45.5085 
0.831764 0.017378 45.4543 
0.831764 0.020893 45.3762 
0.831764 0.0251189 45.2635 
0.831764 0.0301995 45.1011 
0.831764 0.0363078 44.8675 
0.831764 0.0436516 44.5321 
0.831764 0.0524807 44.0519 
0.831764 0.0630957 43.3676 
0.831764 0.0758578 42.3989 
0.831764 0.0912011 41.0412 
0.831764 0.109648 39.167 
0.831764 0.131826 36.6409 
0.831764 0.158489 33.3663 
0.831764 0.190546 29.4012 
0.831764 0.229087 25.207 
0.831764 0.275423 22.1185 
0.831764 0.331131 23.0617 
0.831764 0.398107 33.1601 
0.831764 0.47863 58.6299 
0.831764 0.57544 101.12 
0.831764 0.691831 153.036 
0.831764 0.831764 209.812 
0.831764 1 274.239 
0.831764 1.20226 344.694 
0.831764 1.44544 416.875 
0.831764 1.7378 488.604 
0.831764 2.0893 559.816 
0.831764 2.51189 630.267 
0.831764 3.01995 697.715 
0.831764 3.63078 758.159 
0.831764 4.36516 807.912 
0.831764 5.24807 845.323 
0.831764 6.30957 870.865 
0.831764 7.58578 886.4 
0.831764 9.12011 894.523 
0.831764 10.9648 898.016 
0.831764 13.1826 899.216 
0.831764 15.8489 899.547 
0.831764 19.0546 899.623 
0.831764 22.9087 899.637 
0.831764 27.5423 899.639 
0.831764 33.1131 899.639 
0.831764 39.8107 899.639 
0.831764 47.863 899.639 
0.831764 57.544 899.639 
0.831764 69.1831 899.639 
0.831764 83.1764 899.639 
