0.0001 0.01 45.6302 
0.0001 0.0116591 45.6302 
0.0001 0.0135936 45.6302 
0.0001 0.0158489 45.6302 
0.0001 0.0184785 45.6302 
0.0001 0.0215443 45.6302 
0.0001 0.0251189 45.6302 
0.0001 0.0292864 45.6302 
0.0001 0.0341455 45.6301 
0.0001 0.0398107 45.6301 
0.0001 0.0464159 45.63 
0.0001 0.054117 45.63 
0.0001 0.0630957 45.6299 
0.0001 0.0735642 45.6297 
0.0001 0.0857696 45.6295 
0.0001 0.1 45.6293 
0.0001 0.116591 45.6289 
0.0001 0.135936 45.6284 
0.0001 0.158489 45.6278 
0.0001 0.184785 45.6269 
0.0001 0.215443 45.6257 
0.0001 0.251189 45.6241 
0.0001 0.292864 45.6219 
0.0001 0.341455 45.6189 
0.0001 0.398107 45.6148 
0.0001 0.464159 45.6093 
0.0001 0.54117 45.6019 
0.0001 0.630957 45.5918 
0.0001 0.735642 45.5783 
0.0001 0.857696 45.5602 
0.0001 1 45.5361 
0.0001 1.16591 45.5042 
0.0001 1.35936 45.4623 
0.0001 1.58489 45.408 
0.0001 1.84785 45.3388 
0.0001 2.15443 45.2525 
0.0001 2.51189 45.1478 
0.0001 2.92864 45.0254 
0.0001 3.41455 44.8891 
0.0001 3.98107 44.7461 
0.0001 4.64159 44.6069 
0.0001 5.4117 44.4834 
0.0001 6.30957 44.3856 
0.0001 7.35642 44.3179 
0.0001 8.57696 44.278 
0.0001 10 44.2587 
0.0001 11.6591 44.2512 
0.0001 13.5936 44.2489 
0.0001 15.8489 44.2484 
0.0001 18.4785 44.2483 
0.0001 21.5443 44.2482 
0.0001 25.1189 44.2482 
0.0001 29.2864 44.2482 
0.0001 34.1455 44.2482 
0.0001 39.8107 44.2482 
0.0001 46.4159 44.2482 
0.0001 54.117 44.2482 
0.0001 63.0957 44.2482 
0.0001 73.5642 44.2482 
0.0001 85.7696 44.2482 
0.0001 100 44.2482 
0.000116591 0.01 45.6302 
0.000116591 0.0116591 45.6302 
0.000116591 0.0135936 45.6302 
0.000116591 0.0158489 45.6302 
0.000116591 0.0184785 45.6302 
0.000116591 0.0215443 45.6302 
0.000116591 0.0251189 45.6302 
0.000116591 0.0292864 45.6302 
0.000116591 0.0341455 45.6301 
0.000116591 0.0398107 45.6301 
0.000116591 0.0464159 45.63 
0.000116591 0.054117 45.6299 
0.000116591 0.0630957 45.6298 
0.000116591 0.0735642 45.6296 
0.000116591 0.0857696 45.6294 
0.000116591 0.1 45.6291 
0.000116591 0.116591 45.6287 
0.000116591 0.135936 45.6281 
0.000116591 0.158489 45.6274 
0.000116591 0.184785 45.6263 
0.000116591 0.215443 45.6249 
0.000116591 0.251189 45.623 
0.000116591 0.292864 45.6205 
0.000116591 0.341455 45.617 
0.000116591 0.398107 45.6122 
0.000116591 0.464159 45.6058 
0.000116591 0.54117 45.5971 
0.000116591 0.630957 45.5854 
0.000116591 0.735642 45.5697 
0.000116591 0.857696 45.5486 
0.000116591 1 45.5205 
0.000116591 1.16591 45.4833 
0.000116591 1.35936 45.4345 
0.000116591 1.58489 45.3713 
0.000116591 1.84785 45.2907 
0.000116591 2.15443 45.1901 
0.000116591 2.51189 45.0683 
0.000116591 2.92864 44.926 
0.000116591 3.41455 44.7675 
0.000116591 3.98107 44.6013 
0.000116591 4.64159 44.4397 
0.000116591 5.4117 44.2965 
0.000116591 6.30957 44.1831 
0.000116591 7.35642 44.1046 
0.000116591 8.57696 44.0585 
0.000116591 10 44.0361 
0.000116591 11.6591 44.0274 
0.000116591 13.5936 44.0247 
0.000116591 15.8489 44.0241 
0.000116591 18.4785 44.024 
0.000116591 21.5443 44.024 
0.000116591 25.1189 44.024 
0.000116591 29.2864 44.024 
0.000116591 34.1455 44.024 
0.000116591 39.8107 44.024 
0.000116591 46.4159 44.024 
0.000116591 54.117 44.024 
0.000116591 63.0957 44.024 
0.000116591 73.5642 44.024 
0.000116591 85.7696 44.024 
0.000116591 100 44.024 
0.000135936 0.01 45.6302 
0.000135936 0.0116591 45.6302 
0.000135936 0.0135936 45.6302 
0.000135936 0.0158489 45.6302 
0.000135936 0.0184785 45.6302 
0.000135936 0.0215443 45.6302 
0.000135936 0.0251189 45.6302 
0.000135936 0.0292864 45.6301 
0.000135936 0.0341455 45.6301 
0.000135936 0.0398107 45.63 
0.000135936 0.0464159 45.63 
0.000135936 0.054117 45.6299 
0.000135936 0.0630957 45.6297 
0.000135936 0.0735642 45.6295 
0.000135936 0.0857696 45.6293 
0.000135936 0.1 45.6289 
0.000135936 0.116591 45.6284 
0.000135936 0.135936 45.6278 
0.000135936 0.158489 45.6269 
0.000135936 0.184785 45.6257 
0.000135936 0.215443 45.6241 
0.000135936 0.251189 45.6219 
0.000135936 0.292864 45.6188 
0.000135936 0.341455 45.6148 
0.000135936 0.398107 45.6092 
0.000135936 0.464159 45.6018 
0.000135936 0.54117 45.5916 
0.000135936 0.630957 45.578 
0.000135936 0.735642 45.5597 
0.000135936 0.857696 45.5351 
0.000135936 1 45.5024 
0.000135936 1.16591 45.459 
0.000135936 1.35936 45.4021 
0.000135936 1.58489 45.3285 
0.000135936 1.84785 45.2346 
0.000135936 2.15443 45.1176 
0.000135936 2.51189 44.9758 
0.000135936 2.92864 44.8103 
0.000135936 3.41455 44.6262 
0.000135936 3.98107 44.4333 
0.000135936 4.64159 44.2458 
0.000135936 5.4117 44.0798 
0.000135936 6.30957 43.9484 
0.000135936 7.35642 43.8576 
0.000135936 8.57696 43.8042 
0.000135936 10 43.7783 
0.000135936 11.6591 43.7682 
0.000135936 13.5936 43.7652 
0.000135936 15.8489 43.7645 
0.000135936 18.4785 43.7643 
0.000135936 21.5443 43.7643 
0.000135936 25.1189 43.7643 
0.000135936 29.2864 43.7643 
0.000135936 34.1455 43.7643 
0.000135936 39.8107 43.7643 
0.000135936 46.4159 43.7643 
0.000135936 54.117 43.7643 
0.000135936 63.0957 43.7643 
0.000135936 73.5642 43.7643 
0.000135936 85.7696 43.7643 
0.000135936 100 43.7643 
0.000158489 0.01 45.6302 
0.000158489 0.0116591 45.6302 
0.000158489 0.0135936 45.6302 
0.000158489 0.0158489 45.6302 
0.000158489 0.0184785 45.6302 
0.000158489 0.0215443 45.6302 
0.000158489 0.0251189 45.6302 
0.000158489 0.0292864 45.6301 
0.000158489 0.0341455 45.6301 
0.000158489 0.0398107 45.63 
0.000158489 0.0464159 45.6299 
0.000158489 0.054117 45.6298 
0.000158489 0.0630957 45.6296 
0.000158489 0.0735642 45.6294 
0.000158489 0.0857696 45.6291 
0.000158489 0.1 45.6287 
0.000158489 0.116591 45.6281 
0.000158489 0.135936 45.6274 
0.000158489 0.158489 45.6263 
0.000158489 0.184785 45.6249 
0.000158489 0.215443 45.623 
0.000158489 0.251189 45.6205 
0.000158489 0.292864 45.617 
0.000158489 0.341455 45.6122 
0.000158489 0.398107 45.6058 
0.000158489 0.464159 45.597 
0.000158489 0.54117 45.5852 
0.000158489 0.630957 45.5694 
0.000158489 0.735642 45.548 
0.000158489 0.857696 45.5193 
0.000158489 1 45.4812 
0.000158489 1.16591 45.4307 
0.000158489 1.35936 45.3644 
0.000158489 1.58489 45.2786 
0.000158489 1.84785 45.1693 
0.000158489 2.15443 45.0331 
0.000158489 2.51189 44.8682 
0.000158489 2.92864 44.6759 
0.000158489 3.41455 44.4621 
0.000158489 3.98107 44.2383 
0.000158489 4.64159 44.021 
0.000158489 5.4117 43.8288 
0.000158489 6.30957 43.6768 
0.000158489 7.35642 43.5719 
0.000158489 8.57696 43.5101 
0.000158489 10 43.4802 
0.000158489 11.6591 43.4686 
0.000158489 13.5936 43.465 
0.000158489 15.8489 43.4642 
0.000158489 18.4785 43.464 
0.000158489 21.5443 43.464 
0.000158489 25.1189 43.464 
0.000158489 29.2864 43.464 
0.000158489 34.1455 43.464 
0.000158489 39.8107 43.464 
0.000158489 46.4159 43.464 
0.000158489 54.117 43.464 
0.000158489 63.0957 43.464 
0.000158489 73.5642 43.464 
0.000158489 85.7696 43.464 
0.000158489 100 43.464 
0.000184785 0.01 45.6302 
0.000184785 0.0116591 45.6302 
0.000184785 0.0135936 45.6302 
0.000184785 0.0158489 45.6302 
0.000184785 0.0184785 45.6302 
0.000184785 0.0215443 45.6302 
0.000184785 0.0251189 45.6301 
0.000184785 0.0292864 45.6301 
0.000184785 0.0341455 45.63 
0.000184785 0.0398107 45.63 
0.000184785 0.0464159 45.6299 
0.000184785 0.054117 45.6297 
0.000184785 0.0630957 45.6295 
0.000184785 0.0735642 45.6293 
0.000184785 0.0857696 45.6289 
0.000184785 0.1 45.6284 
0.000184785 0.116591 45.6278 
0.000184785 0.135936 45.6269 
0.000184785 0.158489 45.6257 
0.000184785 0.184785 45.6241 
0.000184785 0.215443 45.6218 
0.000184785 0.251189 45.6188 
0.000184785 0.292864 45.6147 
0.000184785 0.341455 45.6092 
0.000184785 0.398107 45.6017 
0.000184785 0.464159 45.5915 
0.000184785 0.54117 45.5778 
0.000184785 0.630957 45.5593 
0.000184785 0.735642 45.5343 
0.000184785 0.857696 45.501 
0.000184785 1 45.4565 
0.000184785 1.16591 45.3976 
0.000184785 1.35936 45.3205 
0.000184785 1.58489 45.2205 
0.000184785 1.84785 45.0933 
0.000184785 2.15443 44.9349 
0.000184785 2.51189 44.7432 
0.000184785 2.92864 44.5198 
0.000184785 3.41455 44.2716 
0.000184785 3.98107 44.0122 
0.000184785 4.64159 43.7607 
0.000184785 5.4117 43.5384 
0.000184785 6.30957 43.3628 
0.000184785 7.35642 43.2416 
0.000184785 8.57696 43.1704 
0.000184785 10 43.1359 
0.000184785 11.6591 43.1225 
0.000184785 13.5936 43.1184 
0.000184785 15.8489 43.1174 
0.000184785 18.4785 43.1172 
0.000184785 21.5443 43.1172 
0.000184785 25.1189 43.1172 
0.000184785 29.2864 43.1172 
0.000184785 34.1455 43.1172 
0.000184785 39.8107 43.1172 
0.000184785 46.4159 43.1172 
0.000184785 54.117 43.1172 
0.000184785 63.0957 43.1172 
0.000184785 73.5642 43.1172 
0.000184785 85.7696 43.1172 
0.000184785 100 43.1172 
0.000215443 0.01 45.6302 
0.000215443 0.0116591 45.6302 
0.000215443 0.0135936 45.6302 
0.000215443 0.0158489 45.6302 
0.000215443 0.0184785 45.6302 
0.000215443 0.0215443 45.6302 
0.000215443 0.0251189 45.6301 
0.000215443 0.0292864 45.6301 
0.000215443 0.0341455 45.63 
0.000215443 0.0398107 45.6299 
0.000215443 0.0464159 45.6298 
0.000215443 0.054117 45.6296 
0.000215443 0.0630957 45.6294 
0.000215443 0.0735642 45.6291 
0.000215443 0.0857696 45.6287 
0.000215443 0.1 45.6281 
0.000215443 0.116591 45.6274 
0.000215443 0.135936 45.6263 
0.000215443 0.158489 45.6249 
0.000215443 0.184785 45.623 
0.000215443 0.215443 45.6205 
0.000215443 0.251189 45.6169 
0.000215443 0.292864 45.6122 
0.000215443 0.341455 45.6057 
0.000215443 0.398107 45.597 
0.000215443 0.464159 45.5851 
0.000215443 0.54117 45.5691 
0.000215443 0.630957 45.5475 
0.000215443 0.735642 45.5185 
0.000215443 0.857696 45.4796 
0.000215443 1 45.4277 
0.000215443 1.16591 45.3592 
0.000215443 1.35936 45.2693 
0.000215443 1.58489 45.153 
0.000215443 1.84785 45.0049 
0.000215443 2.15443 44.8207 
0.000215443 2.51189 44.598 
0.000215443 2.92864 44.3386 
0.000215443 3.41455 44.0508 
0.000215443 3.98107 43.7504 
0.000215443 4.64159 43.4595 
0.000215443 5.4117 43.2028 
0.000215443 6.30957 43.0003 
0.000215443 7.35642 42.8607 
0.000215443 8.57696 42.7787 
0.000215443 10 42.7389 
0.000215443 11.6591 42.7234 
0.000215443 13.5936 42.7187 
0.000215443 15.8489 42.7176 
0.000215443 18.4785 42.7174 
0.000215443 21.5443 42.7174 
0.000215443 25.1189 42.7173 
0.000215443 29.2864 42.7173 
0.000215443 34.1455 42.7173 
0.000215443 39.8107 42.7173 
0.000215443 46.4159 42.7173 
0.000215443 54.117 42.7173 
0.000215443 63.0957 42.7173 
0.000215443 73.5642 42.7173 
0.000215443 85.7696 42.7173 
0.000215443 100 42.7173 
0.000251189 0.01 45.6302 
0.000251189 0.0116591 45.6302 
0.000251189 0.0135936 45.6302 
0.000251189 0.0158489 45.6302 
0.000251189 0.0184785 45.6302 
0.000251189 0.0215443 45.6301 
0.000251189 0.0251189 45.6301 
0.000251189 0.0292864 45.63 
0.000251189 0.0341455 45.63 
0.000251189 0.0398107 45.6299 
0.000251189 0.0464159 45.6297 
0.000251189 0.054117 45.6295 
0.000251189 0.0630957 45.6293 
0.000251189 0.0735642 45.6289 
0.000251189 0.0857696 45.6284 
0.000251189 0.1 45.6278 
0.000251189 0.116591 45.6269 
0.000251189 0.135936 45.6257 
0.000251189 0.158489 45.6241 
0.000251189 0.184785 45.6218 
0.000251189 0.215443 45.6188 
0.000251189 0.251189 45.6147 
0.000251189 0.292864 45.6092 
0.000251189 0.341455 45.6016 
0.000251189 0.398107 45.5914 
0.000251189 0.464159 45.5776 
0.000251189 0.54117 45.559 
0.000251189 0.630957 45.5338 
0.000251189 0.735642 45.4999 
0.000251189 0.857696 45.4546 
0.000251189 1 45.3942 
0.000251189 1.16591 45.3144 
0.000251189 1.35936 45.2097 
0.000251189 1.58489 45.0743 
0.000251189 1.84785 44.9021 
0.000251189 2.15443 44.688 
0.000251189 2.51189 44.4293 
0.000251189 2.92864 44.1284 
0.000251189 3.41455 43.7951 
0.000251189 3.98107 43.4475 
0.000251189 4.64159 43.1116 
0.000251189 5.4117 42.8156 
0.000251189 6.30957 42.5825 
0.000251189 7.35642 42.4219 
0.000251189 8.57696 42.3277 
0.000251189 10 42.282 
0.000251189 11.6591 42.2642 
0.000251189 13.5936 42.2588 
0.000251189 15.8489 42.2576 
0.000251189 18.4785 42.2573 
0.000251189 21.5443 42.2573 
0.000251189 25.1189 42.2572 
0.000251189 29.2864 42.2572 
0.000251189 34.1455 42.2572 
0.000251189 39.8107 42.2572 
0.000251189 46.4159 42.2572 
0.000251189 54.117 42.2572 
0.000251189 63.0957 42.2572 
0.000251189 73.5642 42.2572 
0.000251189 85.7696 42.2572 
0.000251189 100 42.2572 
0.000292864 0.01 45.6302 
0.000292864 0.0116591 45.6302 
0.000292864 0.0135936 45.6302 
0.000292864 0.0158489 45.6302 
0.000292864 0.0184785 45.6302 
0.000292864 0.0215443 45.6301 
0.000292864 0.0251189 45.6301 
0.000292864 0.0292864 45.63 
0.000292864 0.0341455 45.6299 
0.000292864 0.0398107 45.6298 
0.000292864 0.0464159 45.6296 
0.000292864 0.054117 45.6294 
0.000292864 0.0630957 45.6291 
0.000292864 0.0735642 45.6287 
0.000292864 0.0857696 45.6281 
0.000292864 0.1 45.6274 
0.000292864 0.116591 45.6263 
0.000292864 0.135936 45.6249 
0.000292864 0.158489 45.623 
0.000292864 0.184785 45.6204 
0.000292864 0.215443 45.6169 
0.000292864 0.251189 45.6122 
0.000292864 0.292864 45.6057 
0.000292864 0.341455 45.5969 
0.000292864 0.398107 45.585 
0.000292864 0.464159 45.5689 
0.000292864 0.54117 45.5471 
0.000292864 0.630957 45.5178 
0.000292864 0.735642 45.4784 
0.000292864 0.857696 45.4255 
0.000292864 1 45.3552 
0.000292864 1.16591 45.2622 
0.000292864 1.35936 45.1403 
0.000292864 1.58489 44.9828 
0.000292864 1.84785 44.7826 
0.000292864 2.15443 44.5338 
0.000292864 2.51189 44.2336 
0.000292864 2.92864 43.8848 
0.000292864 3.41455 43.4991 
0.000292864 3.98107 43.0976 
0.000292864 4.64159 42.7103 
0.000292864 5.4117 42.3698 
0.000292864 6.30957 42.102 
0.000292864 7.35642 41.9178 
0.000292864 8.57696 41.8098 
0.000292864 10 41.7574 
0.000292864 11.6591 41.7371 
0.000292864 13.5936 41.7309 
0.000292864 15.8489 41.7294 
0.000292864 18.4785 41.7291 
0.000292864 21.5443 41.7291 
0.000292864 25.1189 41.729 
0.000292864 29.2864 41.729 
0.000292864 34.1455 41.729 
0.000292864 39.8107 41.729 
0.000292864 46.4159 41.729 
0.000292864 54.117 41.729 
0.000292864 63.0957 41.729 
0.000292864 73.5642 41.729 
0.000292864 85.7696 41.729 
0.000292864 100 41.729 
0.000341455 0.01 45.6302 
0.000341455 0.0116591 45.6302 
0.000341455 0.0135936 45.6302 
0.000341455 0.0158489 45.6302 
0.000341455 0.0184785 45.6301 
0.000341455 0.0215443 45.6301 
0.000341455 0.0251189 45.63 
0.000341455 0.0292864 45.63 
0.000341455 0.0341455 45.6299 
0.000341455 0.0398107 45.6297 
0.000341455 0.0464159 45.6295 
0.000341455 0.054117 45.6293 
0.000341455 0.0630957 45.6289 
0.000341455 0.0735642 45.6284 
0.000341455 0.0857696 45.6278 
0.000341455 0.1 45.6269 
0.000341455 0.116591 45.6257 
0.000341455 0.135936 45.6241 
0.000341455 0.158489 45.6218 
0.000341455 0.184785 45.6188 
0.000341455 0.215443 45.6147 
0.000341455 0.251189 45.6092 
0.000341455 0.292864 45.6016 
0.000341455 0.341455 45.5914 
0.000341455 0.398107 45.5775 
0.000341455 0.464159 45.5587 
0.000341455 0.54117 45.5334 
0.000341455 0.630957 45.4992 
0.000341455 0.735642 45.4532 
0.000341455 0.857696 45.3917 
0.000341455 1 45.3097 
0.000341455 1.16591 45.2014 
0.000341455 1.35936 45.0596 
0.000341455 1.58489 44.8764 
0.000341455 1.84785 44.6437 
0.000341455 2.15443 44.3548 
0.000341455 2.51189 44.0066 
0.000341455 2.92864 43.6029 
0.000341455 3.41455 43.157 
0.000341455 3.98107 42.694 
0.000341455 4.64159 42.2484 
0.000341455 5.4117 41.8575 
0.000341455 6.30957 41.5507 
0.000341455 7.35642 41.3401 
0.000341455 8.57696 41.2167 
0.000341455 10 41.1569 
0.000341455 11.6591 41.1336 
0.000341455 13.5936 41.1265 
0.000341455 15.8489 41.1248 
0.000341455 18.4785 41.1245 
0.000341455 21.5443 41.1244 
0.000341455 25.1189 41.1244 
0.000341455 29.2864 41.1244 
0.000341455 34.1455 41.1244 
0.000341455 39.8107 41.1244 
0.000341455 46.4159 41.1244 
0.000341455 54.117 41.1244 
0.000341455 63.0957 41.1244 
0.000341455 73.5642 41.1244 
0.000341455 85.7696 41.1244 
0.000341455 100 41.1244 
0.000398107 0.01 45.6302 
0.000398107 0.0116591 45.6302 
0.000398107 0.0135936 45.6302 
0.000398107 0.0158489 45.6302 
0.000398107 0.0184785 45.6301 
0.000398107 0.0215443 45.6301 
0.000398107 0.0251189 45.63 
0.000398107 0.0292864 45.6299 
0.000398107 0.0341455 45.6298 
0.000398107 0.0398107 45.6296 
0.000398107 0.0464159 45.6294 
0.000398107 0.054117 45.6291 
0.000398107 0.0630957 45.6287 
0.000398107 0.0735642 45.6281 
0.000398107 0.0857696 45.6274 
0.000398107 0.1 45.6263 
0.000398107 0.116591 45.6249 
0.000398107 0.135936 45.623 
0.000398107 0.158489 45.6204 
0.000398107 0.184785 45.6169 
0.000398107 0.215443 45.6121 
0.000398107 0.251189 45.6057 
0.000398107 0.292864 45.5969 
0.000398107 0.341455 45.5849 
0.000398107 0.398107 45.5687 
0.000398107 0.464159 45.5469 
0.000398107 0.54117 45.5173 
0.000398107 0.630957 45.4775 
0.000398107 0.735642 45.4239 
0.000398107 0.857696 45.3522 
0.000398107 1 45.2568 
0.000398107 1.16591 45.1307 
0.000398107 1.35936 44.9657 
0.000398107 1.58489 44.7527 
0.000398107 1.84785 44.4824 
0.000398107 2.15443 44.1471 
0.000398107 2.51189 43.7437 
0.000398107 2.92864 43.2768 
0.000398107 3.41455 42.7623 
0.000398107 3.98107 42.2294 
0.000398107 4.64159 41.7178 
0.000398107 5.4117 41.2703 
0.000398107 6.30957 40.9201 
0.000398107 7.35642 40.68 
0.000398107 8.57696 40.5396 
0.000398107 10 40.4715 
0.000398107 11.6591 40.445 
0.000398107 13.5936 40.4369 
0.000398107 15.8489 40.435 
0.000398107 18.4785 40.4346 
0.000398107 21.5443 40.4345 
0.000398107 25.1189 40.4345 
0.000398107 29.2864 40.4345 
0.000398107 34.1455 40.4345 
0.000398107 39.8107 40.4345 
0.000398107 46.4159 40.4345 
0.000398107 54.117 40.4345 
0.000398107 63.0957 40.4345 
0.000398107 73.5642 40.4345 
0.000398107 85.7696 40.4345 
0.000398107 100 40.4345 
0.000464159 0.01 45.6302 
0.000464159 0.0116591 45.6302 
0.000464159 0.0135936 45.6302 
0.000464159 0.0158489 45.6301 
0.000464159 0.0184785 45.6301 
0.000464159 0.0215443 45.63 
0.000464159 0.0251189 45.63 
0.000464159 0.0292864 45.6299 
0.000464159 0.0341455 45.6297 
0.000464159 0.0398107 45.6295 
0.000464159 0.0464159 45.6293 
0.000464159 0.054117 45.6289 
0.000464159 0.0630957 45.6284 
0.000464159 0.0735642 45.6278 
0.000464159 0.0857696 45.6269 
0.000464159 0.1 45.6257 
0.000464159 0.116591 45.6241 
0.000464159 0.135936 45.6218 
0.000464159 0.158489 45.6188 
0.000464159 0.184785 45.6147 
0.000464159 0.215443 45.6091 
0.000464159 0.251189 45.6016 
0.000464159 0.292864 45.5913 
0.000464159 0.341455 45.5774 
0.000464159 0.398107 45.5586 
0.000464159 0.464159 45.533 
0.000464159 0.54117 45.4986 
0.000464159 0.630957 45.4522 
0.000464159 0.735642 45.3898 
0.000464159 0.857696 45.3063 
0.000464159 1 45.1952 
0.000464159 1.16591 45.0484 
0.000464159 1.35936 44.8565 
0.000464159 1.58489 44.6089 
0.000464159 1.84785 44.2951 
0.000464159 2.15443 43.9064 
0.000464159 2.51189 43.4396 
0.000464159 2.92864 42.9003 
0.000464159 3.41455 42.3077 
0.000464159 3.98107 41.6956 
0.000464159 4.64159 41.1101 
0.000464159 5.4117 40.5996 
0.000464159 6.30957 40.2011 
0.000464159 7.35642 39.9288 
0.000464159 8.57696 39.7697 
0.000464159 10 39.6925 
0.000464159 11.6591 39.6625 
0.000464159 13.5936 39.6533 
0.000464159 15.8489 39.651 
0.000464159 18.4785 39.6506 
0.000464159 21.5443 39.6505 
0.000464159 25.1189 39.6505 
0.000464159 29.2864 39.6505 
0.000464159 34.1455 39.6505 
0.000464159 39.8107 39.6505 
0.000464159 46.4159 39.6505 
0.000464159 54.117 39.6505 
0.000464159 63.0957 39.6505 
0.000464159 73.5642 39.6505 
0.000464159 85.7696 39.6505 
0.000464159 100 39.6505 
0.00054117 0.01 45.6302 
0.00054117 0.0116591 45.6302 
0.00054117 0.0135936 45.6302 
0.00054117 0.0158489 45.6301 
0.00054117 0.0184785 45.6301 
0.00054117 0.0215443 45.63 
0.00054117 0.0251189 45.6299 
0.00054117 0.0292864 45.6298 
0.00054117 0.0341455 45.6296 
0.00054117 0.0398107 45.6294 
0.00054117 0.0464159 45.6291 
0.00054117 0.054117 45.6287 
0.00054117 0.0630957 45.6281 
0.00054117 0.0735642 45.6274 
0.00054117 0.0857696 45.6263 
0.00054117 0.1 45.6249 
0.00054117 0.116591 45.623 
0.00054117 0.135936 45.6204 
0.00054117 0.158489 45.6169 
0.00054117 0.184785 45.6121 
0.00054117 0.215443 45.6056 
0.00054117 0.251189 45.5968 
0.00054117 0.292864 45.5849 
0.00054117 0.341455 45.5686 
0.00054117 0.398107 45.5467 
0.00054117 0.464159 45.5169 
0.00054117 0.54117 45.4768 
0.00054117 0.630957 45.4227 
0.00054117 0.735642 45.35 
0.00054117 0.857696 45.2528 
0.00054117 1 45.1234 
0.00054117 1.16591 44.9527 
0.00054117 1.35936 44.7296 
0.00054117 1.58489 44.442 
0.00054117 1.84785 44.0779 
0.00054117 2.15443 43.6277 
0.00054117 2.51189 43.0881 
0.00054117 2.92864 42.4664 
0.00054117 3.41455 41.7852 
0.00054117 3.98107 41.0842 
0.00054117 4.64159 40.4162 
0.00054117 5.4117 39.8361 
0.00054117 6.30957 39.3851 
0.00054117 7.35642 39.0776 
0.00054117 8.57696 38.8983 
0.00054117 10 38.8114 
0.00054117 11.6591 38.7775 
0.00054117 13.5936 38.7671 
0.00054117 15.8489 38.7646 
0.00054117 18.4785 38.7641 
0.00054117 21.5443 38.764 
0.00054117 25.1189 38.7639 
0.00054117 29.2864 38.7639 
0.00054117 34.1455 38.7639 
0.00054117 39.8107 38.7639 
0.00054117 46.4159 38.7639 
0.00054117 54.117 38.7639 
0.00054117 63.0957 38.7639 
0.00054117 73.5642 38.7639 
0.00054117 85.7696 38.7639 
0.00054117 100 38.7639 
0.000630957 0.01 45.6302 
0.000630957 0.0116591 45.6302 
0.000630957 0.0135936 45.6301 
0.000630957 0.0158489 45.6301 
0.000630957 0.0184785 45.63 
0.000630957 0.0215443 45.63 
0.000630957 0.0251189 45.6299 
0.000630957 0.0292864 45.6297 
0.000630957 0.0341455 45.6295 
0.000630957 0.0398107 45.6293 
0.000630957 0.0464159 45.6289 
0.000630957 0.054117 45.6284 
0.000630957 0.0630957 45.6278 
0.000630957 0.0735642 45.6269 
0.000630957 0.0857696 45.6257 
0.000630957 0.1 45.6241 
0.000630957 0.116591 45.6218 
0.000630957 0.135936 45.6188 
0.000630957 0.158489 45.6147 
0.000630957 0.184785 45.6091 
0.000630957 0.215443 45.6016 
0.000630957 0.251189 45.5913 
0.000630957 0.292864 45.5773 
0.000630957 0.341455 45.5584 
0.000630957 0.398107 45.5328 
0.000630957 0.464159 45.4982 
0.000630957 0.54117 45.4514 
0.000630957 0.630957 45.3883 
0.000630957 0.735642 45.3037 
0.000630957 0.857696 45.1905 
0.000630957 1 45.04 
0.000630957 1.16591 44.8414 
0.000630957 1.35936 44.5821 
0.000630957 1.58489 44.2482 
0.000630957 1.84785 43.8262 
0.000630957 2.15443 43.3054 
0.000630957 2.51189 42.6826 
0.000630957 2.92864 41.9672 
0.000630957 3.41455 41.1862 
0.000630957 3.98107 40.386 
0.000630957 4.64159 39.6271 
0.000630957 5.4117 38.9711 
0.000630957 6.30957 38.4634 
0.000630957 7.35642 38.1185 
0.000630957 8.57696 37.9179 
0.000630957 10 37.8207 
0.000630957 11.6591 37.7827 
0.000630957 13.5936 37.771 
0.000630957 15.8489 37.7681 
0.000630957 18.4785 37.7675 
0.000630957 21.5443 37.7674 
0.000630957 25.1189 37.7674 
0.000630957 29.2864 37.7674 
0.000630957 34.1455 37.7674 
0.000630957 39.8107 37.7674 
0.000630957 46.4159 37.7674 
0.000630957 54.117 37.7674 
0.000630957 63.0957 37.7674 
0.000630957 73.5642 37.7674 
0.000630957 85.7696 37.7674 
0.000630957 100 37.7674 
0.000735642 0.01 45.6302 
0.000735642 0.0116591 45.6302 
0.000735642 0.0135936 45.6301 
0.000735642 0.0158489 45.6301 
0.000735642 0.0184785 45.63 
0.000735642 0.0215443 45.6299 
0.000735642 0.0251189 45.6298 
0.000735642 0.0292864 45.6296 
0.000735642 0.0341455 45.6294 
0.000735642 0.0398107 45.6291 
0.000735642 0.0464159 45.6287 
0.000735642 0.054117 45.6281 
0.000735642 0.0630957 45.6274 
0.000735642 0.0735642 45.6263 
0.000735642 0.0857696 45.6249 
0.000735642 0.1 45.623 
0.000735642 0.116591 45.6204 
0.000735642 0.135936 45.6169 
0.000735642 0.158489 45.6121 
0.000735642 0.184785 45.6056 
0.000735642 0.215443 45.5968 
0.000735642 0.251189 45.5848 
0.000735642 0.292864 45.5686 
0.000735642 0.341455 45.5465 
0.000735642 0.398107 45.5167 
0.000735642 0.464159 45.4763 
0.000735642 0.54117 45.4218 
0.000735642 0.630957 45.3484 
0.000735642 0.735642 45.2498 
0.000735642 0.857696 45.118 
0.000735642 1 44.9428 
0.000735642 1.16591 44.712 
0.000735642 1.35936 44.4108 
0.000735642 1.58489 44.0236 
0.000735642 1.84785 43.5348 
0.000735642 2.15443 42.9331 
0.000735642 2.51189 42.2156 
0.000735642 2.92864 41.3943 
0.000735642 3.41455 40.5018 
0.000735642 3.98107 39.5919 
0.000735642 4.64159 38.7338 
0.000735642 5.4117 37.9965 
0.000735642 6.30957 37.429 
0.000735642 7.35642 37.0452 
0.000735642 8.57696 36.8225 
0.000735642 10 36.7147 
0.000735642 11.6591 36.6724 
0.000735642 13.5936 36.6594 
0.000735642 15.8489 36.6561 
0.000735642 18.4785 36.6555 
0.000735642 21.5443 36.6553 
0.000735642 25.1189 36.6553 
0.000735642 29.2864 36.6553 
0.000735642 34.1455 36.6553 
0.000735642 39.8107 36.6553 
0.000735642 46.4159 36.6553 
0.000735642 54.117 36.6553 
0.000735642 63.0957 36.6553 
0.000735642 73.5642 36.6553 
0.000735642 85.7696 36.6553 
0.000735642 100 36.6553 
0.000857696 0.01 45.6302 
0.000857696 0.0116591 45.6301 
0.000857696 0.0135936 45.6301 
0.000857696 0.0158489 45.63 
0.000857696 0.0184785 45.63 
0.000857696 0.0215443 45.6299 
0.000857696 0.0251189 45.6297 
0.000857696 0.0292864 45.6295 
0.000857696 0.0341455 45.6293 
0.000857696 0.0398107 45.6289 
0.000857696 0.0464159 45.6284 
0.000857696 0.054117 45.6278 
0.000857696 0.0630957 45.6269 
0.000857696 0.0735642 45.6257 
0.000857696 0.0857696 45.6241 
0.000857696 0.1 45.6218 
0.000857696 0.116591 45.6188 
0.000857696 0.135936 45.6147 
0.000857696 0.158489 45.6091 
0.000857696 0.184785 45.6015 
0.000857696 0.215443 45.5913 
0.000857696 0.251189 45.5773 
0.000857696 0.292864 45.5583 
0.000857696 0.341455 45.5326 
0.000857696 0.398107 45.4979 
0.000857696 0.464159 45.4508 
0.000857696 0.54117 45.3873 
0.000857696 0.630957 45.3018 
0.000857696 0.735642 45.187 
0.000857696 0.857696 45.0336 
0.000857696 1 44.8299 
0.000857696 1.16591 44.5616 
0.000857696 1.35936 44.2121 
0.000857696 1.58489 43.7633 
0.000857696 1.84785 43.198 
0.000857696 2.15443 42.5039 
0.000857696 2.51189 41.6789 
0.000857696 2.92864 40.7388 
0.000857696 3.41455 39.7224 
0.000857696 3.98107 38.6927 
0.000857696 4.64159 37.7283 
0.000857696 5.4117 36.9058 
0.000857696 6.30957 36.277 
0.000857696 7.35642 35.8541 
0.000857696 8.57696 35.6096 
0.000857696 10 35.4912 
0.000857696 11.6591 35.4447 
0.000857696 13.5936 35.4303 
0.000857696 15.8489 35.4266 
0.000857696 18.4785 35.4259 
0.000857696 21.5443 35.4257 
0.000857696 25.1189 35.4257 
0.000857696 29.2864 35.4257 
0.000857696 34.1455 35.4257 
0.000857696 39.8107 35.4257 
0.000857696 46.4159 35.4257 
0.000857696 54.117 35.4257 
0.000857696 63.0957 35.4257 
0.000857696 73.5642 35.4257 
0.000857696 85.7696 35.4257 
0.000857696 100 35.4257 
0.001 0.01 45.6302 
0.001 0.0116591 45.6301 
0.001 0.0135936 45.6301 
0.001 0.0158489 45.63 
0.001 0.0184785 45.6299 
0.001 0.0215443 45.6298 
0.001 0.0251189 45.6296 
0.001 0.0292864 45.6294 
0.001 0.0341455 45.6291 
0.001 0.0398107 45.6287 
0.001 0.0464159 45.6281 
0.001 0.054117 45.6274 
0.001 0.0630957 45.6263 
0.001 0.0735642 45.6249 
0.001 0.0857696 45.623 
0.001 0.1 45.6204 
0.001 0.116591 45.6169 
0.001 0.135936 45.6121 
0.001 0.158489 45.6056 
0.001 0.184785 45.5968 
0.001 0.215443 45.5848 
0.001 0.251189 45.5685 
0.001 0.292864 45.5464 
0.001 0.341455 45.5165 
0.001 0.398107 45.4759 
0.001 0.464159 45.4211 
0.001 0.54117 45.3471 
0.001 0.630957 45.2475 
0.001 0.735642 45.1139 
0.001 0.857696 44.9354 
0.001 1 44.6986 
0.001 1.16591 44.387 
0.001 1.35936 43.9816 
0.001 1.58489 43.462 
0.001 1.84785 42.8091 
0.001 2.15443 42.0099 
0.001 2.51189 41.0639 
0.001 2.92864 39.9913 
0.001 3.41455 38.839 
0.001 3.98107 37.6804 
0.001 4.64159 36.6047 
0.001 5.4117 35.6954 
0.001 6.30957 35.0064 
0.001 7.35642 34.5463 
0.001 8.57696 34.2813 
0.001 10 34.1532 
0.001 11.6591 34.1027 
0.001 13.5936 34.0869 
0.001 15.8489 34.0829 
0.001 18.4785 34.082 
0.001 21.5443 34.0818 
0.001 25.1189 34.0818 
0.001 29.2864 34.0818 
0.001 34.1455 34.0818 
0.001 39.8107 34.0818 
0.001 46.4159 34.0818 
0.001 54.117 34.0818 
0.001 63.0957 34.0818 
0.001 73.5642 34.0818 
0.001 85.7696 34.0818 
0.001 100 34.0818 
0.00116591 0.01 45.6301 
0.00116591 0.0116591 45.6301 
0.00116591 0.0135936 45.63 
0.00116591 0.0158489 45.63 
0.00116591 0.0184785 45.6299 
0.00116591 0.0215443 45.6297 
0.00116591 0.0251189 45.6295 
0.00116591 0.0292864 45.6293 
0.00116591 0.0341455 45.6289 
0.00116591 0.0398107 45.6284 
0.00116591 0.0464159 45.6278 
0.00116591 0.054117 45.6269 
0.00116591 0.0630957 45.6257 
0.00116591 0.0735642 45.6241 
0.00116591 0.0857696 45.6218 
0.00116591 0.1 45.6188 
0.00116591 0.116591 45.6147 
0.00116591 0.135936 45.6091 
0.00116591 0.158489 45.6015 
0.00116591 0.184785 45.5912 
0.00116591 0.215443 45.5772 
0.00116591 0.251189 45.5583 
0.00116591 0.292864 45.5325 
0.00116591 0.341455 45.4976 
0.00116591 0.398107 45.4504 
0.00116591 0.464159 45.3865 
0.00116591 0.54117 45.3003 
0.00116591 0.630957 45.1844 
0.00116591 0.735642 45.0288 
0.00116591 0.857696 44.8213 
0.00116591 1 44.5461 
0.00116591 1.16591 44.1845 
0.00116591 1.35936 43.7147 
0.00116591 1.58489 43.1138 
0.00116591 1.84785 42.361 
0.00116591 2.15443 41.4428 
0.00116591 2.51189 40.3612 
0.00116591 2.92864 39.1424 
0.00116591 3.41455 37.8431 
0.00116591 3.98107 36.5488 
0.00116591 4.64159 35.3599 
0.00116591 5.4117 34.3665 
0.00116591 6.30957 33.6221 
0.00116591 7.35642 33.1296 
0.00116591 8.57696 32.8476 
0.00116591 10 32.7114 
0.00116591 11.6591 32.6575 
0.00116591 13.5936 32.6404 
0.00116591 15.8489 32.6359 
0.00116591 18.4785 32.6349 
0.00116591 21.5443 32.6347 
0.00116591 25.1189 32.6347 
0.00116591 29.2864 32.6347 
0.00116591 34.1455 32.6347 
0.00116591 39.8107 32.6347 
0.00116591 46.4159 32.6347 
0.00116591 54.117 32.6347 
0.00116591 63.0957 32.6347 
0.00116591 73.5642 32.6347 
0.00116591 85.7696 32.6347 
0.00116591 100 32.6347 
0.00135936 0.01 45.6301 
0.00135936 0.0116591 45.6301 
0.00135936 0.0135936 45.63 
0.00135936 0.0158489 45.6299 
0.00135936 0.0184785 45.6298 
0.00135936 0.0215443 45.6296 
0.00135936 0.0251189 45.6294 
0.00135936 0.0292864 45.6291 
0.00135936 0.0341455 45.6287 
0.00135936 0.0398107 45.6281 
0.00135936 0.0464159 45.6274 
0.00135936 0.054117 45.6263 
0.00135936 0.0630957 45.6249 
0.00135936 0.0735642 45.623 
0.00135936 0.0857696 45.6204 
0.00135936 0.1 45.6169 
0.00135936 0.116591 45.6121 
0.00135936 0.135936 45.6056 
0.00135936 0.158489 45.5968 
0.00135936 0.184785 45.5848 
0.00135936 0.215443 45.5685 
0.00135936 0.251189 45.5463 
0.00135936 0.292864 45.5163 
0.00135936 0.341455 45.4757 
0.00135936 0.398107 45.4206 
0.00135936 0.464159 45.3462 
0.00135936 0.54117 45.2459 
0.00135936 0.630957 45.1109 
0.00135936 0.735642 44.9299 
0.00135936 0.857696 44.6886 
0.00135936 1 44.3691 
0.00135936 1.16591 43.9496 
0.00135936 1.35936 43.4058 
0.00135936 1.58489 42.712 
0.00135936 1.84785 41.8456 
0.00135936 2.15443 40.7935 
0.00135936 2.51189 39.5613 
0.00135936 2.92864 38.1832 
0.00135936 3.41455 36.7278 
0.00135936 3.98107 35.2947 
0.00135936 4.64159 33.996 
0.00135936 5.4117 32.9271 
0.00135936 6.30957 32.1378 
0.00135936 7.35642 31.6221 
0.00135936 8.57696 31.3291 
0.00135936 10 31.1878 
0.00135936 11.6591 31.1314 
0.00135936 13.5936 31.1133 
0.00135936 15.8489 31.1085 
0.00135936 18.4785 31.1074 
0.00135936 21.5443 31.1071 
0.00135936 25.1189 31.1071 
0.00135936 29.2864 31.1071 
0.00135936 34.1455 31.1071 
0.00135936 39.8107 31.1071 
0.00135936 46.4159 31.1071 
0.00135936 54.117 31.1071 
0.00135936 63.0957 31.1071 
0.00135936 73.5642 31.1071 
0.00135936 85.7696 31.1071 
0.00135936 100 31.1071 
0.00158489 0.01 45.6301 
0.00158489 0.0116591 45.63 
0.00158489 0.0135936 45.63 
0.00158489 0.0158489 45.6299 
0.00158489 0.0184785 45.6297 
0.00158489 0.0215443 45.6295 
0.00158489 0.0251189 45.6293 
0.00158489 0.0292864 45.6289 
0.00158489 0.0341455 45.6284 
0.00158489 0.0398107 45.6278 
0.00158489 0.0464159 45.6269 
0.00158489 0.054117 45.6257 
0.00158489 0.0630957 45.6241 
0.00158489 0.0735642 45.6218 
0.00158489 0.0857696 45.6188 
0.00158489 0.1 45.6147 
0.00158489 0.116591 45.6091 
0.00158489 0.135936 45.6015 
0.00158489 0.158489 45.5912 
0.00158489 0.184785 45.5772 
0.00158489 0.215443 45.5582 
0.00158489 0.251189 45.5324 
0.00158489 0.292864 45.4975 
0.00158489 0.341455 45.4501 
0.00158489 0.398107 45.3859 
0.00158489 0.464159 45.2993 
0.00158489 0.54117 45.1824 
0.00158489 0.630957 45.0253 
0.00158489 0.735642 44.8149 
0.00158489 0.857696 44.5345 
0.00158489 1 44.1636 
0.00158489 1.16591 43.6776 
0.00158489 1.35936 43.0489 
0.00158489 1.58489 42.2491 
0.00158489 1.84785 41.2543 
0.00158489 2.15443 40.0526 
0.00158489 2.51189 38.655 
0.00158489 2.92864 37.106 
0.00158489 3.41455 35.4891 
0.00158489 3.98107 33.92 
0.00158489 4.64159 32.5229 
0.00158489 5.4117 31.3954 
0.00158489 6.30957 30.5797 
0.00158489 7.35642 30.056 
0.00158489 8.57696 29.7618 
0.00158489 10 29.6201 
0.00158489 11.6591 29.5631 
0.00158489 13.5936 29.5443 
0.00158489 15.8489 29.5392 
0.00158489 18.4785 29.5379 
0.00158489 21.5443 29.5376 
0.00158489 25.1189 29.5376 
0.00158489 29.2864 29.5376 
0.00158489 34.1455 29.5376 
0.00158489 39.8107 29.5376 
0.00158489 46.4159 29.5376 
0.00158489 54.117 29.5376 
0.00158489 63.0957 29.5376 
0.00158489 73.5642 29.5376 
0.00158489 85.7696 29.5376 
0.00158489 100 29.5376 
0.00184785 0.01 45.6301 
0.00184785 0.0116591 45.63 
0.00184785 0.0135936 45.6299 
0.00184785 0.0158489 45.6298 
0.00184785 0.0184785 45.6296 
0.00184785 0.0215443 45.6294 
0.00184785 0.0251189 45.6291 
0.00184785 0.0292864 45.6287 
0.00184785 0.0341455 45.6281 
0.00184785 0.0398107 45.6274 
0.00184785 0.0464159 45.6263 
0.00184785 0.054117 45.6249 
0.00184785 0.0630957 45.623 
0.00184785 0.0735642 45.6204 
0.00184785 0.0857696 45.6169 
0.00184785 0.1 45.6121 
0.00184785 0.116591 45.6056 
0.00184785 0.135936 45.5968 
0.00184785 0.158489 45.5847 
0.00184785 0.184785 45.5684 
0.00184785 0.215443 45.5463 
0.00184785 0.251189 45.5162 
0.00184785 0.292864 45.4755 
0.00184785 0.341455 45.4203 
0.00184785 0.398107 45.3455 
0.00184785 0.464159 45.2446 
0.00184785 0.54117 45.1086 
0.00184785 0.630957 44.9258 
0.00184785 0.735642 44.6812 
0.00184785 0.857696 44.3556 
0.00184785 1 43.9255 
0.00184785 1.16591 43.363 
0.00184785 1.35936 42.6371 
0.00184785 1.58489 41.717 
0.00184785 1.84785 40.5779 
0.00184785 2.15443 39.2106 
0.00184785 2.51189 37.6337 
0.00184785 2.92864 35.9054 
0.00184785 3.41455 34.1275 
0.00184785 3.98107 32.4342 
0.00184785 4.64159 30.9612 
0.00184785 5.4117 29.8045 
0.00184785 6.30957 28.9916 
0.00184785 7.35642 28.4834 
0.00184785 8.57696 28.2027 
0.00184785 10 28.0677 
0.00184785 11.6591 28.0126 
0.00184785 13.5936 27.9939 
0.00184785 15.8489 27.9885 
0.00184785 18.4785 27.9871 
0.00184785 21.5443 27.9868 
0.00184785 25.1189 27.9867 
0.00184785 29.2864 27.9867 
0.00184785 34.1455 27.9867 
0.00184785 39.8107 27.9867 
0.00184785 46.4159 27.9867 
0.00184785 54.117 27.9867 
0.00184785 63.0957 27.9867 
0.00184785 73.5642 27.9867 
0.00184785 85.7696 27.9867 
0.00184785 100 27.9867 
0.00215443 0.01 45.63 
0.00215443 0.0116591 45.63 
0.00215443 0.0135936 45.6299 
0.00215443 0.0158489 45.6297 
0.00215443 0.0184785 45.6295 
0.00215443 0.0215443 45.6293 
0.00215443 0.0251189 45.6289 
0.00215443 0.0292864 45.6284 
0.00215443 0.0341455 45.6278 
0.00215443 0.0398107 45.6269 
0.00215443 0.0464159 45.6257 
0.00215443 0.054117 45.6241 
0.00215443 0.0630957 45.6218 
0.00215443 0.0735642 45.6188 
0.00215443 0.0857696 45.6147 
0.00215443 0.1 45.6091 
0.00215443 0.116591 45.6015 
0.00215443 0.135936 45.5912 
0.00215443 0.158489 45.5772 
0.00215443 0.184785 45.5582 
0.00215443 0.215443 45.5324 
0.00215443 0.251189 45.4973 
0.00215443 0.292864 45.4498 
0.00215443 0.341455 45.3855 
0.00215443 0.398107 45.2985 
0.00215443 0.464159 45.181 
0.00215443 0.54117 45.0227 
0.00215443 0.630957 44.8101 
0.00215443 0.735642 44.5258 
0.00215443 0.857696 44.148 
0.00215443 1 43.6497 
0.00215443 1.16591 42.9994 
0.00215443 1.35936 42.1628 
0.00215443 1.58489 41.1068 
0.00215443 1.84785 39.8068 
0.00215443 2.15443 38.2582 
0.00215443 2.51189 36.4906 
0.00215443 2.92864 34.5799 
0.00215443 3.41455 32.6506 
0.00215443 3.98107 30.8579 
0.00215443 4.64159 29.3472 
0.00215443 5.4117 28.207 
0.00215443 6.30957 27.4411 
0.00215443 7.35642 26.9827 
0.00215443 8.57696 26.7369 
0.00215443 10 26.6191 
0.00215443 11.6591 26.5696 
0.00215443 13.5936 26.5519 
0.00215443 15.8489 26.5464 
0.00215443 18.4785 26.5449 
0.00215443 21.5443 26.5445 
0.00215443 25.1189 26.5444 
0.00215443 29.2864 26.5444 
0.00215443 34.1455 26.5444 
0.00215443 39.8107 26.5444 
0.00215443 46.4159 26.5444 
0.00215443 54.117 26.5444 
0.00215443 63.0957 26.5444 
0.00215443 73.5642 26.5444 
0.00215443 85.7696 26.5444 
0.00215443 100 26.5444 
0.00251189 0.01 45.63 
0.00251189 0.0116591 45.6299 
0.00251189 0.0135936 45.6298 
0.00251189 0.0158489 45.6296 
0.00251189 0.0184785 45.6294 
0.00251189 0.0215443 45.6291 
0.00251189 0.0251189 45.6287 
0.00251189 0.0292864 45.6281 
0.00251189 0.0341455 45.6274 
0.00251189 0.0398107 45.6263 
0.00251189 0.0464159 45.6249 
0.00251189 0.054117 45.623 
0.00251189 0.0630957 45.6204 
0.00251189 0.0735642 45.6169 
0.00251189 0.0857696 45.6121 
0.00251189 0.1 45.6056 
0.00251189 0.116591 45.5968 
0.00251189 0.135936 45.5847 
0.00251189 0.158489 45.5684 
0.00251189 0.184785 45.5462 
0.00251189 0.215443 45.5161 
0.00251189 0.251189 45.4753 
0.00251189 0.292864 45.42 
0.00251189 0.341455 45.3451 
0.00251189 0.398107 45.2437 
0.00251189 0.464159 45.1069 
0.00251189 0.54117 44.9228 
0.00251189 0.630957 44.6756 
0.00251189 0.735642 44.3455 
0.00251189 0.857696 43.9073 
0.00251189 1 43.3306 
0.00251189 1.16591 42.58 
0.00251189 1.35936 41.6178 
0.00251189 1.58489 40.4093 
0.00251189 1.84785 38.9315 
0.00251189 2.15443 37.1874 
0.00251189 2.51189 35.2219 
0.00251189 2.92864 33.134 
0.00251189 3.41455 31.0762 
0.00251189 3.98107 29.2268 
0.00251189 4.64159 27.7386 
0.00251189 5.4117 26.683 
0.00251189 6.30957 26.0276 
0.00251189 7.35642 25.6675 
0.00251189 8.57696 25.4866 
0.00251189 10 25.4005 
0.00251189 11.6591 25.3619 
0.00251189 13.5936 25.3464 
0.00251189 15.8489 25.341 
0.00251189 18.4785 25.3394 
0.00251189 21.5443 25.339 
0.00251189 25.1189 25.3389 
0.00251189 29.2864 25.3389 
0.00251189 34.1455 25.3389 
0.00251189 39.8107 25.3389 
0.00251189 46.4159 25.3389 
0.00251189 54.117 25.3389 
0.00251189 63.0957 25.3389 
0.00251189 73.5642 25.3389 
0.00251189 85.7696 25.3389 
0.00251189 100 25.3389 
0.00292864 0.01 45.63 
0.00292864 0.0116591 45.6299 
0.00292864 0.0135936 45.6297 
0.00292864 0.0158489 45.6295 
0.00292864 0.0184785 45.6293 
0.00292864 0.0215443 45.6289 
0.00292864 0.0251189 45.6284 
0.00292864 0.0292864 45.6278 
0.00292864 0.0341455 45.6269 
0.00292864 0.0398107 45.6257 
0.00292864 0.0464159 45.6241 
0.00292864 0.054117 45.6218 
0.00292864 0.0630957 45.6188 
0.00292864 0.0735642 45.6147 
0.00292864 0.0857696 45.6091 
0.00292864 0.1 45.6015 
0.00292864 0.116591 45.5912 
0.00292864 0.135936 45.5772 
0.00292864 0.158489 45.5582 
0.00292864 0.184785 45.5323 
0.00292864 0.215443 45.4972 
0.00292864 0.251189 45.4497 
0.00292864 0.292864 45.3852 
0.00292864 0.341455 45.2979 
0.00292864 0.398107 45.1799 
0.00292864 0.464159 45.0208 
0.00292864 0.54117 44.8066 
0.00292864 0.630957 44.5194 
0.00292864 0.735642 44.1363 
0.00292864 0.857696 43.6287 
0.00292864 1 42.962 
0.00292864 1.16591 42.0971 
0.00292864 1.35936 40.9932 
0.00292864 1.58489 39.6148 
0.00292864 1.84785 37.943 
0.00292864 2.15443 35.9923 
0.00292864 2.51189 33.8284 
0.00292864 2.92864 31.581 
0.00292864 3.41455 29.4364 
0.00292864 3.98107 27.5983 
0.00292864 4.64159 26.2216 
0.00292864 5.4117 25.3476 
0.00292864 6.30957 24.8913 
0.00292864 7.35642 24.6964 
0.00292864 8.57696 24.6211 
0.00292864 10 24.5861 
0.00292864 11.6591 24.5655 
0.00292864 13.5936 24.5541 
0.00292864 15.8489 24.5491 
0.00292864 18.4785 24.5474 
0.00292864 21.5443 24.5469 
0.00292864 25.1189 24.5468 
0.00292864 29.2864 24.5468 
0.00292864 34.1455 24.5468 
0.00292864 39.8107 24.5468 
0.00292864 46.4159 24.5468 
0.00292864 54.117 24.5468 
0.00292864 63.0957 24.5468 
0.00292864 73.5642 24.5468 
0.00292864 85.7696 24.5468 
0.00292864 100 24.5468 
0.00341455 0.01 45.6299 
0.00341455 0.0116591 45.6298 
0.00341455 0.0135936 45.6296 
0.00341455 0.0158489 45.6294 
0.00341455 0.0184785 45.6291 
0.00341455 0.0215443 45.6287 
0.00341455 0.0251189 45.6281 
0.00341455 0.0292864 45.6274 
0.00341455 0.0341455 45.6263 
0.00341455 0.0398107 45.6249 
0.00341455 0.0464159 45.623 
0.00341455 0.054117 45.6204 
0.00341455 0.0630957 45.6169 
0.00341455 0.0735642 45.6121 
0.00341455 0.0857696 45.6056 
0.00341455 0.1 45.5967 
0.00341455 0.116591 45.5847 
0.00341455 0.135936 45.5684 
0.00341455 0.158489 45.5462 
0.00341455 0.184785 45.5161 
0.00341455 0.215443 45.4752 
0.00341455 0.251189 45.4198 
0.00341455 0.292864 45.3447 
0.00341455 0.341455 45.243 
0.00341455 0.398107 45.1057 
0.00341455 0.464159 44.9205 
0.00341455 0.54117 44.6715 
0.00341455 0.630957 44.338 
0.00341455 0.735642 43.8938 
0.00341455 0.857696 43.3063 
0.00341455 1 42.5369 
0.00341455 1.16591 41.5423 
0.00341455 1.35936 40.2795 
0.00341455 1.58489 38.7138 
0.00341455 1.84785 36.8337 
0.00341455 2.15443 34.6704 
0.00341455 2.51189 32.3186 
0.00341455 2.92864 29.947 
0.00341455 3.41455 27.7833 
0.00341455 3.98107 26.0582 
0.00341455 4.64159 24.9198 
0.00341455 5.4117 24.362 
0.00341455 6.30957 24.2246 
0.00341455 7.35642 24.2838 
0.00341455 8.57696 24.3678 
0.00341455 10 24.4097 
0.00341455 11.6591 24.4164 
0.00341455 13.5936 24.4115 
0.00341455 15.8489 24.4072 
0.00341455 18.4785 24.4054 
0.00341455 21.5443 24.4048 
0.00341455 25.1189 24.4047 
0.00341455 29.2864 24.4047 
0.00341455 34.1455 24.4047 
0.00341455 39.8107 24.4047 
0.00341455 46.4159 24.4047 
0.00341455 54.117 24.4047 
0.00341455 63.0957 24.4047 
0.00341455 73.5642 24.4047 
0.00341455 85.7696 24.4047 
0.00341455 100 24.4047 
0.00398107 0.01 45.6299 
0.00398107 0.0116591 45.6297 
0.00398107 0.0135936 45.6295 
0.00398107 0.0158489 45.6293 
0.00398107 0.0184785 45.6289 
0.00398107 0.0215443 45.6284 
0.00398107 0.0251189 45.6278 
0.00398107 0.0292864 45.6269 
0.00398107 0.0341455 45.6257 
0.00398107 0.0398107 45.6241 
0.00398107 0.0464159 45.6218 
0.00398107 0.054117 45.6188 
0.00398107 0.0630957 45.6147 
0.00398107 0.0735642 45.6091 
0.00398107 0.0857696 45.6015 
0.00398107 0.1 45.5912 
0.00398107 0.116591 45.5772 
0.00398107 0.135936 45.5581 
0.00398107 0.158489 45.5323 
0.00398107 0.184785 45.4972 
0.00398107 0.215443 45.4495 
0.00398107 0.251189 45.385 
0.00398107 0.292864 45.2975 
0.00398107 0.341455 45.1792 
0.00398107 0.398107 45.0193 
0.00398107 0.464159 44.8039 
0.00398107 0.54117 44.5146 
0.00398107 0.630957 44.1276 
0.00398107 0.735642 43.613 
0.00398107 0.857696 42.9339 
0.00398107 1 42.0474 
0.00398107 1.16591 40.9067 
0.00398107 1.35936 39.467 
0.00398107 1.58489 37.6974 
0.00398107 1.84785 35.5983 
0.00398107 2.15443 33.225 
0.00398107 2.51189 30.7111 
0.00398107 2.92864 28.2759 
0.00398107 3.41455 26.1962 
0.00398107 3.98107 24.7295 
0.00398107 4.64159 24.0049 
0.00398107 5.4117 23.9437 
0.00398107 6.30957 24.283 
0.00398107 7.35642 24.7116 
0.00398107 8.57696 25.024 
0.00398107 10 25.1754 
0.00398107 11.6591 25.2211 
0.00398107 13.5936 25.2257 
0.00398107 15.8489 25.2227 
0.00398107 18.4785 25.2207 
0.00398107 21.5443 25.2201 
0.00398107 25.1189 25.2199 
0.00398107 29.2864 25.2199 
0.00398107 34.1455 25.2199 
0.00398107 39.8107 25.2199 
0.00398107 46.4159 25.2199 
0.00398107 54.117 25.2199 
0.00398107 63.0957 25.2199 
0.00398107 73.5642 25.2199 
0.00398107 85.7696 25.2199 
0.00398107 100 25.2199 
0.00464159 0.01 45.6298 
0.00464159 0.0116591 45.6296 
0.00464159 0.0135936 45.6294 
0.00464159 0.0158489 45.6291 
0.00464159 0.0184785 45.6287 
0.00464159 0.0215443 45.6281 
0.00464159 0.0251189 45.6274 
0.00464159 0.0292864 45.6263 
0.00464159 0.0341455 45.6249 
0.00464159 0.0398107 45.623 
0.00464159 0.0464159 45.6204 
0.00464159 0.054117 45.6169 
0.00464159 0.0630957 45.6121 
0.00464159 0.0735642 45.6056 
0.00464159 0.0857696 45.5967 
0.00464159 0.1 45.5847 
0.00464159 0.116591 45.5684 
0.00464159 0.135936 45.5462 
0.00464159 0.158489 45.516 
0.00464159 0.184785 45.4751 
0.00464159 0.215443 45.4196 
0.00464159 0.251189 45.3444 
0.00464159 0.292864 45.2426 
0.00464159 0.341455 45.1048 
0.00464159 0.398107 44.9188 
0.00464159 0.464159 44.6685 
0.00464159 0.54117 44.3325 
0.00464159 0.630957 43.8837 
0.00464159 0.735642 43.2882 
0.00464159 0.857696 42.5045 
0.00464159 1 41.4853 
0.00464159 1.16591 40.1807 
0.00464159 1.35936 38.5464 
0.00464159 1.58489 36.5585 
0.00464159 1.84785 34.2357 
0.00464159 2.15443 31.6678 
0.00464159 2.51189 29.04 
0.00464159 2.92864 26.6355 
0.00464159 3.41455 24.7895 
0.00464159 3.98107 23.7833 
0.00464159 4.64159 23.7075 
0.00464159 5.4117 24.3785 
0.00464159 6.30957 25.396 
0.00464159 7.35642 26.3388 
0.00464159 8.57696 26.9651 
0.00464159 10 27.2663 
0.00464159 11.6591 27.3654 
0.00464159 13.5936 27.3831 
0.00464159 15.8489 27.3817 
0.00464159 18.4785 27.3797 
0.00464159 21.5443 27.3789 
0.00464159 25.1189 27.3787 
0.00464159 29.2864 27.3787 
0.00464159 34.1455 27.3787 
0.00464159 39.8107 27.3787 
0.00464159 46.4159 27.3787 
0.00464159 54.117 27.3787 
0.00464159 63.0957 27.3787 
0.00464159 73.5642 27.3787 
0.00464159 85.7696 27.3787 
0.00464159 100 27.3787 
0.0054117 0.01 45.6297 
0.0054117 0.0116591 45.6295 
0.0054117 0.0135936 45.6293 
0.0054117 0.0158489 45.6289 
0.0054117 0.0184785 45.6284 
0.0054117 0.0215443 45.6278 
0.0054117 0.0251189 45.6269 
0.0054117 0.0292864 45.6257 
0.0054117 0.0341455 45.6241 
0.0054117 0.0398107 45.6218 
0.0054117 0.0464159 45.6188 
0.0054117 0.054117 45.6147 
0.0054117 0.0630957 45.6091 
0.0054117 0.0735642 45.6015 
0.0054117 0.0857696 45.5912 
0.0054117 0.1 45.5772 
0.0054117 0.116591 45.5581 
0.0054117 0.135936 45.5322 
0.0054117 0.158489 45.4971 
0.0054117 0.184785 45.4495 
0.0054117 0.215443 45.3848 
0.0054117 0.251189 45.2972 
0.0054117 0.292864 45.1786 
0.0054117 0.341455 45.0183 
0.0054117 0.398107 44.802 
0.0054117 0.464159 44.5111 
0.0054117 0.54117 44.1212 
0.0054117 0.630957 43.6013 
0.0054117 0.735642 42.913 
0.0054117 0.857696 42.0102 
0.0054117 1 40.8414 
0.0054117 1.16591 39.3547 
0.0054117 1.35936 37.5088 
0.0054117 1.58489 35.2923 
0.0054117 1.84785 32.7512 
0.0054117 2.15443 30.0225 
0.0054117 2.51189 27.3598 
0.0054117 2.92864 25.126 
0.0054117 3.41455 23.7233 
0.0054117 3.98107 23.4492 
0.0054117 4.64159 24.3285 
0.0054117 5.4117 26.0302 
0.0054117 6.30957 27.9747 
0.0054117 7.35642 29.6069 
0.0054117 8.57696 30.6488 
0.0054117 10 31.1472 
0.0054117 11.6591 31.3163 
0.0054117 13.5936 31.3511 
0.0054117 15.8489 31.352 
0.0054117 18.4785 31.3498 
0.0054117 21.5443 31.3489 
0.0054117 25.1189 31.3487 
0.0054117 29.2864 31.3486 
0.0054117 34.1455 31.3486 
0.0054117 39.8107 31.3486 
0.0054117 46.4159 31.3486 
0.0054117 54.117 31.3486 
0.0054117 63.0957 31.3486 
0.0054117 73.5642 31.3486 
0.0054117 85.7696 31.3486 
0.0054117 100 31.3486 
0.00630957 0.01 45.6296 
0.00630957 0.0116591 45.6294 
0.00630957 0.0135936 45.6291 
0.00630957 0.0158489 45.6287 
0.00630957 0.0184785 45.6281 
0.00630957 0.0215443 45.6274 
0.00630957 0.0251189 45.6263 
0.00630957 0.0292864 45.6249 
0.00630957 0.0341455 45.623 
0.00630957 0.0398107 45.6204 
0.00630957 0.0464159 45.6169 
0.00630957 0.054117 45.6121 
0.00630957 0.0630957 45.6056 
0.00630957 0.0735642 45.5967 
0.00630957 0.0857696 45.5847 
0.00630957 0.1 45.5684 
0.00630957 0.116591 45.5462 
0.00630957 0.135936 45.516 
0.00630957 0.158489 45.4751 
0.00630957 0.184785 45.4195 
0.00630957 0.215443 45.3442 
0.00630957 0.251189 45.2422 
0.00630957 0.292864 45.1041 
0.00630957 0.341455 44.9176 
0.00630957 0.398107 44.6662 
0.00630957 0.464159 44.3284 
0.00630957 0.54117 43.8763 
0.00630957 0.630957 43.2747 
0.00630957 0.735642 42.4804 
0.00630957 0.857696 41.4426 
0.00630957 1 40.1062 
0.00630957 1.16591 38.4191 
0.00630957 1.35936 36.3474 
0.00630957 1.58489 33.899 
0.00630957 1.84785 31.1594 
0.00630957 2.15443 28.3299 
0.00630957 2.51189 25.7527 
0.00630957 2.92864 23.8889 
0.00630957 3.41455 23.214 
0.00630957 3.98107 24.0273 
0.00630957 4.64159 26.2485 
0.00630957 5.4117 29.3455 
0.00630957 6.30957 32.5118 
0.00630957 7.35642 35.0351 
0.00630957 8.57696 36.6075 
0.00630957 10 37.3554 
0.00630957 11.6591 37.6127 
0.00630957 13.5936 37.6689 
0.00630957 15.8489 37.6724 
0.00630957 18.4785 37.67 
0.00630957 21.5443 37.6688 
0.00630957 25.1189 37.6686 
0.00630957 29.2864 37.6685 
0.00630957 34.1455 37.6685 
0.00630957 39.8107 37.6685 
0.00630957 46.4159 37.6685 
0.00630957 54.117 37.6685 
0.00630957 63.0957 37.6685 
0.00630957 73.5642 37.6685 
0.00630957 85.7696 37.6685 
0.00630957 100 37.6685 
0.00735642 0.01 45.6295 
0.00735642 0.0116591 45.6293 
0.00735642 0.0135936 45.6289 
0.00735642 0.0158489 45.6284 
0.00735642 0.0184785 45.6278 
0.00735642 0.0215443 45.6269 
0.00735642 0.0251189 45.6257 
0.00735642 0.0292864 45.6241 
0.00735642 0.0341455 45.6218 
0.00735642 0.0398107 45.6188 
0.00735642 0.0464159 45.6147 
0.00735642 0.054117 45.6091 
0.00735642 0.0630957 45.6015 
0.00735642 0.0735642 45.5912 
0.00735642 0.0857696 45.5772 
0.00735642 0.1 45.5581 
0.00735642 0.116591 45.5322 
0.00735642 0.135936 45.4971 
0.00735642 0.158489 45.4494 
0.00735642 0.184785 45.3847 
0.00735642 0.215443 45.297 
0.00735642 0.251189 45.1782 
0.00735642 0.292864 45.0175 
0.00735642 0.341455 44.8006 
0.00735642 0.398107 44.5085 
0.00735642 0.464159 44.1164 
0.00735642 0.54117 43.5927 
0.00735642 0.630957 42.8974 
0.00735642 0.735642 41.9824 
0.00735642 0.857696 40.7924 
0.00735642 1 39.2699 
0.00735642 1.16591 37.3656 
0.00735642 1.35936 35.058 
0.00735642 1.58489 32.3855 
0.00735642 1.84785 29.4882 
0.00735642 2.15443 26.6538 
0.00735642 2.51189 24.3375 
0.00735642 2.92864 23.118 
0.00735642 3.41455 23.5462 
0.00735642 3.98107 25.8974 
0.00735642 4.64159 29.9316 
0.00735642 5.4117 34.8494 
0.00735642 6.30957 39.5668 
0.00735642 7.35642 43.1981 
0.00735642 8.57696 45.4204 
0.00735642 10 46.471 
0.00735642 11.6591 46.8343 
0.00735642 13.5936 46.9157 
0.00735642 15.8489 46.9222 
0.00735642 18.4785 46.9193 
0.00735642 21.5443 46.9179 
0.00735642 25.1189 46.9175 
0.00735642 29.2864 46.9175 
0.00735642 34.1455 46.9175 
0.00735642 39.8107 46.9175 
0.00735642 46.4159 46.9175 
0.00735642 54.117 46.9175 
0.00735642 63.0957 46.9175 
0.00735642 73.5642 46.9175 
0.00735642 85.7696 46.9175 
0.00735642 100 46.9175 
0.00857696 0.01 45.6294 
0.00857696 0.0116591 45.6291 
0.00857696 0.0135936 45.6287 
0.00857696 0.0158489 45.6281 
0.00857696 0.0184785 45.6274 
0.00857696 0.0215443 45.6263 
0.00857696 0.0251189 45.6249 
0.00857696 0.0292864 45.623 
0.00857696 0.0341455 45.6204 
0.00857696 0.0398107 45.6169 
0.00857696 0.0464159 45.6121 
0.00857696 0.054117 45.6056 
0.00857696 0.0630957 45.5967 
0.00857696 0.0735642 45.5847 
0.00857696 0.0857696 45.5684 
0.00857696 0.1 45.5462 
0.00857696 0.116591 45.516 
0.00857696 0.135936 45.475 
0.00857696 0.158489 45.4195 
0.00857696 0.184785 45.3441 
0.00857696 0.215443 45.2419 
0.00857696 0.251189 45.1036 
0.00857696 0.292864 44.9167 
0.00857696 0.341455 44.6645 
0.00857696 0.398107 44.3253 
0.00857696 0.464159 43.8707 
0.00857696 0.54117 43.2647 
0.00857696 0.630957 42.4624 
0.00857696 0.735642 41.4107 
0.00857696 0.857696 40.0503 
0.00857696 1 38.3232 
0.00857696 1.16591 36.1872 
0.00857696 1.35936 33.6417 
0.00857696 1.58489 30.7686 
0.00857696 1.84785 27.7841 
0.00857696 2.15443 25.0888 
0.00857696 2.51189 23.2796 
0.00857696 2.92864 23.0707 
0.00857696 3.41455 25.0822 
0.00857696 3.98107 29.5222 
0.00857696 4.64159 35.9172 
0.00857696 5.4117 43.1219 
0.00857696 6.30957 49.7278 
0.00857696 7.35642 54.6745 
0.00857696 8.57696 57.6548 
0.00857696 10 59.0539 
0.00857696 11.6591 59.5377 
0.00857696 13.5936 59.6471 
0.00857696 15.8489 59.6563 
0.00857696 18.4785 59.6526 
0.00857696 21.5443 59.6507 
0.00857696 25.1189 59.6503 
0.00857696 29.2864 59.6502 
0.00857696 34.1455 59.6502 
0.00857696 39.8107 59.6502 
0.00857696 46.4159 59.6502 
0.00857696 54.117 59.6502 
0.00857696 63.0957 59.6502 
0.00857696 73.5642 59.6502 
0.00857696 85.7696 59.6502 
0.00857696 100 59.6502 
0.01 0.01 45.6293 
0.01 0.0116591 45.6289 
0.01 0.0135936 45.6284 
0.01 0.0158489 45.6278 
0.01 0.0184785 45.6269 
0.01 0.0215443 45.6257 
0.01 0.0251189 45.6241 
0.01 0.0292864 45.6218 
0.01 0.0341455 45.6188 
0.01 0.0398107 45.6147 
0.01 0.0464159 45.6091 
0.01 0.054117 45.6015 
0.01 0.0630957 45.5912 
0.01 0.0735642 45.5772 
0.01 0.0857696 45.5581 
0.01 0.1 45.5322 
0.01 0.116591 45.4971 
0.01 0.135936 45.4493 
0.01 0.158489 45.3846 
0.01 0.184785 45.2968 
0.01 0.215443 45.1778 
0.01 0.251189 45.0169 
0.01 0.292864 44.7995 
0.01 0.341455 44.5065 
0.01 0.398107 44.1129 
0.01 0.464159 43.5863 
0.01 0.54117 42.8859 
0.01 0.630957 41.9618 
0.01 0.735642 40.7559 
0.01 0.857696 39.2064 
0.01 1 37.2577 
0.01 1.16591 34.8805 
0.01 1.35936 32.1066 
0.01 1.58489 29.0797 
0.01 1.84785 26.1186 
0.01 2.15443 23.7695 
0.01 2.51189 22.8016 
0.01 2.92864 24.0786 
0.01 3.41455 28.2673 
0.01 3.98107 35.441 
0.01 4.64159 44.7928 
0.01 5.4117 54.7444 
0.01 6.30957 63.5324 
0.01 7.35642 69.9514 
0.01 8.57696 73.7609 
0.01 10 75.5353 
0.01 11.6591 76.1466 
0.01 13.5936 76.2843 
0.01 15.8489 76.2954 
0.01 18.4785 76.2904 
0.01 21.5443 76.288 
0.01 25.1189 76.2874 
0.01 29.2864 76.2873 
0.01 34.1455 76.2873 
0.01 39.8107 76.2873 
0.01 46.4159 76.2873 
0.01 54.117 76.2873 
0.01 63.0957 76.2873 
0.01 73.5642 76.2873 
0.01 85.7696 76.2873 
0.01 100 76.2873 
0.0116591 0.01 45.6291 
0.0116591 0.0116591 45.6287 
0.0116591 0.0135936 45.6281 
0.0116591 0.0158489 45.6274 
0.0116591 0.0184785 45.6263 
0.0116591 0.0215443 45.6249 
0.0116591 0.0251189 45.623 
0.0116591 0.0292864 45.6204 
0.0116591 0.0341455 45.6169 
0.0116591 0.0398107 45.6121 
0.0116591 0.0464159 45.6056 
0.0116591 0.054117 45.5967 
0.0116591 0.0630957 45.5847 
0.0116591 0.0735642 45.5684 
0.0116591 0.0857696 45.5461 
0.0116591 0.1 45.516 
0.0116591 0.116591 45.475 
0.0116591 0.135936 45.4194 
0.0116591 0.158489 45.344 
0.0116591 0.184785 45.2417 
0.0116591 0.215443 45.1033 
0.0116591 0.251189 44.916 
0.0116591 0.292864 44.6633 
0.0116591 0.341455 44.3231 
0.0116591 0.398107 43.8667 
0.0116591 0.464159 43.2573 
0.0116591 0.54117 42.4491 
0.0116591 0.630957 41.387 
0.0116591 0.735642 40.0086 
0.0116591 0.857696 38.2514 
0.0116591 1 36.0666 
0.0116591 1.16591 33.447 
0.0116591 1.35936 30.4716 
0.0116591 1.58489 27.37 
0.0116591 1.84785 24.5965 
0.0116591 2.15443 22.8811 
0.0116591 2.51189 23.1955 
0.0116591 2.92864 26.5552 
0.0116591 3.41455 33.6263 
0.0116591 3.98107 44.2421 
0.0116591 4.64159 57.1323 
0.0116591 5.4117 70.2004 
0.0116591 6.30957 81.3403 
0.0116591 7.35642 89.2803 
0.0116591 8.57696 93.9218 
0.0116591 10 96.0656 
0.0116591 11.6591 96.7998 
0.0116591 13.5936 96.9629 
0.0116591 15.8489 96.9744 
0.0116591 18.4785 96.9676 
0.0116591 21.5443 96.9643 
0.0116591 25.1189 96.9635 
0.0116591 29.2864 96.9634 
0.0116591 34.1455 96.9634 
0.0116591 39.8107 96.9634 
0.0116591 46.4159 96.9634 
0.0116591 54.117 96.9634 
0.0116591 63.0957 96.9634 
0.0116591 73.5642 96.9634 
0.0116591 85.7696 96.9634 
0.0116591 100 96.9634 
0.0135936 0.01 45.6289 
0.0135936 0.0116591 45.6284 
0.0135936 0.0135936 45.6278 
0.0135936 0.0158489 45.6269 
0.0135936 0.0184785 45.6257 
0.0135936 0.0215443 45.6241 
0.0135936 0.0251189 45.6218 
0.0135936 0.0292864 45.6188 
0.0135936 0.0341455 45.6147 
0.0135936 0.0398107 45.6091 
0.0135936 0.0464159 45.6015 
0.0135936 0.054117 45.5912 
0.0135936 0.0630957 45.5772 
0.0135936 0.0735642 45.5581 
0.0135936 0.0857696 45.5322 
0.0135936 0.1 45.497 
0.0135936 0.116591 45.4493 
0.0135936 0.135936 45.3845 
0.0135936 0.158489 45.2967 
0.0135936 0.184785 45.1776 
0.0135936 0.215443 45.0165 
0.0135936 0.251189 44.7987 
0.0135936 0.292864 44.5051 
0.0135936 0.341455 44.1103 
0.0135936 0.398107 43.5816 
0.0135936 0.464159 42.8773 
0.0135936 0.54117 41.9465 
0.0135936 0.630957 40.7288 
0.0135936 0.735642 39.1591 
0.0135936 0.857696 37.1769 
0.0135936 1 34.7469 
0.0135936 1.16591 31.896 
0.0135936 1.35936 28.7706 
0.0135936 1.58489 25.7172 
0.0135936 1.84785 23.3654 
0.0135936 2.15443 22.6704 
0.0135936 2.51189 24.8313 
0.0135936 2.92864 30.9964 
0.0135936 3.41455 41.7413 
0.0135936 3.98107 56.502 
0.0135936 4.64159 73.3852 
0.0135936 5.4117 89.7253 
0.0135936 6.30957 103.166 
0.0135936 7.35642 112.513 
0.0135936 8.57696 117.899 
0.0135936 10 120.367 
0.0135936 11.6591 121.207 
0.0135936 13.5936 121.389 
0.0135936 15.8489 121.399 
0.0135936 18.4785 121.39 
0.0135936 21.5443 121.385 
0.0135936 25.1189 121.384 
0.0135936 29.2864 121.384 
0.0135936 34.1455 121.384 
0.0135936 39.8107 121.384 
0.0135936 46.4159 121.384 
0.0135936 54.117 121.384 
0.0135936 63.0957 121.384 
0.0135936 73.5642 121.384 
0.0135936 85.7696 121.384 
0.0135936 100 121.384 
0.0158489 0.01 45.6287 
0.0158489 0.0116591 45.6281 
0.0158489 0.0135936 45.6274 
0.0158489 0.0158489 45.6263 
0.0158489 0.0184785 45.6249 
0.0158489 0.0215443 45.623 
0.0158489 0.0251189 45.6204 
0.0158489 0.0292864 45.6169 
0.0158489 0.0341455 45.6121 
0.0158489 0.0398107 45.6056 
0.0158489 0.0464159 45.5967 
0.0158489 0.054117 45.5847 
0.0158489 0.0630957 45.5684 
0.0158489 0.0735642 45.5461 
0.0158489 0.0857696 45.516 
0.0158489 0.1 45.475 
0.0158489 0.116591 45.4194 
0.0158489 0.135936 45.3439 
0.0158489 0.158489 45.2416 
0.0158489 0.184785 45.103 
0.0158489 0.215443 44.9155 
0.0158489 0.251189 44.6624 
0.0158489 0.292864 44.3214 
0.0158489 0.341455 43.8637 
0.0158489 0.398107 43.2518 
0.0158489 0.464159 42.4393 
0.0158489 0.54117 41.3694 
0.0158489 0.630957 39.9777 
0.0158489 0.735642 38.1979 
0.0158489 0.857696 35.9764 
0.0158489 1 33.3007 
0.0158489 1.16591 30.2478 
0.0158489 1.35936 27.0587 
0.0158489 1.58489 24.2343 
0.0158489 1.84785 22.6263 
0.0158489 2.15443 23.4567 
0.0158489 2.51189 28.1622 
0.0158489 2.92864 37.9664 
0.0158489 3.41455 53.1998 
0.0158489 3.98107 72.6762 
0.0158489 4.64159 93.7169 
0.0158489 5.4117 113.136 
0.0158489 6.30957 128.545 
0.0158489 7.35642 139.021 
0.0158489 8.57696 144.987 
0.0158489 10 147.708 
0.0158489 11.6591 148.628 
0.0158489 13.5936 148.823 
0.0158489 15.8489 148.83 
0.0158489 18.4785 148.818 
0.0158489 21.5443 148.812 
0.0158489 25.1189 148.811 
0.0158489 29.2864 148.811 
0.0158489 34.1455 148.811 
0.0158489 39.8107 148.811 
0.0158489 46.4159 148.811 
0.0158489 54.117 148.811 
0.0158489 63.0957 148.811 
0.0158489 73.5642 148.811 
0.0158489 85.7696 148.811 
0.0158489 100 148.811 
0.0184785 0.01 45.6284 
0.0184785 0.0116591 45.6278 
0.0184785 0.0135936 45.6269 
0.0184785 0.0158489 45.6257 
0.0184785 0.0184785 45.6241 
0.0184785 0.0215443 45.6218 
0.0184785 0.0251189 45.6188 
0.0184785 0.0292864 45.6147 
0.0184785 0.0341455 45.6091 
0.0184785 0.0398107 45.6015 
0.0184785 0.0464159 45.5912 
0.0184785 0.054117 45.5772 
0.0184785 0.0630957 45.5581 
0.0184785 0.0735642 45.5322 
0.0184785 0.0857696 45.497 
0.0184785 0.1 45.4493 
0.0184785 0.116591 45.3845 
0.0184785 0.135936 45.2966 
0.0184785 0.158489 45.1774 
0.0184785 0.184785 45.0162 
0.0184785 0.215443 44.7982 
0.0184785 0.251189 44.5041 
0.0184785 0.292864 44.1084 
0.0184785 0.341455 43.5781 
0.0184785 0.398107 42.871 
0.0184785 0.464159 41.9351 
0.0184785 0.54117 40.7087 
0.0184785 0.630957 39.1239 
0.0184785 0.735642 37.1167 
0.0184785 0.857696 34.6471 
0.0184785 1 31.738 
0.0184785 1.16591 28.5386 
0.0184785 1.35936 25.4183 
0.0184785 1.58489 23.079 
0.0184785 1.84785 22.6452 
0.0184785 2.15443 25.6402 
0.0184785 2.51189 33.7196 
0.0184785 2.92864 48.0601 
0.0184785 3.41455 68.4973 
0.0184785 3.98107 92.9379 
0.0184785 4.64159 117.84 
0.0184785 5.4117 139.745 
0.0184785 6.30957 156.576 
0.0184785 7.35642 167.832 
0.0184785 8.57696 174.209 
0.0184785 10 177.117 
0.0184785 11.6591 178.099 
0.0184785 13.5936 178.303 
0.0184785 15.8489 178.306 
0.0184785 18.4785 178.29 
0.0184785 21.5443 178.284 
0.0184785 25.1189 178.282 
0.0184785 29.2864 178.282 
0.0184785 34.1455 178.282 
0.0184785 39.8107 178.282 
0.0184785 46.4159 178.282 
0.0184785 54.117 178.282 
0.0184785 63.0957 178.282 
0.0184785 73.5642 178.282 
0.0184785 85.7696 178.282 
0.0184785 100 178.282 
0.0215443 0.01 45.6281 
0.0215443 0.0116591 45.6274 
0.0215443 0.0135936 45.6263 
0.0215443 0.0158489 45.6249 
0.0215443 0.0184785 45.623 
0.0215443 0.0215443 45.6204 
0.0215443 0.0251189 45.6169 
0.0215443 0.0292864 45.6121 
0.0215443 0.0341455 45.6056 
0.0215443 0.0398107 45.5967 
0.0215443 0.0464159 45.5847 
0.0215443 0.054117 45.5683 
0.0215443 0.0630957 45.5461 
0.0215443 0.0735642 45.5159 
0.0215443 0.0857696 45.475 
0.0215443 0.1 45.4193 
0.0215443 0.116591 45.3438 
0.0215443 0.135936 45.2415 
0.0215443 0.158489 45.1028 
0.0215443 0.184785 44.9152 
0.0215443 0.215443 44.6617 
0.0215443 0.251189 44.3202 
0.0215443 0.292864 43.8614 
0.0215443 0.341455 43.2478 
0.0215443 0.398107 42.432 
0.0215443 0.464159 41.3564 
0.0215443 0.54117 39.9547 
0.0215443 0.630957 38.1581 
0.0215443 0.735642 35.9092 
0.0215443 0.857696 33.1915 
0.0215443 1 30.0803 
0.0215443 1.16591 26.8261 
0.0215443 1.35936 23.9689 
0.0215443 1.58489 22.4652 
0.0215443 1.84785 23.7631 
0.0215443 2.15443 29.7037 
0.0215443 2.51189 42.089 
0.0215443 2.92864 61.8244 
0.0215443 3.41455 87.8851 
0.0215443 3.98107 117.006 
0.0215443 4.64159 144.959 
0.0215443 5.4117 168.518 
0.0215443 6.30957 186.229 
0.0215443 7.35642 198.01 
0.0215443 8.57696 204.702 
0.0215443 10 207.77 
0.0215443 11.6591 208.809 
0.0215443 13.5936 209.022 
0.0215443 15.8489 209.021 
0.0215443 18.4785 209.002 
0.0215443 21.5443 208.994 
0.0215443 25.1189 208.993 
0.0215443 29.2864 208.992 
0.0215443 34.1455 208.992 
0.0215443 39.8107 208.992 
0.0215443 46.4159 208.992 
0.0215443 54.117 208.992 
0.0215443 63.0957 208.992 
0.0215443 73.5642 208.992 
0.0215443 85.7696 208.992 
0.0215443 100 208.992 
0.0251189 0.01 45.6278 
0.0251189 0.0116591 45.6269 
0.0251189 0.0135936 45.6257 
0.0251189 0.0158489 45.6241 
0.0251189 0.0184785 45.6218 
0.0251189 0.0215443 45.6188 
0.0251189 0.0251189 45.6147 
0.0251189 0.0292864 45.6091 
0.0251189 0.0341455 45.6015 
0.0251189 0.0398107 45.5912 
0.0251189 0.0464159 45.5772 
0.0251189 0.054117 45.5581 
0.0251189 0.0630957 45.5322 
0.0251189 0.0735642 45.497 
0.0251189 0.0857696 45.4493 
0.0251189 0.1 45.3844 
0.0251189 0.116591 45.2965 
0.0251189 0.135936 45.1773 
0.0251189 0.158489 45.0159 
0.0251189 0.184785 44.7977 
0.0251189 0.215443 44.5033 
0.0251189 0.251189 44.107 
0.0251189 0.292864 43.5755 
0.0251189 0.341455 42.8664 
0.0251189 0.398107 41.9268 
0.0251189 0.464159 40.6938 
0.0251189 0.54117 39.0978 
0.0251189 0.630957 37.0719 
0.0251189 0.735642 34.5728 
0.0251189 0.857696 31.6201 
0.0251189 1 28.3654 
0.0251189 1.16591 25.1967 
0.0251189 1.35936 22.8761 
0.0251189 1.58489 22.6734 
0.0251189 1.84785 26.403 
0.0251189 2.15443 36.2021 
0.0251189 2.51189 53.8559 
0.0251189 2.92864 79.6275 
0.0251189 3.41455 111.192 
0.0251189 3.98107 144.083 
0.0251189 4.64159 173.982 
0.0251189 5.4117 198.472 
0.0251189 6.30957 216.773 
0.0251189 7.35642 229.002 
0.0251189 8.57696 236.001 
0.0251189 10 239.233 
0.0251189 11.6591 240.333 
0.0251189 13.5936 240.557 
0.0251189 15.8489 240.554 
0.0251189 18.4785 240.532 
0.0251189 21.5443 240.523 
0.0251189 25.1189 240.521 
0.0251189 29.2864 240.521 
0.0251189 34.1455 240.521 
0.0251189 39.8107 240.521 
0.0251189 46.4159 240.521 
0.0251189 54.117 240.521 
0.0251189 63.0957 240.521 
0.0251189 73.5642 240.521 
0.0251189 85.7696 240.521 
0.0251189 100 240.521 
0.0292864 0.01 45.6274 
0.0292864 0.0116591 45.6263 
0.0292864 0.0135936 45.6249 
0.0292864 0.0158489 45.623 
0.0292864 0.0184785 45.6204 
0.0292864 0.0215443 45.6169 
0.0292864 0.0251189 45.6121 
0.0292864 0.0292864 45.6056 
0.0292864 0.0341455 45.5967 
0.0292864 0.0398107 45.5847 
0.0292864 0.0464159 45.5683 
0.0292864 0.054117 45.5461 
0.0292864 0.0630957 45.5159 
0.0292864 0.0735642 45.475 
0.0292864 0.0857696 45.4193 
0.0292864 0.1 45.3438 
0.0292864 0.116591 45.2414 
0.0292864 0.135936 45.1027 
0.0292864 0.158489 44.9149 
0.0292864 0.184785 44.6613 
0.0292864 0.215443 44.3193 
0.0292864 0.251189 43.8598 
0.0292864 0.292864 43.2448 
0.0292864 0.341455 42.4266 
0.0292864 0.398107 41.3468 
0.0292864 0.464159 39.9378 
0.0292864 0.54117 38.1286 
0.0292864 0.630957 35.8593 
0.0292864 0.735642 33.1101 
0.0292864 0.857696 29.9555 
0.0292864 1 26.6532 
0.0292864 1.16591 23.7746 
0.0292864 1.35936 22.3635 
0.0292864 1.58489 24.0612 
0.0292864 1.84785 31.069 
0.0292864 2.15443 45.7295 
0.0292864 2.51189 69.5031 
0.0292864 2.92864 101.483 
0.0292864 3.41455 137.721 
0.0292864 3.98107 173.052 
0.0292864 4.64159 203.959 
0.0292864 5.4117 229.065 
0.0292864 6.30957 247.944 
0.0292864 7.35642 260.662 
0.0292864 8.57696 267.988 
0.0292864 10 271.388 
0.0292864 11.6591 272.551 
0.0292864 13.5936 272.787 
0.0292864 15.8489 272.78 
0.0292864 18.4785 272.756 
0.0292864 21.5443 272.746 
0.0292864 25.1189 272.744 
0.0292864 29.2864 272.743 
0.0292864 34.1455 272.743 
0.0292864 39.8107 272.743 
0.0292864 46.4159 272.743 
0.0292864 54.117 272.743 
0.0292864 63.0957 272.743 
0.0292864 73.5642 272.743 
0.0292864 85.7696 272.743 
0.0292864 100 272.743 
0.0341455 0.01 45.6269 
0.0341455 0.0116591 45.6257 
0.0341455 0.0135936 45.6241 
0.0341455 0.0158489 45.6218 
0.0341455 0.0184785 45.6188 
0.0341455 0.0215443 45.6147 
0.0341455 0.0251189 45.6091 
0.0341455 0.0292864 45.6015 
0.0341455 0.0341455 45.5912 
0.0341455 0.0398107 45.5771 
0.0341455 0.0464159 45.5581 
0.0341455 0.054117 45.5322 
0.0341455 0.0630957 45.497 
0.0341455 0.0735642 45.4492 
0.0341455 0.0857696 45.3844 
0.0341455 0.1 45.2965 
0.0341455 0.116591 45.1772 
0.0341455 0.135936 45.0158 
0.0341455 0.158489 44.7974 
0.0341455 0.184785 44.5027 
0.0341455 0.215443 44.1059 
0.0341455 0.251189 43.5736 
0.0341455 0.292864 42.8629 
0.0341455 0.341455 41.9206 
0.0341455 0.398107 40.6828 
0.0341455 0.464159 39.0785 
0.0341455 0.54117 37.0388 
0.0341455 0.630957 34.5176 
0.0341455 0.735642 31.5325 
0.0341455 0.857696 28.2366 
0.0341455 1 25.0329 
0.0341455 1.16591 22.7318 
0.0341455 1.35936 22.723 
0.0341455 1.58489 27.0687 
0.0341455 1.84785 38.3312 
0.0341455 2.15443 58.8491 
0.0341455 2.51189 89.2554 
0.0341455 2.92864 126.896 
0.0341455 3.41455 166.372 
0.0341455 3.98107 202.92 
0.0341455 4.64159 234.436 
0.0341455 5.4117 260.217 
0.0341455 6.30957 279.772 
0.0341455 7.35642 293.006 
0.0341455 8.57696 300.649 
0.0341455 10 304.205 
0.0341455 11.6591 305.422 
0.0341455 13.5936 305.667 
0.0341455 15.8489 305.658 
0.0341455 18.4785 305.631 
0.0341455 21.5443 305.62 
0.0341455 25.1189 305.618 
0.0341455 29.2864 305.617 
0.0341455 34.1455 305.617 
0.0341455 39.8107 305.617 
0.0341455 46.4159 305.617 
0.0341455 54.117 305.617 
0.0341455 63.0957 305.617 
0.0341455 73.5642 305.617 
0.0341455 85.7696 305.617 
0.0341455 100 305.617 
0.0398107 0.01 45.6263 
0.0398107 0.0116591 45.6249 
0.0398107 0.0135936 45.623 
0.0398107 0.0158489 45.6204 
0.0398107 0.0184785 45.6169 
0.0398107 0.0215443 45.6121 
0.0398107 0.0251189 45.6056 
0.0398107 0.0292864 45.5967 
0.0398107 0.0341455 45.5847 
0.0398107 0.0398107 45.5683 
0.0398107 0.0464159 45.5461 
0.0398107 0.054117 45.5159 
0.0398107 0.0630957 45.4749 
0.0398107 0.0735642 45.4193 
0.0398107 0.0857696 45.3438 
0.0398107 0.1 45.2413 
0.0398107 0.116591 45.1025 
0.0398107 0.135936 44.9147 
0.0398107 0.158489 44.6609 
0.0398107 0.184785 44.3187 
0.0398107 0.215443 43.8586 
0.0398107 0.251189 43.2426 
0.0398107 0.292864 42.4227 
0.0398107 0.341455 41.3397 
0.0398107 0.398107 39.9252 
0.0398107 0.464159 38.1068 
0.0398107 0.54117 35.8223 
0.0398107 0.630957 33.0498 
0.0398107 0.735642 29.8628 
0.0398107 0.857696 26.5249 
0.0398107 1 23.6325 
0.0398107 1.16591 22.2989 
0.0398107 1.35936 24.3247 
0.0398107 1.58489 32.2154 
0.0398107 1.84785 48.784 
0.0398107 2.15443 75.9718 
0.0398107 2.51189 112.9 
0.0398107 2.92864 154.88 
0.0398107 3.41455 196.058 
0.0398107 3.98107 233.207 
0.0398107 4.64159 265.423 
0.0398107 5.4117 292.039 
0.0398107 6.30957 312.298 
0.0398107 7.35642 326.003 
0.0398107 8.57696 333.913 
0.0398107 10 337.596 
0.0398107 11.6591 338.859 
0.0398107 13.5936 339.112 
0.0398107 15.8489 339.101 
0.0398107 18.4785 339.072 
0.0398107 21.5443 339.061 
0.0398107 25.1189 339.058 
0.0398107 29.2864 339.058 
0.0398107 34.1455 339.058 
0.0398107 39.8107 339.058 
0.0398107 46.4159 339.058 
0.0398107 54.117 339.058 
0.0398107 63.0957 339.058 
0.0398107 73.5642 339.058 
0.0398107 85.7696 339.058 
0.0398107 100 339.058 
0.0464159 0.01 45.6257 
0.0464159 0.0116591 45.6241 
0.0464159 0.0135936 45.6218 
0.0464159 0.0158489 45.6188 
0.0464159 0.0184785 45.6147 
0.0464159 0.0215443 45.6091 
0.0464159 0.0251189 45.6015 
0.0464159 0.0292864 45.5912 
0.0464159 0.0341455 45.5771 
0.0464159 0.0398107 45.5581 
0.0464159 0.0464159 45.5322 
0.0464159 0.054117 45.497 
0.0464159 0.0630957 45.4492 
0.0464159 0.0735642 45.3844 
0.0464159 0.0857696 45.2964 
0.0464159 0.1 45.1772 
0.0464159 0.116591 45.0156 
0.0464159 0.135936 44.7972 
0.0464159 0.158489 44.5023 
0.0464159 0.184785 44.1052 
0.0464159 0.215443 43.5722 
0.0464159 0.251189 42.8604 
0.0464159 0.292864 41.916 
0.0464159 0.341455 40.6747 
0.0464159 0.398107 39.0643 
0.0464159 0.464159 37.0143 
0.0464159 0.54117 34.4767 
0.0464159 0.630957 31.4675 
0.0464159 0.735642 28.1411 
0.0464159 0.857696 24.912 
0.0464159 1 22.6286 
0.0464159 1.16591 22.7767 
0.0464159 1.35936 27.6212 
0.0464159 1.58489 40.0806 
0.0464159 1.84785 62.9638 
0.0464159 2.15443 97.1856 
0.0464159 2.51189 139.689 
0.0464159 2.92864 184.261 
0.0464159 3.41455 226.143 
0.0464159 3.98107 263.925 
0.0464159 4.64159 297.077 
0.0464159 5.4117 324.57 
0.0464159 6.30957 345.446 
0.0464159 7.35642 359.525 
0.0464159 8.57696 367.643 
0.0464159 10 371.431 
0.0464159 11.6591 372.736 
0.0464159 13.5936 373.001 
0.0464159 15.8489 372.992 
0.0464159 18.4785 372.963 
0.0464159 21.5443 372.951 
0.0464159 25.1189 372.948 
0.0464159 29.2864 372.948 
0.0464159 34.1455 372.948 
0.0464159 39.8107 372.948 
0.0464159 46.4159 372.948 
0.0464159 54.117 372.948 
0.0464159 63.0957 372.948 
0.0464159 73.5642 372.948 
0.0464159 85.7696 372.948 
0.0464159 100 372.948 
0.054117 0.01 45.6249 
0.054117 0.0116591 45.623 
0.054117 0.0135936 45.6204 
0.054117 0.0158489 45.6169 
0.054117 0.0184785 45.6121 
0.054117 0.0215443 45.6056 
0.054117 0.0251189 45.5967 
0.054117 0.0292864 45.5847 
0.054117 0.0341455 45.5683 
0.054117 0.0398107 45.5461 
0.054117 0.0464159 45.5159 
0.054117 0.054117 45.4749 
0.054117 0.0630957 45.4193 
0.054117 0.0735642 45.3437 
0.054117 0.0857696 45.2413 
0.054117 0.1 45.1025 
0.054117 0.116591 44.9146 
0.054117 0.135936 44.6606 
0.054117 0.158489 44.3182 
0.054117 0.184785 43.8577 
0.054117 0.215443 43.241 
0.054117 0.251189 42.4197 
0.054117 0.292864 41.3345 
0.054117 0.341455 39.916 
0.054117 0.398107 38.0907 
0.054117 0.464159 35.795 
0.054117 0.54117 33.0052 
0.054117 0.630957 29.7942 
0.054117 0.735642 26.4301 
0.054117 0.857696 23.5285 
0.054117 1 22.2575 
0.054117 1.16591 24.5445 
0.054117 1.35936 33.143 
0.054117 1.58489 51.2553 
0.054117 1.84785 81.2126 
0.054117 2.15443 122.088 
0.054117 2.51189 168.483 
0.054117 2.92864 214.166 
0.054117 3.41455 256.552 
0.054117 3.98107 295.274 
0.054117 4.64159 329.454 
0.054117 5.4117 357.706 
0.054117 6.30957 379.049 
0.054117 7.35642 393.406 
0.054117 8.57696 401.696 
0.054117 10 405.587 
0.054117 11.6591 406.948 
0.054117 13.5936 407.238 
0.054117 15.8489 407.237 
0.054117 18.4785 407.21 
0.054117 21.5443 407.199 
0.054117 25.1189 407.197 
0.054117 29.2864 407.196 
0.054117 34.1455 407.196 
0.054117 39.8107 407.196 
0.054117 46.4159 407.196 
0.054117 54.117 407.196 
0.054117 63.0957 407.196 
0.054117 73.5642 407.196 
0.054117 85.7696 407.196 
0.054117 100 407.196 
0.0630957 0.01 45.6241 
0.0630957 0.0116591 45.6218 
0.0630957 0.0135936 45.6188 
0.0630957 0.0158489 45.6147 
0.0630957 0.0184785 45.6091 
0.0630957 0.0215443 45.6015 
0.0630957 0.0251189 45.5912 
0.0630957 0.0292864 45.5771 
0.0630957 0.0341455 45.5581 
0.0630957 0.0398107 45.5322 
0.0630957 0.0464159 45.497 
0.0630957 0.054117 45.4492 
0.0630957 0.0630957 45.3844 
0.0630957 0.0735642 45.2964 
0.0630957 0.0857696 45.1771 
0.0630957 0.1 45.0156 
0.0630957 0.116591 44.797 
0.0630957 0.135936 44.502 
0.0630957 0.158489 44.1046 
0.0630957 0.184785 43.5712 
0.0630957 0.215443 42.8585 
0.0630957 0.251189 41.9127 
0.0630957 0.292864 40.6687 
0.0630957 0.341455 39.0538 
0.0630957 0.398107 36.9962 
0.0630957 0.464159 34.4465 
0.0630957 0.54117 31.4194 
0.0630957 0.630957 28.0705 
0.0630957 0.735642 24.8229 
0.0630957 0.857696 22.5545 
0.0630957 1 22.8263 
0.0630957 1.16591 28.0643 
0.0630957 1.35936 41.4752 
0.0630957 1.58489 66.2491 
0.0630957 1.84785 103.5 
0.0630957 2.15443 149.754 
0.0630957 2.51189 198.17 
0.0630957 2.92864 244.301 
0.0630957 3.41455 287.5 
0.0630957 3.98107 327.354 
0.0630957 4.64159 362.446 
0.0630957 5.4117 391.26 
0.0630957 6.30957 412.931 
0.0630957 7.35642 427.514 
0.0630957 8.57696 435.982 
0.0630957 10 440.007 
0.0630957 11.6591 441.453 
0.0630957 13.5936 441.787 
0.0630957 15.8489 441.806 
0.0630957 18.4785 441.786 
0.0630957 21.5443 441.777 
0.0630957 25.1189 441.774 
0.0630957 29.2864 441.774 
0.0630957 34.1455 441.774 
0.0630957 39.8107 441.774 
0.0630957 46.4159 441.774 
0.0630957 54.117 441.774 
0.0630957 63.0957 441.774 
0.0630957 73.5642 441.774 
0.0630957 85.7696 441.774 
0.0630957 100 441.774 
0.0735642 0.01 45.623 
0.0735642 0.0116591 45.6204 
0.0735642 0.0135936 45.6169 
0.0735642 0.0158489 45.6121 
0.0735642 0.0184785 45.6056 
0.0735642 0.0215443 45.5967 
0.0735642 0.0251189 45.5847 
0.0735642 0.0292864 45.5683 
0.0735642 0.0341455 45.5461 
0.0735642 0.0398107 45.5159 
0.0735642 0.0464159 45.4749 
0.0735642 0.054117 45.4193 
0.0735642 0.0630957 45.3437 
0.0735642 0.0735642 45.2413 
0.0735642 0.0857696 45.1024 
0.0735642 0.1 44.9145 
0.0735642 0.116591 44.6604 
0.0735642 0.135936 44.3178 
0.0735642 0.158489 43.857 
0.0735642 0.184785 43.2398 
0.0735642 0.215443 42.4176 
0.0735642 0.251189 41.3306 
0.0735642 0.292864 39.9091 
0.0735642 0.341455 38.0788 
0.0735642 0.398107 35.7748 
0.0735642 0.464159 32.9722 
0.0735642 0.54117 29.7434 
0.0735642 0.630957 26.36 
0.0735642 0.735642 23.4523 
0.0735642 0.857696 22.2306 
0.0735642 1 24.7212 
0.0735642 1.16591 33.8743 
0.0735642 1.35936 53.2034 
0.0735642 1.58489 85.3433 
0.0735642 1.84785 129.275 
0.0735642 2.15443 178.986 
0.0735642 2.51189 228.119 
0.0735642 2.92864 274.823 
0.0735642 3.41455 319.163 
0.0735642 3.98107 360.091 
0.0735642 4.64159 395.859 
0.0735642 5.4117 425.046 
0.0735642 6.30957 446.971 
0.0735642 7.35642 461.79 
0.0735642 8.57696 470.487 
0.0735642 10 474.703 
0.0735642 11.6591 476.278 
0.0735642 13.5936 476.684 
0.0735642 15.8489 476.734 
0.0735642 18.4785 476.726 
0.0735642 21.5443 476.72 
0.0735642 25.1189 476.718 
0.0735642 29.2864 476.718 
0.0735642 34.1455 476.718 
0.0735642 39.8107 476.718 
0.0735642 46.4159 476.718 
0.0735642 54.117 476.718 
0.0735642 63.0957 476.718 
0.0735642 73.5642 476.718 
0.0735642 85.7696 476.718 
0.0735642 100 476.718 
0.0857696 0.01 45.6218 
0.0857696 0.0116591 45.6188 
0.0857696 0.0135936 45.6147 
0.0857696 0.0158489 45.6091 
0.0857696 0.0184785 45.6015 
0.0857696 0.0215443 45.5912 
0.0857696 0.0251189 45.5771 
0.0857696 0.0292864 45.5581 
0.0857696 0.0341455 45.5322 
0.0857696 0.0398107 45.497 
0.0857696 0.0464159 45.4492 
0.0857696 0.054117 45.3844 
0.0857696 0.0630957 45.2964 
0.0857696 0.0735642 45.1771 
0.0857696 0.0857696 45.0155 
0.0857696 0.1 44.7969 
0.0857696 0.116591 44.5018 
0.0857696 0.135936 44.1042 
0.0857696 0.158489 43.5704 
0.0857696 0.184785 42.8572 
0.0857696 0.215443 41.9102 
0.0857696 0.251189 40.6643 
0.0857696 0.292864 39.046 
0.0857696 0.341455 36.9829 
0.0857696 0.398107 34.4242 
0.0857696 0.464159 31.3839 
0.0857696 0.54117 28.0183 
0.0857696 0.630957 24.7572 
0.0857696 0.735642 22.501 
0.0857696 0.857696 22.8685 
0.0857696 1 28.4112 
0.0857696 1.16591 42.5629 
0.0857696 1.35936 68.8133 
0.0857696 1.58489 108.411 
0.0857696 1.84785 157.499 
0.0857696 2.15443 208.788 
0.0857696 2.51189 258.281 
0.0857696 2.92864 305.981 
0.0857696 3.41455 351.533 
0.0857696 3.98107 393.293 
0.0857696 4.64159 429.495 
0.0857696 5.4117 458.939 
0.0857696 6.30957 481.121 
0.0857696 7.35642 496.245 
0.0857696 8.57696 505.256 
0.0857696 10 509.735 
0.0857696 11.6591 511.491 
0.0857696 13.5936 511.997 
0.0857696 15.8489 512.093 
0.0857696 18.4785 512.101 
0.0857696 21.5443 512.1 
0.0857696 25.1189 512.1 
0.0857696 29.2864 512.1 
0.0857696 34.1455 512.1 
0.0857696 39.8107 512.1 
0.0857696 46.4159 512.1 
0.0857696 54.117 512.1 
0.0857696 63.0957 512.1 
0.0857696 73.5642 512.1 
0.0857696 85.7696 512.1 
0.0857696 100 512.1 
0.1 0.01 45.6204 
0.1 0.0116591 45.6169 
0.1 0.0135936 45.6121 
0.1 0.0158489 45.6056 
0.1 0.0184785 45.5967 
0.1 0.0215443 45.5847 
0.1 0.0251189 45.5683 
0.1 0.0292864 45.5461 
0.1 0.0341455 45.5159 
0.1 0.0398107 45.4749 
0.1 0.0464159 45.4193 
0.1 0.054117 45.3437 
0.1 0.0630957 45.2412 
0.1 0.0735642 45.1024 
0.1 0.0857696 44.9144 
0.1 0.1 44.6603 
0.1 0.116591 44.3176 
0.1 0.135936 43.8566 
0.1 0.158489 43.239 
0.1 0.184785 42.416 
0.1 0.215443 41.3278 
0.1 0.251189 39.9041 
0.1 0.292864 38.0701 
0.1 0.341455 35.76 
0.1 0.398107 32.9478 
0.1 0.464159 29.706 
0.1 0.54117 26.3083 
0.1 0.630957 23.3964 
0.1 0.735642 22.2127 
0.1 0.857696 24.8597 
0.1 1 34.44 
0.1 1.16591 54.7104 
0.1 1.35936 88.5364 
0.1 1.58489 134.791 
0.1 1.84785 186.968 
0.1 2.15443 238.733 
0.1 2.51189 288.914 
0.1 2.92864 337.875 
0.1 3.41455 384.451 
0.1 3.98107 426.751 
0.1 4.64159 463.214 
0.1 5.4117 492.894 
0.1 6.30957 515.404 
0.1 7.35642 530.935 
0.1 8.57696 540.357 
0.1 10 545.173 
0.1 11.6591 547.157 
0.1 13.5936 547.789 
0.1 15.8489 547.943 
0.1 18.4785 547.973 
0.1 21.5443 547.978 
0.1 25.1189 547.979 
0.1 29.2864 547.979 
0.1 34.1455 547.979 
0.1 39.8107 547.979 
0.1 46.4159 547.979 
0.1 54.117 547.979 
0.1 63.0957 547.979 
0.1 73.5642 547.979 
0.1 85.7696 547.979 
0.1 100 547.979 
0.116591 0.01 45.6188 
0.116591 0.0116591 45.6147 
0.116591 0.0135936 45.6091 
0.116591 0.0158489 45.6015 
0.116591 0.0184785 45.5912 
0.116591 0.0215443 45.5771 
0.116591 0.0251189 45.5581 
0.116591 0.0292864 45.5322 
0.116591 0.0341455 45.497 
0.116591 0.0398107 45.4492 
0.116591 0.0464159 45.3844 
0.116591 0.054117 45.2964 
0.116591 0.0630957 45.177 
0.116591 0.0735642 45.0154 
0.116591 0.0857696 44.7968 
0.116591 0.1 44.5016 
0.116591 0.116591 44.1039 
0.116591 0.135936 43.5699 
0.116591 0.158489 42.8562 
0.116591 0.184785 41.9084 
0.116591 0.215443 40.6611 
0.116591 0.251189 39.0403 
0.116591 0.292864 36.973 
0.116591 0.341455 34.4078 
0.116591 0.398107 31.3577 
0.116591 0.464159 27.9798 
0.116591 0.54117 24.7089 
0.116591 0.630957 22.4623 
0.116591 0.735642 22.9027 
0.116591 0.857696 28.6783 
0.116591 1 43.3979 
0.116591 1.16591 70.7827 
0.116591 1.35936 112.17 
0.116591 1.58489 163.373 
0.116591 1.84785 216.805 
0.116591 2.15443 268.925 
0.116591 2.51189 320.239 
0.116591 2.92864 370.414 
0.116591 3.41455 417.7 
0.116591 3.98107 460.297 
0.116591 4.64159 496.954 
0.116591 5.4117 526.928 
0.116591 6.30957 549.876 
0.116591 7.35642 565.923 
0.116591 8.57696 575.837 
0.116591 10 581.045 
0.116591 11.6591 583.289 
0.116591 13.5936 584.065 
0.116591 15.8489 584.285 
0.116591 18.4785 584.34 
0.116591 21.5443 584.353 
0.116591 25.1189 584.355 
0.116591 29.2864 584.355 
0.116591 34.1455 584.355 
0.116591 39.8107 584.355 
0.116591 46.4159 584.355 
0.116591 54.117 584.355 
0.116591 63.0957 584.355 
0.116591 73.5642 584.355 
0.116591 85.7696 584.355 
0.116591 100 584.355 
0.135936 0.01 45.6169 
0.135936 0.0116591 45.6121 
0.135936 0.0135936 45.6056 
0.135936 0.0158489 45.5967 
0.135936 0.0184785 45.5847 
0.135936 0.0215443 45.5683 
0.135936 0.0251189 45.5461 
0.135936 0.0292864 45.5159 
0.135936 0.0341455 45.4749 
0.135936 0.0398107 45.4193 
0.135936 0.0464159 45.3437 
0.135936 0.054117 45.2412 
0.135936 0.0630957 45.1023 
0.135936 0.0735642 44.9143 
0.135936 0.0857696 44.6602 
0.135936 0.1 44.3174 
0.135936 0.116591 43.8562 
0.135936 0.135936 43.2383 
0.135936 0.158489 42.4148 
0.135936 0.184785 41.3257 
0.135936 0.215443 39.9004 
0.135936 0.251189 38.0636 
0.135936 0.292864 35.749 
0.135936 0.341455 32.9299 
0.135936 0.398107 29.6783 
0.135936 0.464159 26.2702 
0.135936 0.54117 23.3555 
0.135936 0.630957 22.2007 
0.135936 0.735642 24.9664 
0.135936 0.857696 34.8717 
0.135936 1 55.8606 
0.135936 1.16591 90.9708 
0.135936 1.35936 138.972 
0.135936 1.58489 192.972 
0.135936 1.84785 246.738 
0.135936 2.15443 299.655 
0.135936 2.51189 352.285 
0.135936 2.92864 403.398 
0.135936 3.41455 451.085 
0.135936 3.98107 493.844 
0.135936 4.64159 530.72 
0.135936 5.4117 561.095 
0.135936 6.30957 584.592 
0.135936 7.35642 601.231 
0.135936 8.57696 611.677 
0.135936 10 617.295 
0.135936 11.6591 619.807 
0.135936 13.5936 620.732 
0.135936 15.8489 621.021 
0.135936 18.4785 621.101 
0.135936 21.5443 621.121 
0.135936 25.1189 621.125 
0.135936 29.2864 621.126 
0.135936 34.1455 621.126 
0.135936 39.8107 621.126 
0.135936 46.4159 621.126 
0.135936 54.117 621.126 
0.135936 63.0957 621.126 
0.135936 73.5642 621.126 
0.135936 85.7696 621.126 
0.135936 100 621.126 
0.158489 0.01 45.6147 
0.158489 0.0116591 45.6091 
0.158489 0.0135936 45.6015 
0.158489 0.0158489 45.5912 
0.158489 0.0184785 45.5771 
0.158489 0.0215443 45.5581 
0.158489 0.0251189 45.5322 
0.158489 0.0292864 45.497 
0.158489 0.0341455 45.4492 
0.158489 0.0398107 45.3843 
0.158489 0.0464159 45.2963 
0.158489 0.054117 45.177 
0.158489 0.0630957 45.0154 
0.158489 0.0735642 44.7968 
0.158489 0.0857696 44.5015 
0.158489 0.1 44.1036 
0.158489 0.116591 43.5695 
0.158489 0.135936 42.8554 
0.158489 0.158489 41.9071 
0.158489 0.184785 40.6587 
0.158489 0.215443 39.0361 
0.158489 0.251189 36.9658 
0.158489 0.292864 34.3957 
0.158489 0.341455 31.3384 
0.158489 0.398107 27.9514 
0.158489 0.464159 24.6733 
0.158489 0.54117 22.4341 
0.158489 0.630957 22.9297 
0.158489 0.735642 28.8813 
0.158489 0.857696 44.0317 
0.158489 1 72.2775 
0.158489 1.16591 115.014 
0.158489 1.35936 167.787 
0.158489 1.58489 222.814 
0.158489 1.84785 276.961 
0.158489 2.15443 331.103 
0.158489 2.51189 384.912 
0.158489 2.92864 436.611 
0.158489 3.41455 484.477 
0.158489 3.98107 527.372 
0.158489 4.64159 564.56 
0.158489 5.4117 595.446 
0.158489 6.30957 619.56 
0.158489 7.35642 636.802 
0.158489 8.57696 647.757 
0.158489 10 653.754 
0.158489 11.6591 656.513 
0.158489 13.5936 657.575 
0.158489 15.8489 657.927 
0.158489 18.4785 658.031 
0.158489 21.5443 658.058 
0.158489 25.1189 658.063 
0.158489 29.2864 658.064 
0.158489 34.1455 658.064 
0.158489 39.8107 658.064 
0.158489 46.4159 658.064 
0.158489 54.117 658.064 
0.158489 63.0957 658.064 
0.158489 73.5642 658.064 
0.158489 85.7696 658.064 
0.158489 100 658.064 
0.184785 0.01 45.6121 
0.184785 0.0116591 45.6056 
0.184785 0.0135936 45.5967 
0.184785 0.0158489 45.5847 
0.184785 0.0184785 45.5683 
0.184785 0.0215443 45.5461 
0.184785 0.0251189 45.5159 
0.184785 0.0292864 45.4749 
0.184785 0.0341455 45.4192 
0.184785 0.0398107 45.3437 
0.184785 0.0464159 45.2412 
0.184785 0.054117 45.1023 
0.184785 0.0630957 44.9143 
0.184785 0.0735642 44.6601 
0.184785 0.0857696 44.3172 
0.184785 0.1 43.8559 
0.184785 0.116591 43.2378 
0.184785 0.135936 42.414 
0.184785 0.158489 41.3242 
0.184785 0.184785 39.8977 
0.184785 0.215443 38.0589 
0.184785 0.251189 35.7409 
0.184785 0.292864 32.9167 
0.184785 0.341455 29.6579 
0.184785 0.398107 26.2421 
0.184785 0.464159 23.3254 
0.184785 0.54117 22.1925 
0.184785 0.630957 25.0475 
0.184785 0.735642 35.1979 
0.184785 0.857696 56.7297 
0.184785 1 92.8087 
0.184785 1.16591 142.112 
0.184785 1.35936 197.459 
0.184785 1.58489 252.737 
0.184785 1.84785 307.768 
0.184785 2.15443 363.245 
0.184785 2.51189 417.901 
0.184785 2.92864 469.88 
0.184785 3.41455 517.824 
0.184785 3.98107 560.915 
0.184785 4.64159 598.523 
0.184785 5.4117 629.987 
0.184785 6.30957 654.703 
0.184785 7.35642 672.472 
0.184785 8.57696 683.84 
0.184785 10 690.134 
0.184785 11.6591 693.088 
0.184785 13.5936 694.26 
0.184785 15.8489 694.663 
0.184785 18.4785 694.787 
0.184785 21.5443 694.819 
0.184785 25.1189 694.826 
0.184785 29.2864 694.827 
0.184785 34.1455 694.827 
0.184785 39.8107 694.827 
0.184785 46.4159 694.827 
0.184785 54.117 694.827 
0.184785 63.0957 694.827 
0.184785 73.5642 694.827 
0.184785 85.7696 694.827 
0.184785 100 694.827 
0.215443 0.01 45.6091 
0.215443 0.0116591 45.6015 
0.215443 0.0135936 45.5912 
0.215443 0.0158489 45.5771 
0.215443 0.0184785 45.5581 
0.215443 0.0215443 45.5322 
0.215443 0.0251189 45.497 
0.215443 0.0292864 45.4492 
0.215443 0.0341455 45.3843 
0.215443 0.0398107 45.2963 
0.215443 0.0464159 45.177 
0.215443 0.054117 45.0154 
0.215443 0.0630957 44.7967 
0.215443 0.0735642 44.5014 
0.215443 0.0857696 44.1035 
0.215443 0.1 43.5692 
0.215443 0.116591 42.8549 
0.215443 0.135936 41.9061 
0.215443 0.158489 40.6569 
0.215443 0.184785 39.033 
0.215443 0.215443 36.9604 
0.215443 0.251189 34.3867 
0.215443 0.292864 31.3242 
0.215443 0.341455 27.9304 
0.215443 0.398107 24.6471 
0.215443 0.464159 22.4135 
0.215443 0.54117 22.9506 
0.215443 0.630957 29.0343 
0.215443 0.735642 44.5087 
0.215443 0.857696 73.4025 
0.215443 1 117.15 
0.215443 1.16591 171.084 
0.215443 1.35936 227.295 
0.215443 1.58489 282.987 
0.215443 1.84785 339.302 
0.215443 2.15443 395.911 
0.215443 2.51189 451.046 
0.215443 2.92864 503.108 
0.215443 3.41455 551.136 
0.215443 3.98107 594.524 
0.215443 4.64159 632.629 
0.215443 5.4117 664.649 
0.215443 6.30957 689.845 
0.215443 7.35642 707.967 
0.215443 8.57696 719.581 
0.215443 10 726.049 
0.215443 11.6591 729.121 
0.215443 13.5936 730.364 
0.215443 15.8489 730.802 
0.215443 18.4785 730.939 
0.215443 21.5443 730.975 
0.215443 25.1189 730.983 
0.215443 29.2864 730.984 
0.215443 34.1455 730.984 
0.215443 39.8107 730.984 
0.215443 46.4159 730.984 
0.215443 54.117 730.984 
0.215443 63.0957 730.984 
0.215443 73.5642 730.984 
0.215443 85.7696 730.984 
0.215443 100 730.984 
0.251189 0.01 45.6056 
0.251189 0.0116591 45.5967 
0.251189 0.0135936 45.5847 
0.251189 0.0158489 45.5683 
0.251189 0.0184785 45.5461 
0.251189 0.0215443 45.5159 
0.251189 0.0251189 45.4749 
0.251189 0.0292864 45.4192 
0.251189 0.0341455 45.3437 
0.251189 0.0398107 45.2412 
0.251189 0.0464159 45.1023 
0.251189 0.054117 44.9143 
0.251189 0.0630957 44.66 
0.251189 0.0735642 44.3171 
0.251189 0.0857696 43.8558 
0.251189 0.1 43.2375 
0.251189 0.116591 42.4134 
0.251189 0.135936 41.323 
0.251189 0.158489 39.8957 
0.251189 0.184785 38.0554 
0.251189 0.215443 35.735 
0.251189 0.251189 32.9069 
0.251189 0.292864 29.6429 
0.251189 0.341455 26.2214 
0.251189 0.398107 23.3033 
0.251189 0.464159 22.1868 
0.251189 0.54117 25.1086 
0.251189 0.630957 35.4427 
0.251189 0.735642 57.3818 
0.251189 0.857696 94.1864 
0.251189 1 144.458 
0.251189 1.16591 200.797 
0.251189 1.35936 257.211 
0.251189 1.58489 313.854 
0.251189 1.84785 371.504 
0.251189 2.15443 428.879 
0.251189 2.51189 484.196 
0.251189 2.92864 536.266 
0.251189 3.41455 584.456 
0.251189 3.98107 628.23 
0.251189 4.64159 666.826 
0.251189 5.4117 699.26 
0.251189 6.30957 724.7 
0.251189 7.35642 742.919 
0.251189 8.57696 754.563 
0.251189 10 761.054 
0.251189 11.6591 764.156 
0.251189 13.5936 765.424 
0.251189 15.8489 765.878 
0.251189 18.4785 766.021 
0.251189 21.5443 766.06 
0.251189 25.1189 766.068 
0.251189 29.2864 766.069 
0.251189 34.1455 766.069 
0.251189 39.8107 766.069 
0.251189 46.4159 766.069 
0.251189 54.117 766.069 
0.251189 63.0957 766.069 
0.251189 73.5642 766.069 
0.251189 85.7696 766.069 
0.251189 100 766.069 
0.292864 0.01 45.6015 
0.292864 0.0116591 45.5912 
0.292864 0.0135936 45.5771 
0.292864 0.0158489 45.5581 
0.292864 0.0184785 45.5322 
0.292864 0.0215443 45.497 
0.292864 0.0251189 45.4492 
0.292864 0.0292864 45.3843 
0.292864 0.0341455 45.2963 
0.292864 0.0398107 45.177 
0.292864 0.0464159 45.0154 
0.292864 0.054117 44.7967 
0.292864 0.0630957 44.5013 
0.292864 0.0735642 44.1034 
0.292864 0.0857696 43.5689 
0.292864 0.1 42.8545 
0.292864 0.116591 41.9053 
0.292864 0.135936 40.6556 
0.292864 0.158489 39.0307 
0.292864 0.184785 36.9565 
0.292864 0.215443 34.3802 
0.292864 0.251189 31.3137 
0.292864 0.292864 27.915 
0.292864 0.341455 24.6278 
0.292864 0.398107 22.3985 
0.292864 0.464159 22.9665 
0.292864 0.54117 29.1489 
0.292864 0.630957 44.8656 
0.292864 0.735642 74.2441 
0.292864 0.857696 118.744 
0.292864 1 173.535 
0.292864 1.16591 230.624 
0.292864 1.35936 287.485 
0.292864 1.58489 345.448 
0.292864 1.84785 404.184 
0.292864 2.15443 461.95 
0.292864 2.51189 517.274 
0.292864 2.92864 569.381 
0.292864 3.41455 617.828 
0.292864 3.98107 662.016 
0.292864 4.64159 700.973 
0.292864 5.4117 733.551 
0.292864 6.30957 758.899 
0.292864 7.35642 776.904 
0.292864 8.57696 788.343 
0.292864 10 794.703 
0.292864 11.6591 797.746 
0.292864 13.5936 798.997 
0.292864 15.8489 799.448 
0.292864 18.4785 799.591 
0.292864 21.5443 799.63 
0.292864 25.1189 799.638 
0.292864 29.2864 799.639 
0.292864 34.1455 799.639 
0.292864 39.8107 799.639 
0.292864 46.4159 799.639 
0.292864 54.117 799.639 
0.292864 63.0957 799.639 
0.292864 73.5642 799.639 
0.292864 85.7696 799.639 
0.292864 100 799.639 
0.341455 0.01 45.5967 
0.341455 0.0116591 45.5847 
0.341455 0.0135936 45.5683 
0.341455 0.0158489 45.5461 
0.341455 0.0184785 45.5159 
0.341455 0.0215443 45.4749 
0.341455 0.0251189 45.4192 
0.341455 0.0292864 45.3437 
0.341455 0.0341455 45.2412 
0.341455 0.0398107 45.1023 
0.341455 0.0464159 44.9142 
0.341455 0.054117 44.66 
0.341455 0.0630957 44.317 
0.341455 0.0735642 43.8556 
0.341455 0.0857696 43.2372 
0.341455 0.1 42.4129 
0.341455 0.116591 41.3222 
0.341455 0.135936 39.8942 
0.341455 0.158489 38.0528 
0.341455 0.184785 35.7306 
0.341455 0.215443 32.8997 
0.341455 0.251189 29.6319 
0.341455 0.292864 26.2062 
0.341455 0.341455 23.287 
0.341455 0.398107 22.1827 
0.341455 0.464159 25.1544 
0.341455 0.54117 35.6254 
0.341455 0.630957 57.8685 
0.341455 0.735642 95.2139 
0.341455 0.857696 146.202 
0.341455 1 203.273 
0.341455 1.16591 260.536 
0.341455 1.35936 318.395 
0.341455 1.58489 377.686 
0.341455 1.84785 437.121 
0.341455 2.15443 494.993 
0.341455 2.51189 550.27 
0.341455 2.92864 602.497 
0.341455 3.41455 651.263 
0.341455 3.98107 695.778 
0.341455 4.64159 734.829 
0.341455 5.4117 767.164 
0.341455 6.30957 792.028 
0.341455 7.35642 809.499 
0.341455 8.57696 820.507 
0.341455 10 826.599 
0.341455 11.6591 829.508 
0.341455 13.5936 830.705 
0.341455 15.8489 831.137 
0.341455 18.4785 831.274 
0.341455 21.5443 831.312 
0.341455 25.1189 831.319 
0.341455 29.2864 831.32 
0.341455 34.1455 831.321 
0.341455 39.8107 831.321 
0.341455 46.4159 831.321 
0.341455 54.117 831.321 
0.341455 63.0957 831.321 
0.341455 73.5642 831.321 
0.341455 85.7696 831.321 
0.341455 100 831.321 
0.398107 0.01 45.5912 
0.398107 0.0116591 45.5771 
0.398107 0.0135936 45.5581 
0.398107 0.0158489 45.5322 
0.398107 0.0184785 45.497 
0.398107 0.0215443 45.4492 
0.398107 0.0251189 45.3843 
0.398107 0.0292864 45.2963 
0.398107 0.0341455 45.177 
0.398107 0.0398107 45.0153 
0.398107 0.0464159 44.7966 
0.398107 0.054117 44.5013 
0.398107 0.0630957 44.1033 
0.398107 0.0735642 43.5688 
0.398107 0.0857696 42.8542 
0.398107 0.1 41.9048 
0.398107 0.116591 40.6547 
0.398107 0.135936 39.0291 
0.398107 0.158489 36.9536 
0.398107 0.184785 34.3753 
0.398107 0.215443 31.306 
0.398107 0.251189 27.9037 
0.398107 0.292864 24.6136 
0.398107 0.341455 22.3875 
0.398107 0.398107 22.9784 
0.398107 0.464159 29.2342 
0.398107 0.54117 45.1313 
0.398107 0.630957 74.8708 
0.398107 0.735642 119.929 
0.398107 0.857696 175.352 
0.398107 1 233.091 
0.398107 1.16591 290.828 
0.398107 1.35936 350.032 
0.398107 1.58489 410.368 
0.398107 1.84785 470.126 
0.398107 2.15443 527.945 
0.398107 2.51189 583.215 
0.398107 2.92864 635.649 
0.398107 3.41455 684.709 
0.398107 3.98107 729.322 
0.398107 4.64159 768.065 
0.398107 5.4117 799.701 
0.398107 6.30957 823.681 
0.398107 7.35642 840.326 
0.398107 8.57696 850.72 
0.398107 10 856.435 
0.398107 11.6591 859.154 
0.398107 13.5936 860.27 
0.398107 15.8489 860.671 
0.398107 18.4785 860.798 
0.398107 21.5443 860.833 
0.398107 25.1189 860.84 
0.398107 29.2864 860.841 
0.398107 34.1455 860.841 
0.398107 39.8107 860.841 
0.398107 46.4159 860.841 
0.398107 54.117 860.841 
0.398107 63.0957 860.841 
0.398107 73.5642 860.841 
0.398107 85.7696 860.841 
0.398107 100 860.841 
0.464159 0.01 45.5847 
0.464159 0.0116591 45.5683 
0.464159 0.0135936 45.5461 
0.464159 0.0158489 45.5159 
0.464159 0.0184785 45.4749 
0.464159 0.0215443 45.4192 
0.464159 0.0251189 45.3437 
0.464159 0.0292864 45.2412 
0.464159 0.0341455 45.1023 
0.464159 0.0398107 44.9142 
0.464159 0.0464159 44.66 
0.464159 0.054117 44.317 
0.464159 0.0630957 43.8555 
0.464159 0.0735642 43.237 
0.464159 0.0857696 42.4126 
0.464159 0.1 41.3216 
0.464159 0.116591 39.8931 
0.464159 0.135936 38.0509 
0.464159 0.158489 35.7273 
0.464159 0.184785 32.8944 
0.464159 0.215443 29.6237 
0.464159 0.251189 26.195 
0.464159 0.292864 23.2751 
0.464159 0.341455 22.1799 
0.464159 0.398107 25.1885 
0.464159 0.464159 35.7612 
0.464159 0.54117 58.2303 
0.464159 0.630957 95.9773 
0.464159 0.735642 147.495 
0.464159 0.857696 205.105 
0.464159 1 263 
0.464159 1.16591 321.772 
0.464159 1.35936 382.292 
0.464159 1.58489 443.275 
0.464159 1.84785 503.079 
0.464159 2.15443 560.806 
0.464159 2.51189 616.156 
0.464159 2.92864 668.829 
0.464159 3.41455 718.022 
0.464159 3.98107 762.358 
0.464159 4.64159 800.299 
0.464159 5.4117 830.766 
0.464159 6.30957 853.507 
0.464159 7.35642 869.097 
0.464159 8.57696 878.743 
0.464159 10 884.011 
0.464159 11.6591 886.504 
0.464159 13.5936 887.521 
0.464159 15.8489 887.885 
0.464159 18.4785 888 
0.464159 21.5443 888.031 
0.464159 25.1189 888.038 
0.464159 29.2864 888.039 
0.464159 34.1455 888.039 
0.464159 39.8107 888.039 
0.464159 46.4159 888.039 
0.464159 54.117 888.039 
0.464159 63.0957 888.039 
0.464159 73.5642 888.039 
0.464159 85.7696 888.039 
0.464159 100 888.039 
0.54117 0.01 45.5771 
0.54117 0.0116591 45.5581 
0.54117 0.0135936 45.5322 
0.54117 0.0158489 45.497 
0.54117 0.0184785 45.4492 
0.54117 0.0215443 45.3843 
0.54117 0.0251189 45.2963 
0.54117 0.0292864 45.177 
0.54117 0.0341455 45.0153 
0.54117 0.0398107 44.7966 
0.54117 0.0464159 44.5012 
0.54117 0.054117 44.1032 
0.54117 0.0630957 43.5686 
0.54117 0.0735642 42.854 
0.54117 0.0857696 41.9044 
0.54117 0.1 40.654 
0.54117 0.116591 39.0278 
0.54117 0.135936 36.9515 
0.54117 0.158489 34.3718 
0.54117 0.184785 31.3003 
0.54117 0.215443 27.8953 
0.54117 0.251189 24.6032 
0.54117 0.292864 22.3794 
0.54117 0.341455 22.9874 
0.54117 0.398107 29.2976 
0.54117 0.464159 45.3286 
0.54117 0.54117 75.336 
0.54117 0.630957 120.808 
0.54117 0.735642 176.696 
0.54117 0.857696 234.916 
0.54117 1 293.307 
0.54117 1.16591 353.438 
0.54117 1.35936 414.971 
0.54117 1.58489 476.224 
0.54117 1.84785 535.929 
0.54117 2.15443 593.615 
0.54117 2.51189 649.117 
0.54117 2.92864 701.954 
0.54117 3.41455 750.97 
0.54117 3.98107 794.532 
0.54117 4.64159 831.143 
0.54117 5.4117 860.017 
0.54117 6.30957 881.242 
0.54117 7.35642 895.624 
0.54117 8.57696 904.446 
0.54117 10 909.231 
0.54117 11.6591 911.481 
0.54117 13.5936 912.393 
0.54117 15.8489 912.717 
0.54117 18.4785 912.819 
0.54117 21.5443 912.846 
0.54117 25.1189 912.852 
0.54117 29.2864 912.853 
0.54117 34.1455 912.853 
0.54117 39.8107 912.853 
0.54117 46.4159 912.853 
0.54117 54.117 912.853 
0.54117 63.0957 912.853 
0.54117 73.5642 912.853 
0.54117 85.7696 912.853 
0.54117 100 912.853 
0.630957 0.01 45.5683 
0.630957 0.0116591 45.5461 
0.630957 0.0135936 45.5159 
0.630957 0.0158489 45.4749 
0.630957 0.0184785 45.4192 
0.630957 0.0215443 45.3437 
0.630957 0.0251189 45.2412 
0.630957 0.0292864 45.1023 
0.630957 0.0341455 44.9142 
0.630957 0.0398107 44.66 
0.630957 0.0464159 44.3169 
0.630957 0.054117 43.8554 
0.630957 0.0630957 43.2369 
0.630957 0.0735642 42.4123 
0.630957 0.0857696 41.3211 
0.630957 0.1 39.8923 
0.630957 0.116591 38.0495 
0.630957 0.135936 35.725 
0.630957 0.158489 32.8906 
0.630957 0.184785 29.6177 
0.630957 0.215443 26.1867 
0.630957 0.251189 23.2663 
0.630957 0.292864 22.1778 
0.630957 0.341455 25.2138 
0.630957 0.398107 35.8619 
0.630957 0.464159 58.4985 
0.630957 0.54117 96.5431 
0.630957 0.630957 148.452 
0.630957 0.735642 206.459 
0.630957 0.857696 264.823 
0.630957 1 324.275 
0.630957 1.16591 385.712 
0.630957 1.35936 447.85 
0.630957 1.58489 509.105 
0.630957 1.84785 568.684 
0.630957 2.15443 626.411 
0.630957 2.51189 682.073 
0.630957 2.92864 734.855 
0.630957 3.41455 783.236 
0.630957 3.98107 825.461 
0.630957 4.64159 860.249 
0.630957 5.4117 887.198 
0.630957 6.30957 906.728 
0.630957 7.35642 919.825 
0.630957 8.57696 927.796 
0.630957 10 932.092 
0.630957 11.6591 934.098 
0.630957 13.5936 934.905 
0.630957 15.8489 935.188 
0.630957 18.4785 935.277 
0.630957 21.5443 935.301 
0.630957 25.1189 935.306 
0.630957 29.2864 935.306 
0.630957 34.1455 935.306 
0.630957 39.8107 935.306 
0.630957 46.4159 935.306 
0.630957 54.117 935.306 
0.630957 63.0957 935.306 
0.630957 73.5642 935.306 
0.630957 85.7696 935.306 
0.630957 100 935.306 
0.735642 0.01 45.5581 
0.735642 0.0116591 45.5322 
0.735642 0.0135936 45.497 
0.735642 0.0158489 45.4492 
0.735642 0.0184785 45.3843 
0.735642 0.0215443 45.2963 
0.735642 0.0251189 45.177 
0.735642 0.0292864 45.0153 
0.735642 0.0341455 44.7966 
0.735642 0.0398107 44.5012 
0.735642 0.0464159 44.1032 
0.735642 0.054117 43.5686 
0.735642 0.0630957 42.8538 
0.735642 0.0735642 41.9041 
0.735642 0.0857696 40.6534 
0.735642 0.1 39.0269 
0.735642 0.116591 36.9499 
0.735642 0.135936 34.3691 
0.735642 0.158489 31.2961 
0.735642 0.184785 27.8892 
0.735642 0.215443 24.5955 
0.735642 0.251189 22.3735 
0.735642 0.292864 22.9941 
0.735642 0.341455 29.3446 
0.735642 0.398107 45.4747 
0.735642 0.464159 75.6805 
0.735642 0.54117 121.458 
0.735642 0.630957 177.689 
0.735642 0.735642 236.264 
0.735642 0.857696 295.142 
0.735642 1 355.961 
0.735642 1.16591 418.386 
0.735642 1.35936 480.755 
0.735642 1.58489 541.876 
0.735642 1.84785 601.383 
0.735642 2.15443 659.214 
0.735642 2.51189 714.919 
0.735642 2.92864 767.27 
0.735642 3.41455 814.454 
0.735642 3.98107 854.785 
0.735642 4.64159 887.346 
0.735642 5.4117 912.152 
0.735642 6.30957 929.906 
0.735642 7.35642 941.705 
0.735642 8.57696 948.838 
0.735642 10 952.659 
0.735642 11.6591 954.431 
0.735642 13.5936 955.138 
0.735642 15.8489 955.384 
0.735642 18.4785 955.46 
0.735642 21.5443 955.48 
0.735642 25.1189 955.484 
0.735642 29.2864 955.485 
0.735642 34.1455 955.485 
0.735642 39.8107 955.485 
0.735642 46.4159 955.485 
0.735642 54.117 955.485 
0.735642 63.0957 955.485 
0.735642 73.5642 955.485 
0.735642 85.7696 955.485 
0.735642 100 955.485 
0.857696 0.01 45.5461 
0.857696 0.0116591 45.5159 
0.857696 0.0135936 45.4749 
0.857696 0.0158489 45.4192 
0.857696 0.0184785 45.3437 
0.857696 0.0215443 45.2412 
0.857696 0.0251189 45.1023 
0.857696 0.0292864 44.9142 
0.857696 0.0341455 44.6599 
0.857696 0.0398107 44.3169 
0.857696 0.0464159 43.8554 
0.857696 0.054117 43.2368 
0.857696 0.0630957 42.4121 
0.857696 0.0735642 41.3208 
0.857696 0.0857696 39.8917 
0.857696 0.1 38.0485 
0.857696 0.116591 35.7232 
0.857696 0.135936 32.8877 
0.857696 0.158489 29.6133 
0.857696 0.184785 26.1807 
0.857696 0.215443 23.2598 
0.857696 0.251189 22.1764 
0.857696 0.292864 25.2325 
0.857696 0.341455 35.9364 
0.857696 0.398107 58.697 
0.857696 0.464159 96.9616 
0.857696 0.54117 149.158 
0.857696 0.630957 207.457 
0.857696 0.735642 266.17 
0.857696 0.857696 326.127 
0.857696 1 388.245 
0.857696 1.16591 451.242 
0.857696 1.35936 513.58 
0.857696 1.58489 574.548 
0.857696 1.84785 634.065 
0.857696 2.15443 691.982 
0.857696 2.51189 747.466 
0.857696 2.92864 798.869 
0.857696 3.41455 844.256 
0.857696 3.98107 882.207 
0.857696 4.64159 912.263 
0.857696 5.4117 934.822 
0.857696 6.30957 950.799 
0.857696 7.35642 961.338 
0.857696 8.57696 967.673 
0.857696 10 971.048 
0.857696 11.6591 972.602 
0.857696 13.5936 973.217 
0.857696 15.8489 973.428 
0.857696 18.4785 973.493 
0.857696 21.5443 973.51 
0.857696 25.1189 973.514 
0.857696 29.2864 973.514 
0.857696 34.1455 973.514 
0.857696 39.8107 973.514 
0.857696 46.4159 973.514 
0.857696 54.117 973.514 
0.857696 63.0957 973.514 
0.857696 73.5642 973.514 
0.857696 85.7696 973.514 
0.857696 100 973.514 
