0.0001 0.01 16.8371 
0.0001 0.0116591 16.8371 
0.0001 0.0135936 16.8371 
0.0001 0.0158489 16.8371 
0.0001 0.0184785 16.8371 
0.0001 0.0215443 16.8371 
0.0001 0.0251189 16.8371 
0.0001 0.0292864 16.8371 
0.0001 0.0341455 16.8371 
0.0001 0.0398107 16.8371 
0.0001 0.0464159 16.8371 
0.0001 0.054117 16.8371 
0.0001 0.0630957 16.837 
0.0001 0.0735642 16.837 
0.0001 0.0857696 16.837 
0.0001 0.1 16.8369 
0.0001 0.116591 16.8368 
0.0001 0.135936 16.8367 
0.0001 0.158489 16.8366 
0.0001 0.184785 16.8364 
0.0001 0.215443 16.8361 
0.0001 0.251189 16.8357 
0.0001 0.292864 16.8352 
0.0001 0.341455 16.8346 
0.0001 0.398107 16.8337 
0.0001 0.464159 16.8324 
0.0001 0.54117 16.8307 
0.0001 0.630957 16.8284 
0.0001 0.735642 16.8254 
0.0001 0.857696 16.8212 
0.0001 1 16.8156 
0.0001 1.16591 16.8081 
0.0001 1.35936 16.7982 
0.0001 1.58489 16.785 
0.0001 1.84785 16.7677 
0.0001 2.15443 16.7454 
0.0001 2.51189 16.717 
0.0001 2.92864 16.6818 
0.0001 3.41455 16.6394 
0.0001 3.98107 16.5903 
0.0001 4.64159 16.5362 
0.0001 5.4117 16.4803 
0.0001 6.30957 16.4271 
0.0001 7.35642 16.3813 
0.0001 8.57696 16.3464 
0.0001 10 16.3236 
0.0001 11.6591 16.311 
0.0001 13.5936 16.3054 
0.0001 15.8489 16.3034 
0.0001 18.4785 16.3028 
0.0001 21.5443 16.3026 
0.0001 25.1189 16.3026 
0.0001 29.2864 16.3026 
0.0001 34.1455 16.3026 
0.0001 39.8107 16.3026 
0.0001 46.4159 16.3026 
0.0001 54.117 16.3026 
0.0001 63.0957 16.3026 
0.0001 73.5642 16.3026 
0.0001 85.7696 16.3026 
0.0001 100 16.3026 
0.000116591 0.01 16.8371 
0.000116591 0.0116591 16.8371 
0.000116591 0.0135936 16.8371 
0.000116591 0.0158489 16.8371 
0.000116591 0.0184785 16.8371 
0.000116591 0.0215443 16.8371 
0.000116591 0.0251189 16.8371 
0.000116591 0.0292864 16.8371 
0.000116591 0.0341455 16.8371 
0.000116591 0.0398107 16.8371 
0.000116591 0.0464159 16.8371 
0.000116591 0.054117 16.8371 
0.000116591 0.0630957 16.837 
0.000116591 0.0735642 16.837 
0.000116591 0.0857696 16.8369 
0.000116591 0.1 16.8369 
0.000116591 0.116591 16.8368 
0.000116591 0.135936 16.8367 
0.000116591 0.158489 16.8365 
0.000116591 0.184785 16.8363 
0.000116591 0.215443 16.8359 
0.000116591 0.251189 16.8355 
0.000116591 0.292864 16.8349 
0.000116591 0.341455 16.8341 
0.000116591 0.398107 16.8331 
0.000116591 0.464159 16.8316 
0.000116591 0.54117 16.8297 
0.000116591 0.630957 16.827 
0.000116591 0.735642 16.8234 
0.000116591 0.857696 16.8186 
0.000116591 1 16.812 
0.000116591 1.16591 16.8033 
0.000116591 1.35936 16.7917 
0.000116591 1.58489 16.7763 
0.000116591 1.84785 16.7562 
0.000116591 2.15443 16.7302 
0.000116591 2.51189 16.6972 
0.000116591 2.92864 16.6562 
0.000116591 3.41455 16.6069 
0.000116591 3.98107 16.5497 
0.000116591 4.64159 16.4869 
0.000116591 5.4117 16.422 
0.000116591 6.30957 16.3603 
0.000116591 7.35642 16.3072 
0.000116591 8.57696 16.2668 
0.000116591 10 16.2404 
0.000116591 11.6591 16.2259 
0.000116591 13.5936 16.2194 
0.000116591 15.8489 16.2171 
0.000116591 18.4785 16.2164 
0.000116591 21.5443 16.2163 
0.000116591 25.1189 16.2162 
0.000116591 29.2864 16.2162 
0.000116591 34.1455 16.2162 
0.000116591 39.8107 16.2162 
0.000116591 46.4159 16.2162 
0.000116591 54.117 16.2162 
0.000116591 63.0957 16.2162 
0.000116591 73.5642 16.2162 
0.000116591 85.7696 16.2162 
0.000116591 100 16.2162 
0.000135936 0.01 16.8371 
0.000135936 0.0116591 16.8371 
0.000135936 0.0135936 16.8371 
0.000135936 0.0158489 16.8371 
0.000135936 0.0184785 16.8371 
0.000135936 0.0215443 16.8371 
0.000135936 0.0251189 16.8371 
0.000135936 0.0292864 16.8371 
0.000135936 0.0341455 16.8371 
0.000135936 0.0398107 16.8371 
0.000135936 0.0464159 16.8371 
0.000135936 0.054117 16.837 
0.000135936 0.0630957 16.837 
0.000135936 0.0735642 16.837 
0.000135936 0.0857696 16.8369 
0.000135936 0.1 16.8368 
0.000135936 0.116591 16.8367 
0.000135936 0.135936 16.8366 
0.000135936 0.158489 16.8364 
0.000135936 0.184785 16.8361 
0.000135936 0.215443 16.8357 
0.000135936 0.251189 16.8352 
0.000135936 0.292864 16.8346 
0.000135936 0.341455 16.8337 
0.000135936 0.398107 16.8324 
0.000135936 0.464159 16.8307 
0.000135936 0.54117 16.8284 
0.000135936 0.630957 16.8253 
0.000135936 0.735642 16.8211 
0.000135936 0.857696 16.8155 
0.000135936 1 16.8079 
0.000135936 1.16591 16.7977 
0.000135936 1.35936 16.7842 
0.000135936 1.58489 16.7663 
0.000135936 1.84785 16.7428 
0.000135936 2.15443 16.7126 
0.000135936 2.51189 16.6741 
0.000135936 2.92864 16.6264 
0.000135936 3.41455 16.569 
0.000135936 3.98107 16.5026 
0.000135936 4.64159 16.4296 
0.000135936 5.4117 16.3543 
0.000135936 6.30957 16.2828 
0.000135936 7.35642 16.2213 
0.000135936 8.57696 16.1747 
0.000135936 10 16.1442 
0.000135936 11.6591 16.1275 
0.000135936 13.5936 16.12 
0.000135936 15.8489 16.1173 
0.000135936 18.4785 16.1166 
0.000135936 21.5443 16.1164 
0.000135936 25.1189 16.1163 
0.000135936 29.2864 16.1163 
0.000135936 34.1455 16.1163 
0.000135936 39.8107 16.1163 
0.000135936 46.4159 16.1163 
0.000135936 54.117 16.1163 
0.000135936 63.0957 16.1163 
0.000135936 73.5642 16.1163 
0.000135936 85.7696 16.1163 
0.000135936 100 16.1163 
0.000158489 0.01 16.8371 
0.000158489 0.0116591 16.8371 
0.000158489 0.0135936 16.8371 
0.000158489 0.0158489 16.8371 
0.000158489 0.0184785 16.8371 
0.000158489 0.0215443 16.8371 
0.000158489 0.0251189 16.8371 
0.000158489 0.0292864 16.8371 
0.000158489 0.0341455 16.8371 
0.000158489 0.0398107 16.8371 
0.000158489 0.0464159 16.8371 
0.000158489 0.054117 16.837 
0.000158489 0.0630957 16.837 
0.000158489 0.0735642 16.8369 
0.000158489 0.0857696 16.8369 
0.000158489 0.1 16.8368 
0.000158489 0.116591 16.8367 
0.000158489 0.135936 16.8365 
0.000158489 0.158489 16.8363 
0.000158489 0.184785 16.8359 
0.000158489 0.215443 16.8355 
0.000158489 0.251189 16.8349 
0.000158489 0.292864 16.8341 
0.000158489 0.341455 16.8331 
0.000158489 0.398107 16.8316 
0.000158489 0.464159 16.8296 
0.000158489 0.54117 16.827 
0.000158489 0.630957 16.8234 
0.000158489 0.735642 16.8185 
0.000158489 0.857696 16.8119 
0.000158489 1 16.803 
0.000158489 1.16591 16.7912 
0.000158489 1.35936 16.7754 
0.000158489 1.58489 16.7545 
0.000158489 1.84785 16.7272 
0.000158489 2.15443 16.692 
0.000158489 2.51189 16.6472 
0.000158489 2.92864 16.5918 
0.000158489 3.41455 16.525 
0.000158489 3.98107 16.4479 
0.000158489 4.64159 16.3631 
0.000158489 5.4117 16.2758 
0.000158489 6.30957 16.193 
0.000158489 7.35642 16.122 
0.000158489 8.57696 16.0681 
0.000158489 10 16.033 
0.000158489 11.6591 16.0138 
0.000158489 13.5936 16.0052 
0.000158489 15.8489 16.0021 
0.000158489 18.4785 16.0013 
0.000158489 21.5443 16.0011 
0.000158489 25.1189 16.001 
0.000158489 29.2864 16.001 
0.000158489 34.1455 16.001 
0.000158489 39.8107 16.001 
0.000158489 46.4159 16.001 
0.000158489 54.117 16.001 
0.000158489 63.0957 16.001 
0.000158489 73.5642 16.001 
0.000158489 85.7696 16.001 
0.000158489 100 16.001 
0.000184785 0.01 16.8371 
0.000184785 0.0116591 16.8371 
0.000184785 0.0135936 16.8371 
0.000184785 0.0158489 16.8371 
0.000184785 0.0184785 16.8371 
0.000184785 0.0215443 16.8371 
0.000184785 0.0251189 16.8371 
0.000184785 0.0292864 16.8371 
0.000184785 0.0341455 16.8371 
0.000184785 0.0398107 16.8371 
0.000184785 0.0464159 16.837 
0.000184785 0.054117 16.837 
0.000184785 0.0630957 16.837 
0.000184785 0.0735642 16.8369 
0.000184785 0.0857696 16.8368 
0.000184785 0.1 16.8367 
0.000184785 0.116591 16.8366 
0.000184785 0.135936 16.8364 
0.000184785 0.158489 16.8361 
0.000184785 0.184785 16.8357 
0.000184785 0.215443 16.8352 
0.000184785 0.251189 16.8346 
0.000184785 0.292864 16.8336 
0.000184785 0.341455 16.8324 
0.000184785 0.398107 16.8307 
0.000184785 0.464159 16.8284 
0.000184785 0.54117 16.8253 
0.000184785 0.630957 16.8211 
0.000184785 0.735642 16.8154 
0.000184785 0.857696 16.8077 
0.000184785 1 16.7974 
0.000184785 1.16591 16.7836 
0.000184785 1.35936 16.7652 
0.000184785 1.58489 16.7409 
0.000184785 1.84785 16.7091 
0.000184785 2.15443 16.668 
0.000184785 2.51189 16.616 
0.000184785 2.92864 16.5514 
0.000184785 3.41455 16.4739 
0.000184785 3.98107 16.3843 
0.000184785 4.64159 16.286 
0.000184785 5.4117 16.1849 
0.000184785 6.30957 16.0892 
0.000184785 7.35642 16.0072 
0.000184785 8.57696 15.9451 
0.000184785 10 15.9047 
0.000184785 11.6591 15.8826 
0.000184785 13.5936 15.8728 
0.000184785 15.8489 15.8693 
0.000184785 18.4785 15.8683 
0.000184785 21.5443 15.8681 
0.000184785 25.1189 15.8681 
0.000184785 29.2864 15.868 
0.000184785 34.1455 15.868 
0.000184785 39.8107 15.868 
0.000184785 46.4159 15.868 
0.000184785 54.117 15.868 
0.000184785 63.0957 15.868 
0.000184785 73.5642 15.868 
0.000184785 85.7696 15.868 
0.000184785 100 15.868 
0.000215443 0.01 16.8371 
0.000215443 0.0116591 16.8371 
0.000215443 0.0135936 16.8371 
0.000215443 0.0158489 16.8371 
0.000215443 0.0184785 16.8371 
0.000215443 0.0215443 16.8371 
0.000215443 0.0251189 16.8371 
0.000215443 0.0292864 16.8371 
0.000215443 0.0341455 16.8371 
0.000215443 0.0398107 16.8371 
0.000215443 0.0464159 16.837 
0.000215443 0.054117 16.837 
0.000215443 0.0630957 16.8369 
0.000215443 0.0735642 16.8369 
0.000215443 0.0857696 16.8368 
0.000215443 0.1 16.8367 
0.000215443 0.116591 16.8365 
0.000215443 0.135936 16.8363 
0.000215443 0.158489 16.8359 
0.000215443 0.184785 16.8355 
0.000215443 0.215443 16.8349 
0.000215443 0.251189 16.8341 
0.000215443 0.292864 16.8331 
0.000215443 0.341455 16.8316 
0.000215443 0.398107 16.8296 
0.000215443 0.464159 16.827 
0.000215443 0.54117 16.8233 
0.000215443 0.630957 16.8184 
0.000215443 0.735642 16.8118 
0.000215443 0.857696 16.8028 
0.000215443 1 16.7908 
0.000215443 1.16591 16.7747 
0.000215443 1.35936 16.7533 
0.000215443 1.58489 16.725 
0.000215443 1.84785 16.6879 
0.000215443 2.15443 16.6402 
0.000215443 2.51189 16.5796 
0.000215443 2.92864 16.5046 
0.000215443 3.41455 16.4145 
0.000215443 3.98107 16.3105 
0.000215443 4.64159 16.1966 
0.000215443 5.4117 16.0797 
0.000215443 6.30957 15.9691 
0.000215443 7.35642 15.8746 
0.000215443 8.57696 15.8033 
0.000215443 10 15.7569 
0.000215443 11.6591 15.7317 
0.000215443 13.5936 15.7205 
0.000215443 15.8489 15.7166 
0.000215443 18.4785 15.7154 
0.000215443 21.5443 15.7151 
0.000215443 25.1189 15.7151 
0.000215443 29.2864 15.7151 
0.000215443 34.1455 15.7151 
0.000215443 39.8107 15.7151 
0.000215443 46.4159 15.7151 
0.000215443 54.117 15.7151 
0.000215443 63.0957 15.7151 
0.000215443 73.5642 15.7151 
0.000215443 85.7696 15.7151 
0.000215443 100 15.7151 
0.000251189 0.01 16.8371 
0.000251189 0.0116591 16.8371 
0.000251189 0.0135936 16.8371 
0.000251189 0.0158489 16.8371 
0.000251189 0.0184785 16.8371 
0.000251189 0.0215443 16.8371 
0.000251189 0.0251189 16.8371 
0.000251189 0.0292864 16.8371 
0.000251189 0.0341455 16.8371 
0.000251189 0.0398107 16.837 
0.000251189 0.0464159 16.837 
0.000251189 0.054117 16.837 
0.000251189 0.0630957 16.8369 
0.000251189 0.0735642 16.8368 
0.000251189 0.0857696 16.8367 
0.000251189 0.1 16.8366 
0.000251189 0.116591 16.8364 
0.000251189 0.135936 16.8361 
0.000251189 0.158489 16.8357 
0.000251189 0.184785 16.8352 
0.000251189 0.215443 16.8346 
0.000251189 0.251189 16.8336 
0.000251189 0.292864 16.8324 
0.000251189 0.341455 16.8307 
0.000251189 0.398107 16.8284 
0.000251189 0.464159 16.8253 
0.000251189 0.54117 16.821 
0.000251189 0.630957 16.8153 
0.000251189 0.735642 16.8076 
0.000251189 0.857696 16.7971 
0.000251189 1 16.7831 
0.000251189 1.16591 16.7644 
0.000251189 1.35936 16.7394 
0.000251189 1.58489 16.7064 
0.000251189 1.84785 16.6633 
0.000251189 2.15443 16.6077 
0.000251189 2.51189 16.5373 
0.000251189 2.92864 16.4501 
0.000251189 3.41455 16.3455 
0.000251189 3.98107 16.225 
0.000251189 4.64159 16.0932 
0.000251189 5.4117 15.9581 
0.000251189 6.30957 15.8306 
0.000251189 7.35642 15.7219 
0.000251189 8.57696 15.6401 
0.000251189 10 15.5871 
0.000251189 11.6591 15.5584 
0.000251189 13.5936 15.5457 
0.000251189 15.8489 15.5412 
0.000251189 18.4785 15.5399 
0.000251189 21.5443 15.5396 
0.000251189 25.1189 15.5395 
0.000251189 29.2864 15.5395 
0.000251189 34.1455 15.5395 
0.000251189 39.8107 15.5395 
0.000251189 46.4159 15.5395 
0.000251189 54.117 15.5395 
0.000251189 63.0957 15.5395 
0.000251189 73.5642 15.5395 
0.000251189 85.7696 15.5395 
0.000251189 100 15.5395 
0.000292864 0.01 16.8371 
0.000292864 0.0116591 16.8371 
0.000292864 0.0135936 16.8371 
0.000292864 0.0158489 16.8371 
0.000292864 0.0184785 16.8371 
0.000292864 0.0215443 16.8371 
0.000292864 0.0251189 16.8371 
0.000292864 0.0292864 16.8371 
0.000292864 0.0341455 16.8371 
0.000292864 0.0398107 16.837 
0.000292864 0.0464159 16.837 
0.000292864 0.054117 16.8369 
0.000292864 0.0630957 16.8369 
0.000292864 0.0735642 16.8368 
0.000292864 0.0857696 16.8367 
0.000292864 0.1 16.8365 
0.000292864 0.116591 16.8363 
0.000292864 0.135936 16.8359 
0.000292864 0.158489 16.8355 
0.000292864 0.184785 16.8349 
0.000292864 0.215443 16.8341 
0.000292864 0.251189 16.8331 
0.000292864 0.292864 16.8316 
0.000292864 0.341455 16.8296 
0.000292864 0.398107 16.8269 
0.000292864 0.464159 16.8233 
0.000292864 0.54117 16.8184 
0.000292864 0.630957 16.8117 
0.000292864 0.735642 16.8027 
0.000292864 0.857696 16.7905 
0.000292864 1 16.7742 
0.000292864 1.16591 16.7523 
0.000292864 1.35936 16.7232 
0.000292864 1.58489 16.6849 
0.000292864 1.84785 16.6347 
0.000292864 2.15443 16.57 
0.000292864 2.51189 16.4881 
0.000292864 2.92864 16.3868 
0.000292864 3.41455 16.2655 
0.000292864 3.98107 16.126 
0.000292864 4.64159 15.9736 
0.000292864 5.4117 15.8178 
0.000292864 6.30957 15.6711 
0.000292864 7.35642 15.5464 
0.000292864 8.57696 15.4529 
0.000292864 10 15.3925 
0.000292864 11.6591 15.3598 
0.000292864 13.5936 15.3455 
0.000292864 15.8489 15.3404 
0.000292864 18.4785 15.339 
0.000292864 21.5443 15.3387 
0.000292864 25.1189 15.3386 
0.000292864 29.2864 15.3386 
0.000292864 34.1455 15.3386 
0.000292864 39.8107 15.3386 
0.000292864 46.4159 15.3386 
0.000292864 54.117 15.3386 
0.000292864 63.0957 15.3386 
0.000292864 73.5642 15.3386 
0.000292864 85.7696 15.3386 
0.000292864 100 15.3386 
0.000341455 0.01 16.8371 
0.000341455 0.0116591 16.8371 
0.000341455 0.0135936 16.8371 
0.000341455 0.0158489 16.8371 
0.000341455 0.0184785 16.8371 
0.000341455 0.0215443 16.8371 
0.000341455 0.0251189 16.8371 
0.000341455 0.0292864 16.8371 
0.000341455 0.0341455 16.837 
0.000341455 0.0398107 16.837 
0.000341455 0.0464159 16.837 
0.000341455 0.054117 16.8369 
0.000341455 0.0630957 16.8368 
0.000341455 0.0735642 16.8367 
0.000341455 0.0857696 16.8366 
0.000341455 0.1 16.8364 
0.000341455 0.116591 16.8361 
0.000341455 0.135936 16.8357 
0.000341455 0.158489 16.8352 
0.000341455 0.184785 16.8346 
0.000341455 0.215443 16.8336 
0.000341455 0.251189 16.8324 
0.000341455 0.292864 16.8307 
0.000341455 0.341455 16.8284 
0.000341455 0.398107 16.8252 
0.000341455 0.464159 16.821 
0.000341455 0.54117 16.8152 
0.000341455 0.630957 16.8075 
0.000341455 0.735642 16.7969 
0.000341455 0.857696 16.7828 
0.000341455 1 16.7637 
0.000341455 1.16591 16.7383 
0.000341455 1.35936 16.7044 
0.000341455 1.58489 16.6597 
0.000341455 1.84785 16.6014 
0.000341455 2.15443 16.5261 
0.000341455 2.51189 16.431 
0.000341455 2.92864 16.3135 
0.000341455 3.41455 16.1729 
0.000341455 3.98107 16.0114 
0.000341455 4.64159 15.8355 
0.000341455 5.4117 15.6561 
0.000341455 6.30957 15.4878 
0.000341455 7.35642 15.3451 
0.000341455 8.57696 15.2385 
0.000341455 10 15.17 
0.000341455 11.6591 15.1332 
0.000341455 13.5936 15.1171 
0.000341455 15.8489 15.1115 
0.000341455 18.4785 15.1099 
0.000341455 21.5443 15.1095 
0.000341455 25.1189 15.1094 
0.000341455 29.2864 15.1094 
0.000341455 34.1455 15.1094 
0.000341455 39.8107 15.1094 
0.000341455 46.4159 15.1094 
0.000341455 54.117 15.1094 
0.000341455 63.0957 15.1094 
0.000341455 73.5642 15.1094 
0.000341455 85.7696 15.1094 
0.000341455 100 15.1094 
0.000398107 0.01 16.8371 
0.000398107 0.0116591 16.8371 
0.000398107 0.0135936 16.8371 
0.000398107 0.0158489 16.8371 
0.000398107 0.0184785 16.8371 
0.000398107 0.0215443 16.8371 
0.000398107 0.0251189 16.8371 
0.000398107 0.0292864 16.8371 
0.000398107 0.0341455 16.837 
0.000398107 0.0398107 16.837 
0.000398107 0.0464159 16.8369 
0.000398107 0.054117 16.8369 
0.000398107 0.0630957 16.8368 
0.000398107 0.0735642 16.8367 
0.000398107 0.0857696 16.8365 
0.000398107 0.1 16.8363 
0.000398107 0.116591 16.8359 
0.000398107 0.135936 16.8355 
0.000398107 0.158489 16.8349 
0.000398107 0.184785 16.8341 
0.000398107 0.215443 16.8331 
0.000398107 0.251189 16.8316 
0.000398107 0.292864 16.8296 
0.000398107 0.341455 16.8269 
0.000398107 0.398107 16.8233 
0.000398107 0.464159 16.8183 
0.000398107 0.54117 16.8116 
0.000398107 0.630957 16.8025 
0.000398107 0.735642 16.7903 
0.000398107 0.857696 16.7738 
0.000398107 1 16.7516 
0.000398107 1.16591 16.7219 
0.000398107 1.35936 16.6825 
0.000398107 1.58489 16.6305 
0.000398107 1.84785 16.5626 
0.000398107 2.15443 16.4751 
0.000398107 2.51189 16.3646 
0.000398107 2.92864 16.2284 
0.000398107 3.41455 16.0656 
0.000398107 3.98107 15.8791 
0.000398107 4.64159 15.6763 
0.000398107 5.4117 15.4703 
0.000398107 6.30957 15.2776 
0.000398107 7.35642 15.115 
0.000398107 8.57696 14.9941 
0.000398107 10 14.9168 
0.000398107 11.6591 14.8755 
0.000398107 13.5936 14.8575 
0.000398107 15.8489 14.8513 
0.000398107 18.4785 14.8495 
0.000398107 21.5443 14.8491 
0.000398107 25.1189 14.849 
0.000398107 29.2864 14.849 
0.000398107 34.1455 14.849 
0.000398107 39.8107 14.849 
0.000398107 46.4159 14.849 
0.000398107 54.117 14.849 
0.000398107 63.0957 14.849 
0.000398107 73.5642 14.849 
0.000398107 85.7696 14.849 
0.000398107 100 14.849 
0.000464159 0.01 16.8371 
0.000464159 0.0116591 16.8371 
0.000464159 0.0135936 16.8371 
0.000464159 0.0158489 16.8371 
0.000464159 0.0184785 16.8371 
0.000464159 0.0215443 16.8371 
0.000464159 0.0251189 16.8371 
0.000464159 0.0292864 16.837 
0.000464159 0.0341455 16.837 
0.000464159 0.0398107 16.837 
0.000464159 0.0464159 16.8369 
0.000464159 0.054117 16.8368 
0.000464159 0.0630957 16.8367 
0.000464159 0.0735642 16.8366 
0.000464159 0.0857696 16.8364 
0.000464159 0.1 16.8361 
0.000464159 0.116591 16.8357 
0.000464159 0.135936 16.8352 
0.000464159 0.158489 16.8346 
0.000464159 0.184785 16.8336 
0.000464159 0.215443 16.8324 
0.000464159 0.251189 16.8307 
0.000464159 0.292864 16.8284 
0.000464159 0.341455 16.8252 
0.000464159 0.398107 16.821 
0.000464159 0.464159 16.8152 
0.000464159 0.54117 16.8074 
0.000464159 0.630957 16.7968 
0.000464159 0.735642 16.7825 
0.000464159 0.857696 16.7633 
0.000464159 1 16.7375 
0.000464159 1.16591 16.7029 
0.000464159 1.35936 16.657 
0.000464159 1.58489 16.5965 
0.000464159 1.84785 16.5175 
0.000464159 2.15443 16.4159 
0.000464159 2.51189 16.2877 
0.000464159 2.92864 16.1298 
0.000464159 3.41455 15.9416 
0.000464159 3.98107 15.7264 
0.000464159 4.64159 15.4933 
0.000464159 5.4117 15.2572 
0.000464159 6.30957 15.0374 
0.000464159 7.35642 14.8529 
0.000464159 8.57696 14.7164 
0.000464159 10 14.6297 
0.000464159 11.6591 14.5837 
0.000464159 13.5936 14.564 
0.000464159 15.8489 14.5572 
0.000464159 18.4785 14.5553 
0.000464159 21.5443 14.5548 
0.000464159 25.1189 14.5547 
0.000464159 29.2864 14.5547 
0.000464159 34.1455 14.5547 
0.000464159 39.8107 14.5547 
0.000464159 46.4159 14.5547 
0.000464159 54.117 14.5547 
0.000464159 63.0957 14.5547 
0.000464159 73.5642 14.5547 
0.000464159 85.7696 14.5547 
0.000464159 100 14.5547 
0.00054117 0.01 16.8371 
0.00054117 0.0116591 16.8371 
0.00054117 0.0135936 16.8371 
0.00054117 0.0158489 16.8371 
0.00054117 0.0184785 16.8371 
0.00054117 0.0215443 16.8371 
0.00054117 0.0251189 16.8371 
0.00054117 0.0292864 16.837 
0.00054117 0.0341455 16.837 
0.00054117 0.0398107 16.8369 
0.00054117 0.0464159 16.8369 
0.00054117 0.054117 16.8368 
0.00054117 0.0630957 16.8367 
0.00054117 0.0735642 16.8365 
0.00054117 0.0857696 16.8363 
0.00054117 0.1 16.8359 
0.00054117 0.116591 16.8355 
0.00054117 0.135936 16.8349 
0.00054117 0.158489 16.8341 
0.00054117 0.184785 16.8331 
0.00054117 0.215443 16.8316 
0.00054117 0.251189 16.8296 
0.00054117 0.292864 16.8269 
0.00054117 0.341455 16.8233 
0.00054117 0.398107 16.8183 
0.00054117 0.464159 16.8116 
0.00054117 0.54117 16.8025 
0.00054117 0.630957 16.7901 
0.00054117 0.735642 16.7735 
0.00054117 0.857696 16.7511 
0.00054117 1 16.721 
0.00054117 1.16591 16.6808 
0.00054117 1.35936 16.6273 
0.00054117 1.58489 16.5569 
0.00054117 1.84785 16.4651 
0.00054117 2.15443 16.3472 
0.00054117 2.51189 16.1985 
0.00054117 2.92864 16.0157 
0.00054117 3.41455 15.7984 
0.00054117 3.98107 15.5507 
0.00054117 4.64159 15.2833 
0.00054117 5.4117 15.0136 
0.00054117 6.30957 14.7639 
0.00054117 7.35642 14.5556 
0.00054117 8.57696 14.4025 
0.00054117 10 14.3061 
0.00054117 11.6591 14.2555 
0.00054117 13.5936 14.2339 
0.00054117 15.8489 14.2266 
0.00054117 18.4785 14.2246 
0.00054117 21.5443 14.2241 
0.00054117 25.1189 14.224 
0.00054117 29.2864 14.2239 
0.00054117 34.1455 14.2239 
0.00054117 39.8107 14.2239 
0.00054117 46.4159 14.2239 
0.00054117 54.117 14.2239 
0.00054117 63.0957 14.2239 
0.00054117 73.5642 14.2239 
0.00054117 85.7696 14.2239 
0.00054117 100 14.2239 
0.000630957 0.01 16.8371 
0.000630957 0.0116591 16.8371 
0.000630957 0.0135936 16.8371 
0.000630957 0.0158489 16.8371 
0.000630957 0.0184785 16.8371 
0.000630957 0.0215443 16.8371 
0.000630957 0.0251189 16.837 
0.000630957 0.0292864 16.837 
0.000630957 0.0341455 16.837 
0.000630957 0.0398107 16.8369 
0.000630957 0.0464159 16.8368 
0.000630957 0.054117 16.8367 
0.000630957 0.0630957 16.8366 
0.000630957 0.0735642 16.8364 
0.000630957 0.0857696 16.8361 
0.000630957 0.1 16.8357 
0.000630957 0.116591 16.8352 
0.000630957 0.135936 16.8346 
0.000630957 0.158489 16.8336 
0.000630957 0.184785 16.8324 
0.000630957 0.215443 16.8307 
0.000630957 0.251189 16.8284 
0.000630957 0.292864 16.8252 
0.000630957 0.341455 16.821 
0.000630957 0.398107 16.8152 
0.000630957 0.464159 16.8073 
0.000630957 0.54117 16.7967 
0.000630957 0.630957 16.7823 
0.000630957 0.735642 16.763 
0.000630957 0.857696 16.7368 
0.000630957 1 16.7018 
0.000630957 1.16591 16.655 
0.000630957 1.35936 16.5928 
0.000630957 1.58489 16.5109 
0.000630957 1.84785 16.4043 
0.000630957 2.15443 16.2674 
0.000630957 2.51189 16.0952 
0.000630957 2.92864 15.884 
0.000630957 3.41455 15.6334 
0.000630957 3.98107 15.3488 
0.000630957 4.64159 15.043 
0.000630957 5.4117 14.7362 
0.000630957 6.30957 14.4539 
0.000630957 7.35642 14.2201 
0.000630957 8.57696 14.0498 
0.000630957 10 13.9437 
0.000630957 11.6591 13.8886 
0.000630957 13.5936 13.8655 
0.000630957 15.8489 13.8578 
0.000630957 18.4785 13.8557 
0.000630957 21.5443 13.8552 
0.000630957 25.1189 13.8551 
0.000630957 29.2864 13.855 
0.000630957 34.1455 13.855 
0.000630957 39.8107 13.855 
0.000630957 46.4159 13.855 
0.000630957 54.117 13.855 
0.000630957 63.0957 13.855 
0.000630957 73.5642 13.855 
0.000630957 85.7696 13.855 
0.000630957 100 13.855 
0.000735642 0.01 16.8371 
0.000735642 0.0116591 16.8371 
0.000735642 0.0135936 16.8371 
0.000735642 0.0158489 16.8371 
0.000735642 0.0184785 16.8371 
0.000735642 0.0215443 16.8371 
0.000735642 0.0251189 16.837 
0.000735642 0.0292864 16.837 
0.000735642 0.0341455 16.8369 
0.000735642 0.0398107 16.8369 
0.000735642 0.0464159 16.8368 
0.000735642 0.054117 16.8367 
0.000735642 0.0630957 16.8365 
0.000735642 0.0735642 16.8363 
0.000735642 0.0857696 16.8359 
0.000735642 0.1 16.8355 
0.000735642 0.116591 16.8349 
0.000735642 0.135936 16.8341 
0.000735642 0.158489 16.8331 
0.000735642 0.184785 16.8316 
0.000735642 0.215443 16.8296 
0.000735642 0.251189 16.8269 
0.000735642 0.292864 16.8233 
0.000735642 0.341455 16.8183 
0.000735642 0.398107 16.8115 
0.000735642 0.464159 16.8024 
0.000735642 0.54117 16.79 
0.000735642 0.630957 16.7733 
0.000735642 0.735642 16.7507 
0.000735642 0.857696 16.7203 
0.000735642 1 16.6794 
0.000735642 1.16591 16.625 
0.000735642 1.35936 16.5526 
0.000735642 1.58489 16.4575 
0.000735642 1.84785 16.3337 
0.000735642 2.15443 16.175 
0.000735642 2.51189 15.9757 
0.000735642 2.92864 15.7319 
0.000735642 3.41455 15.4436 
0.000735642 3.98107 15.1176 
0.000735642 4.64159 14.769 
0.000735642 5.4117 14.4216 
0.000735642 6.30957 14.1043 
0.000735642 7.35642 13.844 
0.000735642 8.57696 13.6565 
0.000735642 10 13.5411 
0.000735642 11.6591 13.4822 
0.000735642 13.5936 13.458 
0.000735642 15.8489 13.4502 
0.000735642 18.4785 13.4481 
0.000735642 21.5443 13.4475 
0.000735642 25.1189 13.4474 
0.000735642 29.2864 13.4474 
0.000735642 34.1455 13.4474 
0.000735642 39.8107 13.4474 
0.000735642 46.4159 13.4474 
0.000735642 54.117 13.4474 
0.000735642 63.0957 13.4474 
0.000735642 73.5642 13.4474 
0.000735642 85.7696 13.4474 
0.000735642 100 13.4474 
0.000857696 0.01 16.8371 
0.000857696 0.0116591 16.8371 
0.000857696 0.0135936 16.8371 
0.000857696 0.0158489 16.8371 
0.000857696 0.0184785 16.8371 
0.000857696 0.0215443 16.837 
0.000857696 0.0251189 16.837 
0.000857696 0.0292864 16.837 
0.000857696 0.0341455 16.8369 
0.000857696 0.0398107 16.8368 
0.000857696 0.0464159 16.8367 
0.000857696 0.054117 16.8366 
0.000857696 0.0630957 16.8364 
0.000857696 0.0735642 16.8361 
0.000857696 0.0857696 16.8357 
0.000857696 0.1 16.8352 
0.000857696 0.116591 16.8346 
0.000857696 0.135936 16.8336 
0.000857696 0.158489 16.8324 
0.000857696 0.184785 16.8307 
0.000857696 0.215443 16.8284 
0.000857696 0.251189 16.8252 
0.000857696 0.292864 16.821 
0.000857696 0.341455 16.8152 
0.000857696 0.398107 16.8073 
0.000857696 0.464159 16.7966 
0.000857696 0.54117 16.7822 
0.000857696 0.630957 16.7627 
0.000857696 0.735642 16.7364 
0.000857696 0.857696 16.701 
0.000857696 1 16.6534 
0.000857696 1.16591 16.59 
0.000857696 1.35936 16.5059 
0.000857696 1.58489 16.3954 
0.000857696 1.84785 16.2518 
0.000857696 2.15443 16.068 
0.000857696 2.51189 15.8377 
0.000857696 2.92864 15.5568 
0.000857696 3.41455 15.2259 
0.000857696 3.98107 14.8536 
0.000857696 4.64159 14.4579 
0.000857696 5.4117 14.0666 
0.000857696 6.30957 13.7127 
0.000857696 7.35642 13.4256 
0.000857696 8.57696 13.2217 
0.000857696 10 13.0984 
0.000857696 11.6591 13.0369 
0.000857696 13.5936 13.0124 
0.000857696 15.8489 13.0047 
0.000857696 18.4785 13.0027 
0.000857696 21.5443 13.0022 
0.000857696 25.1189 13.0021 
0.000857696 29.2864 13.0021 
0.000857696 34.1455 13.0021 
0.000857696 39.8107 13.0021 
0.000857696 46.4159 13.0021 
0.000857696 54.117 13.0021 
0.000857696 63.0957 13.0021 
0.000857696 73.5642 13.0021 
0.000857696 85.7696 13.0021 
0.000857696 100 13.0021 
0.001 0.01 16.8371 
0.001 0.0116591 16.8371 
0.001 0.0135936 16.8371 
0.001 0.0158489 16.8371 
0.001 0.0184785 16.8371 
0.001 0.0215443 16.837 
0.001 0.0251189 16.837 
0.001 0.0292864 16.8369 
0.001 0.0341455 16.8369 
0.001 0.0398107 16.8368 
0.001 0.0464159 16.8367 
0.001 0.054117 16.8365 
0.001 0.0630957 16.8363 
0.001 0.0735642 16.8359 
0.001 0.0857696 16.8355 
0.001 0.1 16.8349 
0.001 0.116591 16.8341 
0.001 0.135936 16.8331 
0.001 0.158489 16.8316 
0.001 0.184785 16.8296 
0.001 0.215443 16.8269 
0.001 0.251189 16.8232 
0.001 0.292864 16.8183 
0.001 0.341455 16.8115 
0.001 0.398107 16.8023 
0.001 0.464159 16.7899 
0.001 0.54117 16.7731 
0.001 0.630957 16.7504 
0.001 0.735642 16.7197 
0.001 0.857696 16.6785 
0.001 1 16.6232 
0.001 1.16591 16.5494 
0.001 1.35936 16.4517 
0.001 1.58489 16.3233 
0.001 1.84785 16.1568 
0.001 2.15443 15.9443 
0.001 2.51189 15.6785 
0.001 2.92864 15.3555 
0.001 3.41455 14.9768 
0.001 3.98107 14.5532 
0.001 4.64159 14.1063 
0.001 5.4117 13.6687 
0.001 6.30957 13.2775 
0.001 7.35642 12.9649 
0.001 8.57696 12.7468 
0.001 10 12.6181 
0.001 11.6591 12.5559 
0.001 13.5936 12.5322 
0.001 15.8489 12.5253 
0.001 18.4785 12.5235 
0.001 21.5443 12.5231 
0.001 25.1189 12.523 
0.001 29.2864 12.5229 
0.001 34.1455 12.5229 
0.001 39.8107 12.5229 
0.001 46.4159 12.5229 
0.001 54.117 12.5229 
0.001 63.0957 12.5229 
0.001 73.5642 12.5229 
0.001 85.7696 12.5229 
0.001 100 12.5229 
0.00116591 0.01 16.8371 
0.00116591 0.0116591 16.8371 
0.00116591 0.0135936 16.8371 
0.00116591 0.0158489 16.8371 
0.00116591 0.0184785 16.837 
0.00116591 0.0215443 16.837 
0.00116591 0.0251189 16.837 
0.00116591 0.0292864 16.8369 
0.00116591 0.0341455 16.8368 
0.00116591 0.0398107 16.8367 
0.00116591 0.0464159 16.8366 
0.00116591 0.054117 16.8364 
0.00116591 0.0630957 16.8361 
0.00116591 0.0735642 16.8357 
0.00116591 0.0857696 16.8352 
0.00116591 0.1 16.8346 
0.00116591 0.116591 16.8336 
0.00116591 0.135936 16.8324 
0.00116591 0.158489 16.8307 
0.00116591 0.184785 16.8284 
0.00116591 0.215443 16.8252 
0.00116591 0.251189 16.8209 
0.00116591 0.292864 16.8151 
0.00116591 0.341455 16.8073 
0.00116591 0.398107 16.7966 
0.00116591 0.464159 16.7821 
0.00116591 0.54117 16.7625 
0.00116591 0.630957 16.736 
0.00116591 0.735642 16.7003 
0.00116591 0.857696 16.6523 
0.00116591 1 16.588 
0.00116591 1.16591 16.5022 
0.00116591 1.35936 16.3887 
0.00116591 1.58489 16.2398 
0.00116591 1.84785 16.047 
0.00116591 2.15443 15.8014 
0.00116591 2.51189 15.4953 
0.00116591 2.92864 15.1248 
0.00116591 3.41455 14.6929 
0.00116591 3.98107 14.213 
0.00116591 4.64159 13.7116 
0.00116591 5.4117 13.2262 
0.00116591 6.30957 12.7988 
0.00116591 7.35642 12.4637 
0.00116591 8.57696 12.2357 
0.00116591 10 12.1056 
0.00116591 11.6591 12.0458 
0.00116591 13.5936 12.0247 
0.00116591 15.8489 12.0192 
0.00116591 18.4785 12.018 
0.00116591 21.5443 12.0177 
0.00116591 25.1189 12.0176 
0.00116591 29.2864 12.0175 
0.00116591 34.1455 12.0175 
0.00116591 39.8107 12.0175 
0.00116591 46.4159 12.0175 
0.00116591 54.117 12.0175 
0.00116591 63.0957 12.0175 
0.00116591 73.5642 12.0175 
0.00116591 85.7696 12.0175 
0.00116591 100 12.0175 
0.00135936 0.01 16.8371 
0.00135936 0.0116591 16.8371 
0.00135936 0.0135936 16.8371 
0.00135936 0.0158489 16.8371 
0.00135936 0.0184785 16.837 
0.00135936 0.0215443 16.837 
0.00135936 0.0251189 16.8369 
0.00135936 0.0292864 16.8369 
0.00135936 0.0341455 16.8368 
0.00135936 0.0398107 16.8367 
0.00135936 0.0464159 16.8365 
0.00135936 0.054117 16.8363 
0.00135936 0.0630957 16.8359 
0.00135936 0.0735642 16.8355 
0.00135936 0.0857696 16.8349 
0.00135936 0.1 16.8341 
0.00135936 0.116591 16.8331 
0.00135936 0.135936 16.8316 
0.00135936 0.158489 16.8296 
0.00135936 0.184785 16.8269 
0.00135936 0.215443 16.8232 
0.00135936 0.251189 16.8183 
0.00135936 0.292864 16.8115 
0.00135936 0.341455 16.8023 
0.00135936 0.398107 16.7899 
0.00135936 0.464159 16.773 
0.00135936 0.54117 16.7502 
0.00135936 0.630957 16.7193 
0.00135936 0.735642 16.6777 
0.00135936 0.857696 16.6218 
0.00135936 1 16.547 
0.00135936 1.16591 16.4473 
0.00135936 1.35936 16.3155 
0.00135936 1.58489 16.143 
0.00135936 1.84785 15.9199 
0.00135936 2.15443 15.6366 
0.00135936 2.51189 15.2849 
0.00135936 2.92864 14.8612 
0.00135936 3.41455 14.3705 
0.00135936 3.98107 13.83 
0.00135936 4.64159 13.2716 
0.00135936 5.4117 12.739 
0.00135936 6.30957 12.279 
0.00135936 7.35642 11.9273 
0.00135936 8.57696 11.6964 
0.00135936 10 11.5711 
0.00135936 11.6591 11.5182 
0.00135936 13.5936 11.5022 
0.00135936 15.8489 11.4993 
0.00135936 18.4785 11.499 
0.00135936 21.5443 11.4989 
0.00135936 25.1189 11.4988 
0.00135936 29.2864 11.4988 
0.00135936 34.1455 11.4988 
0.00135936 39.8107 11.4988 
0.00135936 46.4159 11.4988 
0.00135936 54.117 11.4988 
0.00135936 63.0957 11.4988 
0.00135936 73.5642 11.4988 
0.00135936 85.7696 11.4988 
0.00135936 100 11.4988 
0.00158489 0.01 16.8371 
0.00158489 0.0116591 16.8371 
0.00158489 0.0135936 16.8371 
0.00158489 0.0158489 16.837 
0.00158489 0.0184785 16.837 
0.00158489 0.0215443 16.837 
0.00158489 0.0251189 16.8369 
0.00158489 0.0292864 16.8368 
0.00158489 0.0341455 16.8367 
0.00158489 0.0398107 16.8366 
0.00158489 0.0464159 16.8364 
0.00158489 0.054117 16.8361 
0.00158489 0.0630957 16.8357 
0.00158489 0.0735642 16.8352 
0.00158489 0.0857696 16.8346 
0.00158489 0.1 16.8336 
0.00158489 0.116591 16.8324 
0.00158489 0.135936 16.8307 
0.00158489 0.158489 16.8284 
0.00158489 0.184785 16.8252 
0.00158489 0.215443 16.8209 
0.00158489 0.251189 16.8151 
0.00158489 0.292864 16.8072 
0.00158489 0.341455 16.7965 
0.00158489 0.398107 16.782 
0.00158489 0.464159 16.7624 
0.00158489 0.54117 16.7358 
0.00158489 0.630957 16.6999 
0.00158489 0.735642 16.6515 
0.00158489 0.857696 16.5864 
0.00158489 1 16.4994 
0.00158489 1.16591 16.3836 
0.00158489 1.35936 16.2307 
0.00158489 1.58489 16.0309 
0.00158489 1.84785 15.7733 
0.00158489 2.15443 15.447 
0.00158489 2.51189 15.0439 
0.00158489 2.92864 14.5611 
0.00158489 3.41455 14.0063 
0.00158489 3.98107 13.4016 
0.00158489 4.64159 12.7857 
0.00158489 5.4117 12.2092 
0.00158489 6.30957 11.7237 
0.00158489 7.35642 11.3656 
0.00158489 8.57696 11.1424 
0.00158489 10 11.0313 
0.00158489 11.6591 10.9917 
0.00158489 13.5936 10.9845 
0.00158489 15.8489 10.9857 
0.00158489 18.4785 10.9868 
0.00158489 21.5443 10.987 
0.00158489 25.1189 10.9869 
0.00158489 29.2864 10.9869 
0.00158489 34.1455 10.9869 
0.00158489 39.8107 10.9869 
0.00158489 46.4159 10.9869 
0.00158489 54.117 10.9869 
0.00158489 63.0957 10.9869 
0.00158489 73.5642 10.9869 
0.00158489 85.7696 10.9869 
0.00158489 100 10.9869 
0.00184785 0.01 16.8371 
0.00184785 0.0116591 16.8371 
0.00184785 0.0135936 16.8371 
0.00184785 0.0158489 16.837 
0.00184785 0.0184785 16.837 
0.00184785 0.0215443 16.8369 
0.00184785 0.0251189 16.8369 
0.00184785 0.0292864 16.8368 
0.00184785 0.0341455 16.8367 
0.00184785 0.0398107 16.8365 
0.00184785 0.0464159 16.8363 
0.00184785 0.054117 16.8359 
0.00184785 0.0630957 16.8355 
0.00184785 0.0735642 16.8349 
0.00184785 0.0857696 16.8341 
0.00184785 0.1 16.8331 
0.00184785 0.116591 16.8316 
0.00184785 0.135936 16.8296 
0.00184785 0.158489 16.8269 
0.00184785 0.184785 16.8232 
0.00184785 0.215443 16.8182 
0.00184785 0.251189 16.8115 
0.00184785 0.292864 16.8023 
0.00184785 0.341455 16.7898 
0.00184785 0.398107 16.7729 
0.00184785 0.464159 16.75 
0.00184785 0.54117 16.719 
0.00184785 0.630957 16.6772 
0.00184785 0.735642 16.6209 
0.00184785 0.857696 16.5452 
0.00184785 1 16.4441 
0.00184785 1.16591 16.3097 
0.00184785 1.35936 16.1325 
0.00184785 1.58489 15.9014 
0.00184785 1.84785 15.6042 
0.00184785 2.15443 15.2295 
0.00184785 2.51189 14.7687 
0.00184785 2.92864 14.2208 
0.00184785 3.41455 13.5973 
0.00184785 3.98107 12.9266 
0.00184785 4.64159 12.2553 
0.00184785 5.4117 11.6422 
0.00184785 6.30957 11.1437 
0.00184785 7.35642 10.7946 
0.00184785 8.57696 10.595 
0.00184785 10 10.5113 
0.00184785 11.6591 10.494 
0.00184785 13.5936 10.5005 
0.00184785 15.8489 10.508 
0.00184785 18.4785 10.5112 
0.00184785 21.5443 10.5119 
0.00184785 25.1189 10.5119 
0.00184785 29.2864 10.5119 
0.00184785 34.1455 10.5118 
0.00184785 39.8107 10.5118 
0.00184785 46.4159 10.5118 
0.00184785 54.117 10.5118 
0.00184785 63.0957 10.5118 
0.00184785 73.5642 10.5118 
0.00184785 85.7696 10.5118 
0.00184785 100 10.5118 
0.00215443 0.01 16.8371 
0.00215443 0.0116591 16.8371 
0.00215443 0.0135936 16.837 
0.00215443 0.0158489 16.837 
0.00215443 0.0184785 16.837 
0.00215443 0.0215443 16.8369 
0.00215443 0.0251189 16.8368 
0.00215443 0.0292864 16.8367 
0.00215443 0.0341455 16.8366 
0.00215443 0.0398107 16.8364 
0.00215443 0.0464159 16.8361 
0.00215443 0.054117 16.8357 
0.00215443 0.0630957 16.8352 
0.00215443 0.0735642 16.8346 
0.00215443 0.0857696 16.8336 
0.00215443 0.1 16.8324 
0.00215443 0.116591 16.8307 
0.00215443 0.135936 16.8284 
0.00215443 0.158489 16.8252 
0.00215443 0.184785 16.8209 
0.00215443 0.215443 16.8151 
0.00215443 0.251189 16.8072 
0.00215443 0.292864 16.7965 
0.00215443 0.341455 16.782 
0.00215443 0.398107 16.7623 
0.00215443 0.464159 16.7356 
0.00215443 0.54117 16.6995 
0.00215443 0.630957 16.6508 
0.00215443 0.735642 16.5853 
0.00215443 0.857696 16.4973 
0.00215443 1 16.3798 
0.00215443 1.16591 16.2239 
0.00215443 1.35936 16.0188 
0.00215443 1.58489 15.7518 
0.00215443 1.84785 15.4098 
0.00215443 2.15443 14.9804 
0.00215443 2.51189 14.4557 
0.00215443 2.92864 13.8373 
0.00215443 3.41455 13.1416 
0.00215443 3.98107 12.4053 
0.00215443 4.64159 11.6851 
0.00215443 5.4117 11.0486 
0.00215443 6.30957 10.5562 
0.00215443 7.35642 10.239 
0.00215443 8.57696 10.0854 
0.00215443 10 10.0475 
0.00215443 11.6591 10.0652 
0.00215443 13.5936 10.0922 
0.00215443 15.8489 10.1089 
0.00215443 18.4785 10.115 
0.00215443 21.5443 10.1164 
0.00215443 25.1189 10.1165 
0.00215443 29.2864 10.1165 
0.00215443 34.1455 10.1164 
0.00215443 39.8107 10.1164 
0.00215443 46.4159 10.1164 
0.00215443 54.117 10.1164 
0.00215443 63.0957 10.1164 
0.00215443 73.5642 10.1164 
0.00215443 85.7696 10.1164 
0.00215443 100 10.1164 
0.00251189 0.01 16.8371 
0.00251189 0.0116591 16.8371 
0.00251189 0.0135936 16.837 
0.00251189 0.0158489 16.837 
0.00251189 0.0184785 16.8369 
0.00251189 0.0215443 16.8369 
0.00251189 0.0251189 16.8368 
0.00251189 0.0292864 16.8367 
0.00251189 0.0341455 16.8365 
0.00251189 0.0398107 16.8363 
0.00251189 0.0464159 16.8359 
0.00251189 0.054117 16.8355 
0.00251189 0.0630957 16.8349 
0.00251189 0.0735642 16.8341 
0.00251189 0.0857696 16.8331 
0.00251189 0.1 16.8316 
0.00251189 0.116591 16.8296 
0.00251189 0.135936 16.8269 
0.00251189 0.158489 16.8232 
0.00251189 0.184785 16.8182 
0.00251189 0.215443 16.8115 
0.00251189 0.251189 16.8023 
0.00251189 0.292864 16.7898 
0.00251189 0.341455 16.7728 
0.00251189 0.398107 16.7499 
0.00251189 0.464159 16.7188 
0.00251189 0.54117 16.6768 
0.00251189 0.630957 16.6201 
0.00251189 0.735642 16.5439 
0.00251189 0.857696 16.4417 
0.00251189 1 16.3053 
0.00251189 1.16591 16.1246 
0.00251189 1.35936 15.8873 
0.00251189 1.58489 15.5795 
0.00251189 1.84785 15.1867 
0.00251189 2.15443 14.6962 
0.00251189 2.51189 14.1014 
0.00251189 2.92864 13.4076 
0.00251189 3.41455 12.6384 
0.00251189 3.98107 11.841 
0.00251189 4.64159 11.084 
0.00251189 5.4117 10.4451 
0.00251189 6.30957 9.98749 
0.00251189 7.35642 9.73461 
0.00251189 8.57696 9.65823 
0.00251189 10 9.6914 
0.00251189 11.6591 9.7607 
0.00251189 13.5936 9.81728 
0.00251189 15.8489 9.84693 
0.00251189 18.4785 9.85731 
0.00251189 21.5443 9.85962 
0.00251189 25.1189 9.85989 
0.00251189 29.2864 9.85988 
0.00251189 34.1455 9.85987 
0.00251189 39.8107 9.85987 
0.00251189 46.4159 9.85987 
0.00251189 54.117 9.85987 
0.00251189 63.0957 9.85987 
0.00251189 73.5642 9.85987 
0.00251189 85.7696 9.85987 
0.00251189 100 9.85987 
0.00292864 0.01 16.8371 
0.00292864 0.0116591 16.837 
0.00292864 0.0135936 16.837 
0.00292864 0.0158489 16.837 
0.00292864 0.0184785 16.8369 
0.00292864 0.0215443 16.8368 
0.00292864 0.0251189 16.8367 
0.00292864 0.0292864 16.8366 
0.00292864 0.0341455 16.8364 
0.00292864 0.0398107 16.8361 
0.00292864 0.0464159 16.8357 
0.00292864 0.054117 16.8352 
0.00292864 0.0630957 16.8346 
0.00292864 0.0735642 16.8336 
0.00292864 0.0857696 16.8324 
0.00292864 0.1 16.8307 
0.00292864 0.116591 16.8284 
0.00292864 0.135936 16.8252 
0.00292864 0.158489 16.8209 
0.00292864 0.184785 16.8151 
0.00292864 0.215443 16.8072 
0.00292864 0.251189 16.7965 
0.00292864 0.292864 16.7819 
0.00292864 0.341455 16.7622 
0.00292864 0.398107 16.7355 
0.00292864 0.464159 16.6993 
0.00292864 0.54117 16.6504 
0.00292864 0.630957 16.5844 
0.00292864 0.735642 16.4958 
0.00292864 0.857696 16.377 
0.00292864 1 16.2189 
0.00292864 1.16591 16.0096 
0.00292864 1.35936 15.7356 
0.00292864 1.58489 15.3813 
0.00292864 1.84785 14.9314 
0.00292864 2.15443 14.3733 
0.00292864 2.51189 13.7026 
0.00292864 2.92864 12.9302 
0.00292864 3.41455 12.0894 
0.00292864 3.98107 11.2406 
0.00292864 4.64159 10.4672 
0.00292864 5.4117 9.85758 
0.00292864 6.30957 9.47566 
0.00292864 7.35642 9.33202 
0.00292864 8.57696 9.37499 
0.00292864 10 9.51266 
0.00292864 11.6591 9.65577 
0.00292864 13.5936 9.7538 
0.00292864 15.8489 9.80144 
0.00292864 18.4785 9.81765 
0.00292864 21.5443 9.8213 
0.00292864 25.1189 9.82178 
0.00292864 29.2864 9.82179 
0.00292864 34.1455 9.82179 
0.00292864 39.8107 9.82178 
0.00292864 46.4159 9.82178 
0.00292864 54.117 9.82178 
0.00292864 63.0957 9.82178 
0.00292864 73.5642 9.82178 
0.00292864 85.7696 9.82178 
0.00292864 100 9.82178 
0.00341455 0.01 16.8371 
0.00341455 0.0116591 16.837 
0.00341455 0.0135936 16.837 
0.00341455 0.0158489 16.8369 
0.00341455 0.0184785 16.8369 
0.00341455 0.0215443 16.8368 
0.00341455 0.0251189 16.8367 
0.00341455 0.0292864 16.8365 
0.00341455 0.0341455 16.8363 
0.00341455 0.0398107 16.8359 
0.00341455 0.0464159 16.8355 
0.00341455 0.054117 16.8349 
0.00341455 0.0630957 16.8341 
0.00341455 0.0735642 16.8331 
0.00341455 0.0857696 16.8316 
0.00341455 0.1 16.8296 
0.00341455 0.116591 16.8269 
0.00341455 0.135936 16.8232 
0.00341455 0.158489 16.8182 
0.00341455 0.184785 16.8115 
0.00341455 0.215443 16.8023 
0.00341455 0.251189 16.7898 
0.00341455 0.292864 16.7728 
0.00341455 0.341455 16.7498 
0.00341455 0.398107 16.7187 
0.00341455 0.464159 16.6765 
0.00341455 0.54117 16.6196 
0.00341455 0.630957 16.5429 
0.00341455 0.735642 16.4399 
0.00341455 0.857696 16.302 
0.00341455 1 16.1187 
0.00341455 1.16591 15.8768 
0.00341455 1.35936 15.5608 
0.00341455 1.58489 15.154 
0.00341455 1.84785 14.6403 
0.00341455 2.15443 14.0081 
0.00341455 2.51189 13.2568 
0.00341455 2.92864 12.4051 
0.00341455 3.41455 11.4992 
0.00341455 3.98107 10.6167 
0.00341455 4.64159 9.85831 
0.00341455 5.4117 9.32363 
0.00341455 6.30957 9.07392 
0.00341455 7.35642 9.09998 
0.00341455 8.57696 9.31796 
0.00341455 10 9.6038 
0.00341455 11.6591 9.84937 
0.00341455 13.5936 10.0042 
0.00341455 15.8489 10.0763 
0.00341455 18.4785 10.1004 
0.00341455 21.5443 10.1058 
0.00341455 25.1189 10.1066 
0.00341455 29.2864 10.1067 
0.00341455 34.1455 10.1067 
0.00341455 39.8107 10.1067 
0.00341455 46.4159 10.1067 
0.00341455 54.117 10.1067 
0.00341455 63.0957 10.1067 
0.00341455 73.5642 10.1067 
0.00341455 85.7696 10.1067 
0.00341455 100 10.1067 
0.00398107 0.01 16.837 
0.00398107 0.0116591 16.837 
0.00398107 0.0135936 16.837 
0.00398107 0.0158489 16.8369 
0.00398107 0.0184785 16.8368 
0.00398107 0.0215443 16.8367 
0.00398107 0.0251189 16.8366 
0.00398107 0.0292864 16.8364 
0.00398107 0.0341455 16.8361 
0.00398107 0.0398107 16.8357 
0.00398107 0.0464159 16.8352 
0.00398107 0.054117 16.8346 
0.00398107 0.0630957 16.8336 
0.00398107 0.0735642 16.8324 
0.00398107 0.0857696 16.8307 
0.00398107 0.1 16.8284 
0.00398107 0.116591 16.8252 
0.00398107 0.135936 16.8209 
0.00398107 0.158489 16.8151 
0.00398107 0.184785 16.8072 
0.00398107 0.215443 16.7965 
0.00398107 0.251189 16.7819 
0.00398107 0.292864 16.7621 
0.00398107 0.341455 16.7354 
0.00398107 0.398107 16.6991 
0.00398107 0.464159 16.65 
0.00398107 0.54117 16.5838 
0.00398107 0.630957 16.4946 
0.00398107 0.735642 16.3749 
0.00398107 0.857696 16.2151 
0.00398107 1 16.0028 
0.00398107 1.16591 15.7234 
0.00398107 1.35936 15.3598 
0.00398107 1.58489 14.894 
0.00398107 1.84785 14.3097 
0.00398107 2.15443 13.5975 
0.00398107 2.51189 12.7626 
0.00398107 2.92864 11.8347 
0.00398107 3.41455 10.8773 
0.00398107 3.98107 9.98922 
0.00398107 4.64159 9.29189 
0.00398107 5.4117 8.89572 
0.00398107 6.30957 8.85438 
0.00398107 7.35642 9.12957 
0.00398107 8.57696 9.59442 
0.00398107 10 10.0841 
0.00398107 11.6591 10.4685 
0.00398107 13.5936 10.6994 
0.00398107 15.8489 10.8041 
0.00398107 18.4785 10.8387 
0.00398107 21.5443 10.8466 
0.00398107 25.1189 10.8478 
0.00398107 29.2864 10.8479 
0.00398107 34.1455 10.8479 
0.00398107 39.8107 10.8479 
0.00398107 46.4159 10.8479 
0.00398107 54.117 10.8479 
0.00398107 63.0957 10.8479 
0.00398107 73.5642 10.8479 
0.00398107 85.7696 10.8479 
0.00398107 100 10.8479 
0.00464159 0.01 16.837 
0.00464159 0.0116591 16.837 
0.00464159 0.0135936 16.8369 
0.00464159 0.0158489 16.8369 
0.00464159 0.0184785 16.8368 
0.00464159 0.0215443 16.8367 
0.00464159 0.0251189 16.8365 
0.00464159 0.0292864 16.8363 
0.00464159 0.0341455 16.8359 
0.00464159 0.0398107 16.8355 
0.00464159 0.0464159 16.8349 
0.00464159 0.054117 16.8341 
0.00464159 0.0630957 16.8331 
0.00464159 0.0735642 16.8316 
0.00464159 0.0857696 16.8296 
0.00464159 0.1 16.8269 
0.00464159 0.116591 16.8232 
0.00464159 0.135936 16.8182 
0.00464159 0.158489 16.8115 
0.00464159 0.184785 16.8022 
0.00464159 0.215443 16.7897 
0.00464159 0.251189 16.7728 
0.00464159 0.292864 16.7497 
0.00464159 0.341455 16.7185 
0.00464159 0.398107 16.6763 
0.00464159 0.464159 16.6192 
0.00464159 0.54117 16.5422 
0.00464159 0.630957 16.4385 
0.00464159 0.735642 16.2996 
0.00464159 0.857696 16.1143 
0.00464159 1 15.8689 
0.00464159 1.16591 15.5468 
0.00464159 1.35936 15.1294 
0.00464159 1.58489 14.5977 
0.00464159 1.84785 13.9362 
0.00464159 2.15443 13.1392 
0.00464159 2.51189 12.2206 
0.00464159 2.92864 11.2254 
0.00464159 3.41455 10.2394 
0.00464159 3.98107 9.38814 
0.00464159 4.64159 8.81674 
0.00464159 5.4117 8.6451 
0.00464159 6.30957 8.91201 
0.00464159 7.35642 9.53815 
0.00464159 8.57696 10.3404 
0.00464159 10 11.1034 
0.00464159 11.6591 11.6715 
0.00464159 13.5936 12.0025 
0.00464159 15.8489 12.1498 
0.00464159 18.4785 12.1981 
0.00464159 21.5443 12.2093 
0.00464159 25.1189 12.211 
0.00464159 29.2864 12.2111 
0.00464159 34.1455 12.2112 
0.00464159 39.8107 12.2112 
0.00464159 46.4159 12.2112 
0.00464159 54.117 12.2112 
0.00464159 63.0957 12.2112 
0.00464159 73.5642 12.2112 
0.00464159 85.7696 12.2112 
0.00464159 100 12.2112 
0.0054117 0.01 16.837 
0.0054117 0.0116591 16.837 
0.0054117 0.0135936 16.8369 
0.0054117 0.0158489 16.8368 
0.0054117 0.0184785 16.8367 
0.0054117 0.0215443 16.8366 
0.0054117 0.0251189 16.8364 
0.0054117 0.0292864 16.8361 
0.0054117 0.0341455 16.8357 
0.0054117 0.0398107 16.8352 
0.0054117 0.0464159 16.8346 
0.0054117 0.054117 16.8336 
0.0054117 0.0630957 16.8324 
0.0054117 0.0735642 16.8307 
0.0054117 0.0857696 16.8284 
0.0054117 0.1 16.8252 
0.0054117 0.116591 16.8209 
0.0054117 0.135936 16.8151 
0.0054117 0.158489 16.8072 
0.0054117 0.184785 16.7965 
0.0054117 0.215443 16.7819 
0.0054117 0.251189 16.7621 
0.0054117 0.292864 16.7353 
0.0054117 0.341455 16.699 
0.0054117 0.398107 16.6498 
0.0054117 0.464159 16.5833 
0.0054117 0.54117 16.4938 
0.0054117 0.630957 16.3734 
0.0054117 0.735642 16.2123 
0.0054117 0.857696 15.9978 
0.0054117 1 15.7143 
0.0054117 1.16591 15.3437 
0.0054117 1.35936 14.8658 
0.0054117 1.58489 14.2613 
0.0054117 1.84785 13.5166 
0.0054117 2.15443 12.6322 
0.0054117 2.51189 11.6342 
0.0054117 2.92864 10.5886 
0.0054117 3.41455 9.60982 
0.0054117 3.98107 8.85626 
0.0054117 4.64159 8.49942 
0.0054117 5.4117 8.66554 
0.0054117 6.30957 9.36842 
0.0054117 7.35642 10.4726 
0.0054117 8.57696 11.7234 
0.0054117 10 12.8439 
0.0054117 11.6591 13.6499 
0.0054117 13.5936 14.1097 
0.0054117 15.8489 14.3119 
0.0054117 18.4785 14.3779 
0.0054117 21.5443 14.3931 
0.0054117 25.1189 14.3956 
0.0054117 29.2864 14.3958 
0.0054117 34.1455 14.3958 
0.0054117 39.8107 14.3958 
0.0054117 46.4159 14.3958 
0.0054117 54.117 14.3958 
0.0054117 63.0957 14.3958 
0.0054117 73.5642 14.3958 
0.0054117 85.7696 14.3958 
0.0054117 100 14.3958 
0.00630957 0.01 16.837 
0.00630957 0.0116591 16.8369 
0.00630957 0.0135936 16.8369 
0.00630957 0.0158489 16.8368 
0.00630957 0.0184785 16.8367 
0.00630957 0.0215443 16.8365 
0.00630957 0.0251189 16.8363 
0.00630957 0.0292864 16.8359 
0.00630957 0.0341455 16.8355 
0.00630957 0.0398107 16.8349 
0.00630957 0.0464159 16.8341 
0.00630957 0.054117 16.8331 
0.00630957 0.0630957 16.8316 
0.00630957 0.0735642 16.8296 
0.00630957 0.0857696 16.8269 
0.00630957 0.1 16.8232 
0.00630957 0.116591 16.8182 
0.00630957 0.135936 16.8115 
0.00630957 0.158489 16.8022 
0.00630957 0.184785 16.7897 
0.00630957 0.215443 16.7727 
0.00630957 0.251189 16.7497 
0.00630957 0.292864 16.7185 
0.00630957 0.341455 16.6761 
0.00630957 0.398107 16.6189 
0.00630957 0.464159 16.5416 
0.00630957 0.54117 16.4376 
0.00630957 0.630957 16.2978 
0.00630957 0.735642 16.1111 
0.00630957 0.857696 15.863 
0.00630957 1 15.5363 
0.00630957 1.16591 15.1109 
0.00630957 1.35936 14.5655 
0.00630957 1.58489 13.8815 
0.00630957 1.84785 13.0489 
0.00630957 2.15443 12.0774 
0.00630957 2.51189 11.011 
0.00630957 2.92864 9.94283 
0.00630957 3.41455 9.02423 
0.00630957 3.98107 8.45276 
0.00630957 4.64159 8.42815 
0.00630957 5.4117 9.0771 
0.00630957 6.30957 10.3747 
0.00630957 7.35642 12.1112 
0.00630957 8.57696 13.9428 
0.00630957 10 15.52 
0.00630957 11.6591 16.6275 
0.00630957 13.5936 17.2498 
0.00630957 15.8489 17.5211 
0.00630957 18.4785 17.6094 
0.00630957 21.5443 17.6299 
0.00630957 25.1189 17.6332 
0.00630957 29.2864 17.6336 
0.00630957 34.1455 17.6336 
0.00630957 39.8107 17.6336 
0.00630957 46.4159 17.6336 
0.00630957 54.117 17.6336 
0.00630957 63.0957 17.6336 
0.00630957 73.5642 17.6336 
0.00630957 85.7696 17.6336 
0.00630957 100 17.6336 
0.00735642 0.01 16.837 
0.00735642 0.0116591 16.8369 
0.00735642 0.0135936 16.8368 
0.00735642 0.0158489 16.8367 
0.00735642 0.0184785 16.8366 
0.00735642 0.0215443 16.8364 
0.00735642 0.0251189 16.8361 
0.00735642 0.0292864 16.8357 
0.00735642 0.0341455 16.8352 
0.00735642 0.0398107 16.8346 
0.00735642 0.0464159 16.8336 
0.00735642 0.054117 16.8324 
0.00735642 0.0630957 16.8307 
0.00735642 0.0735642 16.8284 
0.00735642 0.0857696 16.8252 
0.00735642 0.1 16.8209 
0.00735642 0.116591 16.8151 
0.00735642 0.135936 16.8072 
0.00735642 0.158489 16.7965 
0.00735642 0.184785 16.7819 
0.00735642 0.215443 16.7621 
0.00735642 0.251189 16.7352 
0.00735642 0.292864 16.6989 
0.00735642 0.341455 16.6496 
0.00735642 0.398107 16.583 
0.00735642 0.464159 16.4932 
0.00735642 0.54117 16.3723 
0.00735642 0.630957 16.2102 
0.00735642 0.735642 15.994 
0.00735642 0.857696 15.7076 
0.00735642 1 15.3317 
0.00735642 1.16591 14.8446 
0.00735642 1.35936 14.2248 
0.00735642 1.58489 13.4551 
0.00735642 1.84785 12.5321 
0.00735642 2.15443 11.4791 
0.00735642 2.51189 10.364 
0.00735642 2.92864 9.31617 
0.00735642 3.41455 8.53273 
0.00735642 3.98107 8.25688 
0.00735642 4.64159 8.71637 
0.00735642 5.4117 10.0288 
0.00735642 6.30957 12.1127 
0.00735642 7.35642 14.6627 
0.00735642 8.57696 17.2277 
0.00735642 10 19.3744 
0.00735642 11.6591 20.8552 
0.00735642 13.5936 21.6782 
0.00735642 15.8489 22.0349 
0.00735642 18.4785 22.1508 
0.00735642 21.5443 22.1778 
0.00735642 25.1189 22.1823 
0.00735642 29.2864 22.1828 
0.00735642 34.1455 22.1829 
0.00735642 39.8107 22.1829 
0.00735642 46.4159 22.1829 
0.00735642 54.117 22.1829 
0.00735642 63.0957 22.1829 
0.00735642 73.5642 22.1829 
0.00735642 85.7696 22.1829 
0.00735642 100 22.1829 
0.00857696 0.01 16.8369 
0.00857696 0.0116591 16.8369 
0.00857696 0.0135936 16.8368 
0.00857696 0.0158489 16.8367 
0.00857696 0.0184785 16.8365 
0.00857696 0.0215443 16.8363 
0.00857696 0.0251189 16.8359 
0.00857696 0.0292864 16.8355 
0.00857696 0.0341455 16.8349 
0.00857696 0.0398107 16.8341 
0.00857696 0.0464159 16.8331 
0.00857696 0.054117 16.8316 
0.00857696 0.0630957 16.8296 
0.00857696 0.0735642 16.8269 
0.00857696 0.0857696 16.8232 
0.00857696 0.1 16.8182 
0.00857696 0.116591 16.8114 
0.00857696 0.135936 16.8022 
0.00857696 0.158489 16.7897 
0.00857696 0.184785 16.7727 
0.00857696 0.215443 16.7497 
0.00857696 0.251189 16.7184 
0.00857696 0.292864 16.676 
0.00857696 0.341455 16.6187 
0.00857696 0.398107 16.5412 
0.00857696 0.464159 16.4368 
0.00857696 0.54117 16.2965 
0.00857696 0.630957 16.1087 
0.00857696 0.735642 15.8587 
0.00857696 0.857696 15.5285 
0.00857696 1 15.097 
0.00857696 1.16591 14.5414 
0.00857696 1.35936 13.8402 
0.00857696 1.58489 12.9802 
0.00857696 1.84785 11.9679 
0.00857696 2.15443 10.8458 
0.00857696 2.51189 9.71421 
0.00857696 2.92864 8.74917 
0.00857696 3.41455 8.20351 
0.00857696 3.98107 8.37161 
0.00857696 4.64159 9.50566 
0.00857696 5.4117 11.6997 
0.00857696 6.30957 14.7934 
0.00857696 7.35642 18.3625 
0.00857696 8.57696 21.8299 
0.00857696 10 24.6694 
0.00857696 11.6591 26.6016 
0.00857696 13.5936 27.6668 
0.00857696 15.8489 28.1266 
0.00857696 18.4785 28.2759 
0.00857696 21.5443 28.3109 
0.00857696 25.1189 28.3167 
0.00857696 29.2864 28.3174 
0.00857696 34.1455 28.3175 
0.00857696 39.8107 28.3175 
0.00857696 46.4159 28.3175 
0.00857696 54.117 28.3175 
0.00857696 63.0957 28.3175 
0.00857696 73.5642 28.3175 
0.00857696 85.7696 28.3175 
0.00857696 100 28.3175 
0.01 0.01 16.8369 
0.01 0.0116591 16.8368 
0.01 0.0135936 16.8367 
0.01 0.0158489 16.8366 
0.01 0.0184785 16.8364 
0.01 0.0215443 16.8361 
0.01 0.0251189 16.8357 
0.01 0.0292864 16.8352 
0.01 0.0341455 16.8346 
0.01 0.0398107 16.8336 
0.01 0.0464159 16.8324 
0.01 0.054117 16.8307 
0.01 0.0630957 16.8284 
0.01 0.0735642 16.8252 
0.01 0.0857696 16.8209 
0.01 0.1 16.8151 
0.01 0.116591 16.8072 
0.01 0.135936 16.7964 
0.01 0.158489 16.7819 
0.01 0.184785 16.7621 
0.01 0.215443 16.7352 
0.01 0.251189 16.6988 
0.01 0.292864 16.6495 
0.01 0.341455 16.5828 
0.01 0.398107 16.4927 
0.01 0.464159 16.3714 
0.01 0.54117 16.2087 
0.01 0.630957 15.9912 
0.01 0.735642 15.7026 
0.01 0.857696 15.3227 
0.01 1 14.8289 
0.01 1.16591 14.1974 
0.01 1.35936 13.4088 
0.01 1.58489 12.4562 
0.01 1.84785 11.3607 
0.01 2.15443 10.1919 
0.01 2.51189 9.09284 
0.01 2.92864 8.29806 
0.01 3.41455 8.12653 
0.01 3.98107 8.92684 
0.01 4.64159 10.967 
0.01 5.4117 14.2972 
0.01 6.30957 18.6517 
0.01 7.35642 23.463 
0.01 8.57696 28.012 
0.01 10 31.6729 
0.01 11.6591 34.1372 
0.01 13.5936 35.4876 
0.01 15.8489 36.0691 
0.01 18.4785 36.258 
0.01 21.5443 36.3026 
0.01 25.1189 36.31 
0.01 29.2864 36.311 
0.01 34.1455 36.3111 
0.01 39.8107 36.3111 
0.01 46.4159 36.3111 
0.01 54.117 36.3111 
0.01 63.0957 36.3111 
0.01 73.5642 36.3111 
0.01 85.7696 36.3111 
0.01 100 36.3111 
0.0116591 0.01 16.8369 
0.0116591 0.0116591 16.8368 
0.0116591 0.0135936 16.8367 
0.0116591 0.0158489 16.8365 
0.0116591 0.0184785 16.8363 
0.0116591 0.0215443 16.8359 
0.0116591 0.0251189 16.8355 
0.0116591 0.0292864 16.8349 
0.0116591 0.0341455 16.8341 
0.0116591 0.0398107 16.8331 
0.0116591 0.0464159 16.8316 
0.0116591 0.054117 16.8296 
0.0116591 0.0630957 16.8269 
0.0116591 0.0735642 16.8232 
0.0116591 0.0857696 16.8182 
0.0116591 0.1 16.8114 
0.0116591 0.116591 16.8022 
0.0116591 0.135936 16.7897 
0.0116591 0.158489 16.7727 
0.0116591 0.184785 16.7496 
0.0116591 0.215443 16.7183 
0.0116591 0.251189 16.6759 
0.0116591 0.292864 16.6185 
0.0116591 0.341455 16.541 
0.0116591 0.398107 16.4363 
0.0116591 0.464159 16.2955 
0.0116591 0.54117 16.1069 
0.0116591 0.630957 15.8555 
0.0116591 0.735642 15.5227 
0.0116591 0.857696 15.0868 
0.0116591 1 14.5234 
0.0116591 1.16591 13.8092 
0.0116591 1.35936 12.9285 
0.0116591 1.58489 11.8848 
0.0116591 1.84785 10.72 
0.0116591 2.15443 9.54039 
0.0116591 2.51189 8.54439 
0.0116591 2.92864 8.0385 
0.0116591 3.41455 8.41692 
0.0116591 3.98107 10.0812 
0.0116591 4.64159 13.2997 
0.0116591 5.4117 18.0514 
0.0116591 6.30957 23.9365 
0.0116591 7.35642 30.2208 
0.0116591 8.57696 36.0312 
0.0116591 10 40.6399 
0.0116591 11.6591 43.7152 
0.0116591 13.5936 45.3927 
0.0116591 15.8489 46.1142 
0.0116591 18.4785 46.3489 
0.0116591 21.5443 46.4046 
0.0116591 25.1189 46.414 
0.0116591 29.2864 46.4152 
0.0116591 34.1455 46.4154 
0.0116591 39.8107 46.4154 
0.0116591 46.4159 46.4154 
0.0116591 54.117 46.4154 
0.0116591 63.0957 46.4154 
0.0116591 73.5642 46.4154 
0.0116591 85.7696 46.4154 
0.0116591 100 46.4154 
0.0135936 0.01 16.8368 
0.0135936 0.0116591 16.8367 
0.0135936 0.0135936 16.8366 
0.0135936 0.0158489 16.8364 
0.0135936 0.0184785 16.8361 
0.0135936 0.0215443 16.8357 
0.0135936 0.0251189 16.8352 
0.0135936 0.0292864 16.8346 
0.0135936 0.0341455 16.8336 
0.0135936 0.0398107 16.8324 
0.0135936 0.0464159 16.8307 
0.0135936 0.054117 16.8284 
0.0135936 0.0630957 16.8252 
0.0135936 0.0735642 16.8209 
0.0135936 0.0857696 16.8151 
0.0135936 0.1 16.8072 
0.0135936 0.116591 16.7964 
0.0135936 0.135936 16.7819 
0.0135936 0.158489 16.762 
0.0135936 0.184785 16.7352 
0.0135936 0.215443 16.6987 
0.0135936 0.251189 16.6494 
0.0135936 0.292864 16.5826 
0.0135936 0.341455 16.4924 
0.0135936 0.398107 16.3708 
0.0135936 0.464159 16.2075 
0.0135936 0.54117 15.9892 
0.0135936 0.630957 15.6988 
0.0135936 0.735642 15.3161 
0.0135936 0.857696 14.8171 
0.0135936 1 14.177 
0.0135936 1.16591 13.374 
0.0135936 1.35936 12.3991 
0.0135936 1.58489 11.2712 
0.0135936 1.84785 10.0615 
0.0135936 2.15443 8.92495 
0.0135936 2.51189 8.13009 
0.0135936 2.92864 8.0691 
0.0135936 3.41455 9.21758 
0.0135936 3.98107 12.0218 
0.0135936 4.64159 16.7261 
0.0135936 5.4117 23.2059 
0.0135936 6.30957 30.8966 
0.0135936 7.35642 38.879 
0.0135936 8.57696 46.1192 
0.0135936 10 51.791 
0.0135936 11.6591 55.5481 
0.0135936 13.5936 57.5906 
0.0135936 15.8489 58.4687 
0.0135936 18.4785 58.7551 
0.0135936 21.5443 58.8234 
0.0135936 25.1189 58.8351 
0.0135936 29.2864 58.8366 
0.0135936 34.1455 58.8368 
0.0135936 39.8107 58.8368 
0.0135936 46.4159 58.8368 
0.0135936 54.117 58.8368 
0.0135936 63.0957 58.8368 
0.0135936 73.5642 58.8368 
0.0135936 85.7696 58.8368 
0.0135936 100 58.8368 
0.0158489 0.01 16.8368 
0.0158489 0.0116591 16.8367 
0.0158489 0.0135936 16.8365 
0.0158489 0.0158489 16.8363 
0.0158489 0.0184785 16.8359 
0.0158489 0.0215443 16.8355 
0.0158489 0.0251189 16.8349 
0.0158489 0.0292864 16.8341 
0.0158489 0.0341455 16.8331 
0.0158489 0.0398107 16.8316 
0.0158489 0.0464159 16.8296 
0.0158489 0.054117 16.8269 
0.0158489 0.0630957 16.8232 
0.0158489 0.0735642 16.8182 
0.0158489 0.0857696 16.8114 
0.0158489 0.1 16.8022 
0.0158489 0.116591 16.7897 
0.0158489 0.135936 16.7727 
0.0158489 0.158489 16.7496 
0.0158489 0.184785 16.7183 
0.0158489 0.215443 16.6759 
0.0158489 0.251189 16.6184 
0.0158489 0.292864 16.5407 
0.0158489 0.341455 16.4359 
0.0158489 0.398107 16.2948 
0.0158489 0.464159 16.1056 
0.0158489 0.54117 15.8531 
0.0158489 0.630957 15.5185 
0.0158489 0.735642 15.0792 
0.0158489 0.857696 14.51 
0.0158489 1 13.7862 
0.0158489 1.16591 12.8898 
0.0158489 1.35936 11.8224 
0.0158489 1.58489 10.6252 
0.0158489 1.84785 9.40951 
0.0158489 2.15443 8.39327 
0.0158489 2.51189 7.93155 
0.0158489 2.92864 8.51462 
0.0158489 3.41455 10.6998 
0.0158489 3.98107 14.9603 
0.0158489 4.64159 21.4832 
0.0158489 5.4117 30.0029 
0.0158489 6.30957 39.7629 
0.0158489 7.35642 49.6467 
0.0158489 8.57696 58.4609 
0.0158489 10 65.2902 
0.0158489 11.6591 69.7856 
0.0158489 13.5936 72.2234 
0.0158489 15.8489 73.2718 
0.0158489 18.4785 73.6148 
0.0158489 21.5443 73.6969 
0.0158489 25.1189 73.7112 
0.0158489 29.2864 73.7131 
0.0158489 34.1455 73.7134 
0.0158489 39.8107 73.7134 
0.0158489 46.4159 73.7134 
0.0158489 54.117 73.7134 
0.0158489 63.0957 73.7134 
0.0158489 73.5642 73.7134 
0.0158489 85.7696 73.7134 
0.0158489 100 73.7134 
0.0184785 0.01 16.8367 
0.0184785 0.0116591 16.8366 
0.0184785 0.0135936 16.8364 
0.0184785 0.0158489 16.8361 
0.0184785 0.0184785 16.8357 
0.0184785 0.0215443 16.8352 
0.0184785 0.0251189 16.8346 
0.0184785 0.0292864 16.8336 
0.0184785 0.0341455 16.8324 
0.0184785 0.0398107 16.8307 
0.0184785 0.0464159 16.8284 
0.0184785 0.054117 16.8252 
0.0184785 0.0630957 16.8209 
0.0184785 0.0735642 16.8151 
0.0184785 0.0857696 16.8072 
0.0184785 0.1 16.7964 
0.0184785 0.116591 16.7818 
0.0184785 0.135936 16.762 
0.0184785 0.158489 16.7351 
0.0184785 0.184785 16.6987 
0.0184785 0.215443 16.6493 
0.0184785 0.251189 16.5824 
0.0184785 0.292864 16.4921 
0.0184785 0.341455 16.3703 
0.0184785 0.398107 16.2067 
0.0184785 0.464159 15.9876 
0.0184785 0.54117 15.6961 
0.0184785 0.630957 15.3112 
0.0184785 0.735642 14.8084 
0.0184785 0.857696 14.1618 
0.0184785 1 13.3481 
0.0184785 1.16591 12.3564 
0.0184785 1.35936 11.204 
0.0184785 1.58489 9.96352 
0.0184785 1.84785 8.79971 
0.0184785 2.15443 8.01053 
0.0184785 2.51189 8.05421 
0.0184785 2.92864 9.52776 
0.0184785 3.41455 13.0616 
0.0184785 3.98107 19.1261 
0.0184785 4.64159 27.8092 
0.0184785 5.4117 38.6671 
0.0184785 6.30957 50.7297 
0.0184785 7.35642 62.6802 
0.0184785 8.57696 73.1753 
0.0184785 10 81.2258 
0.0184785 11.6591 86.4956 
0.0184785 13.5936 89.3476 
0.0184785 15.8489 90.5754 
0.0184785 18.4785 90.9784 
0.0184785 21.5443 91.0756 
0.0184785 25.1189 91.0927 
0.0184785 29.2864 91.095 
0.0184785 34.1455 91.0953 
0.0184785 39.8107 91.0954 
0.0184785 46.4159 91.0954 
0.0184785 54.117 91.0954 
0.0184785 63.0957 91.0954 
0.0184785 73.5642 91.0954 
0.0184785 85.7696 91.0954 
0.0184785 100 91.0954 
0.0215443 0.01 16.8367 
0.0215443 0.0116591 16.8365 
0.0215443 0.0135936 16.8363 
0.0215443 0.0158489 16.8359 
0.0215443 0.0184785 16.8355 
0.0215443 0.0215443 16.8349 
0.0215443 0.0251189 16.8341 
0.0215443 0.0292864 16.8331 
0.0215443 0.0341455 16.8316 
0.0215443 0.0398107 16.8296 
0.0215443 0.0464159 16.8269 
0.0215443 0.054117 16.8232 
0.0215443 0.0630957 16.8182 
0.0215443 0.0735642 16.8114 
0.0215443 0.0857696 16.8022 
0.0215443 0.1 16.7897 
0.0215443 0.116591 16.7727 
0.0215443 0.135936 16.7496 
0.0215443 0.158489 16.7183 
0.0215443 0.184785 16.6758 
0.0215443 0.215443 16.6183 
0.0215443 0.251189 16.5406 
0.0215443 0.292864 16.4356 
0.0215443 0.341455 16.2943 
0.0215443 0.398107 16.1046 
0.0215443 0.464159 15.8513 
0.0215443 0.54117 15.5153 
0.0215443 0.630957 15.0735 
0.0215443 0.735642 14.5001 
0.0215443 0.857696 13.769 
0.0215443 1 12.861 
0.0215443 1.16591 11.7758 
0.0215443 1.35936 10.5542 
0.0215443 1.58489 9.31163 
0.0215443 1.84785 8.28228 
0.0215443 2.15443 7.86295 
0.0215443 2.51189 8.63015 
0.0215443 2.92864 11.289 
0.0215443 3.41455 16.5216 
0.0215443 3.98107 24.7539 
0.0215443 4.64159 35.9277 
0.0215443 5.4117 49.3871 
0.0215443 6.30957 63.9371 
0.0215443 7.35642 78.0666 
0.0215443 8.57696 90.3002 
0.0215443 10 99.5969 
0.0215443 11.6591 105.651 
0.0215443 13.5936 108.922 
0.0215443 15.8489 110.332 
0.0215443 18.4785 110.797 
0.0215443 21.5443 110.91 
0.0215443 25.1189 110.93 
0.0215443 29.2864 110.933 
0.0215443 34.1455 110.933 
0.0215443 39.8107 110.933 
0.0215443 46.4159 110.933 
0.0215443 54.117 110.933 
0.0215443 63.0957 110.933 
0.0215443 73.5642 110.933 
0.0215443 85.7696 110.933 
0.0215443 100 110.933 
0.0251189 0.01 16.8366 
0.0251189 0.0116591 16.8364 
0.0251189 0.0135936 16.8361 
0.0251189 0.0158489 16.8357 
0.0251189 0.0184785 16.8352 
0.0251189 0.0215443 16.8346 
0.0251189 0.0251189 16.8336 
0.0251189 0.0292864 16.8324 
0.0251189 0.0341455 16.8307 
0.0251189 0.0398107 16.8284 
0.0251189 0.0464159 16.8252 
0.0251189 0.054117 16.8209 
0.0251189 0.0630957 16.8151 
0.0251189 0.0735642 16.8072 
0.0251189 0.0857696 16.7964 
0.0251189 0.1 16.7818 
0.0251189 0.116591 16.762 
0.0251189 0.135936 16.7351 
0.0251189 0.158489 16.6987 
0.0251189 0.184785 16.6492 
0.0251189 0.215443 16.5823 
0.0251189 0.251189 16.4919 
0.0251189 0.292864 16.37 
0.0251189 0.341455 16.2061 
0.0251189 0.398107 15.9865 
0.0251189 0.464159 15.6941 
0.0251189 0.54117 15.3075 
0.0251189 0.630957 14.8019 
0.0251189 0.735642 14.1505 
0.0251189 0.857696 13.3289 
0.0251189 1 12.3245 
0.0251189 1.16591 11.1538 
0.0251189 1.35936 9.8903 
0.0251189 1.58489 8.70673 
0.0251189 1.84785 7.92544 
0.0251189 2.15443 8.06123 
0.0251189 2.51189 9.81938 
0.0251189 2.92864 14.0031 
0.0251189 3.41455 21.3102 
0.0251189 3.98107 32.0695 
0.0251189 4.64159 46.0299 
0.0251189 5.4117 62.2996 
0.0251189 6.30957 79.457 
0.0251189 7.35642 95.8128 
0.0251189 8.57696 109.785 
0.0251189 10 120.307 
0.0251189 11.6591 127.125 
0.0251189 13.5936 130.804 
0.0251189 15.8489 132.393 
0.0251189 18.4785 132.919 
0.0251189 21.5443 133.047 
0.0251189 25.1189 133.071 
0.0251189 29.2864 133.074 
0.0251189 34.1455 133.074 
0.0251189 39.8107 133.075 
0.0251189 46.4159 133.075 
0.0251189 54.117 133.075 
0.0251189 63.0957 133.075 
0.0251189 73.5642 133.075 
0.0251189 85.7696 133.075 
0.0251189 100 133.075 
0.0292864 0.01 16.8365 
0.0292864 0.0116591 16.8363 
0.0292864 0.0135936 16.8359 
0.0292864 0.0158489 16.8355 
0.0292864 0.0184785 16.8349 
0.0292864 0.0215443 16.8341 
0.0292864 0.0251189 16.8331 
0.0292864 0.0292864 16.8316 
0.0292864 0.0341455 16.8296 
0.0292864 0.0398107 16.8269 
0.0292864 0.0464159 16.8232 
0.0292864 0.054117 16.8182 
0.0292864 0.0630957 16.8114 
0.0292864 0.0735642 16.8022 
0.0292864 0.0857696 16.7897 
0.0292864 0.1 16.7727 
0.0292864 0.116591 16.7496 
0.0292864 0.135936 16.7183 
0.0292864 0.158489 16.6758 
0.0292864 0.184785 16.6183 
0.0292864 0.215443 16.5405 
0.0292864 0.251189 16.4354 
0.0292864 0.292864 16.2939 
0.0292864 0.341455 16.1039 
0.0292864 0.398107 15.85 
0.0292864 0.464159 15.513 
0.0292864 0.54117 15.0694 
0.0292864 0.630957 14.4927 
0.0292864 0.735642 13.7563 
0.0292864 0.857696 12.8395 
0.0292864 1 11.741 
0.0292864 1.16591 10.5012 
0.0292864 1.35936 9.23877 
0.0292864 1.58489 8.20093 
0.0292864 1.84785 7.819 
0.0292864 2.15443 8.74298 
0.0292864 2.51189 11.8087 
0.0292864 2.92864 17.8922 
0.0292864 3.41455 27.6554 
0.0292864 3.98107 41.2725 
0.0292864 4.64159 58.2599 
0.0292864 5.4117 77.4769 
0.0292864 6.30957 97.2853 
0.0292864 7.35642 115.841 
0.0292864 8.57696 131.487 
0.0292864 10 143.166 
0.0292864 11.6591 150.696 
0.0292864 13.5936 154.754 
0.0292864 15.8489 156.509 
0.0292864 18.4785 157.093 
0.0292864 21.5443 157.237 
0.0292864 25.1189 157.264 
0.0292864 29.2864 157.268 
0.0292864 34.1455 157.268 
0.0292864 39.8107 157.268 
0.0292864 46.4159 157.268 
0.0292864 54.117 157.268 
0.0292864 63.0957 157.268 
0.0292864 73.5642 157.268 
0.0292864 85.7696 157.268 
0.0292864 100 157.268 
0.0341455 0.01 16.8364 
0.0341455 0.0116591 16.8361 
0.0341455 0.0135936 16.8357 
0.0341455 0.0158489 16.8352 
0.0341455 0.0184785 16.8346 
0.0341455 0.0215443 16.8336 
0.0341455 0.0251189 16.8324 
0.0341455 0.0292864 16.8307 
0.0341455 0.0341455 16.8284 
0.0341455 0.0398107 16.8252 
0.0341455 0.0464159 16.8209 
0.0341455 0.054117 16.8151 
0.0341455 0.0630957 16.8072 
0.0341455 0.0735642 16.7964 
0.0341455 0.0857696 16.7818 
0.0341455 0.1 16.762 
0.0341455 0.116591 16.7351 
0.0341455 0.135936 16.6986 
0.0341455 0.158489 16.6492 
0.0341455 0.184785 16.5823 
0.0341455 0.215443 16.4918 
0.0341455 0.251189 16.3698 
0.0341455 0.292864 16.2056 
0.0341455 0.341455 15.9857 
0.0341455 0.398107 15.6926 
0.0341455 0.464159 15.3048 
0.0341455 0.54117 14.7972 
0.0341455 0.630957 14.1422 
0.0341455 0.735642 13.3146 
0.0341455 0.857696 12.3009 
0.0341455 1 11.1164 
0.0341455 1.16591 9.83583 
0.0341455 1.35936 8.63793 
0.0341455 1.58489 7.86473 
0.0341455 1.84785 8.07759 
0.0341455 2.15443 10.0736 
0.0341455 2.51189 14.8073 
0.0341455 2.92864 23.1844 
0.0341455 3.41455 35.768 
0.0341455 3.98107 52.5217 
0.0341455 4.64159 72.7023 
0.0341455 5.4117 94.9205 
0.0341455 6.30957 117.339 
0.0341455 7.35642 137.989 
0.0341455 8.57696 155.179 
0.0341455 10 167.897 
0.0341455 11.6591 176.056 
0.0341455 13.5936 180.446 
0.0341455 15.8489 182.349 
0.0341455 18.4785 182.985 
0.0341455 21.5443 183.144 
0.0341455 25.1189 183.173 
0.0341455 29.2864 183.178 
0.0341455 34.1455 183.179 
0.0341455 39.8107 183.179 
0.0341455 46.4159 183.179 
0.0341455 54.117 183.179 
0.0341455 63.0957 183.179 
0.0341455 73.5642 183.179 
0.0341455 85.7696 183.179 
0.0341455 100 183.179 
0.0398107 0.01 16.8363 
0.0398107 0.0116591 16.8359 
0.0398107 0.0135936 16.8355 
0.0398107 0.0158489 16.8349 
0.0398107 0.0184785 16.8341 
0.0398107 0.0215443 16.8331 
0.0398107 0.0251189 16.8316 
0.0398107 0.0292864 16.8296 
0.0398107 0.0341455 16.8269 
0.0398107 0.0398107 16.8232 
0.0398107 0.0464159 16.8182 
0.0398107 0.054117 16.8114 
0.0398107 0.0630957 16.8022 
0.0398107 0.0735642 16.7897 
0.0398107 0.0857696 16.7727 
0.0398107 0.1 16.7496 
0.0398107 0.116591 16.7183 
0.0398107 0.135936 16.6758 
0.0398107 0.158489 16.6182 
0.0398107 0.184785 16.5404 
0.0398107 0.215443 16.4352 
0.0398107 0.251189 16.2936 
0.0398107 0.292864 16.1034 
0.0398107 0.341455 15.8491 
0.0398107 0.398107 15.5113 
0.0398107 0.464159 15.0663 
0.0398107 0.54117 14.4873 
0.0398107 0.630957 13.7469 
0.0398107 0.735642 12.8237 
0.0398107 0.857696 11.7152 
0.0398107 1 10.4619 
0.0398107 1.16591 9.18472 
0.0398107 1.35936 8.14133 
0.0398107 1.58489 7.79066 
0.0398107 1.84785 8.84298 
0.0398107 2.15443 12.2441 
0.0398107 2.51189 19.0382 
0.0398107 2.92864 30.0997 
0.0398107 3.41455 45.8249 
0.0398107 3.98107 65.9221 
0.0398107 4.64159 89.3759 
0.0398107 5.4117 114.558 
0.0398107 6.30957 139.457 
0.0398107 7.35642 162.017 
0.0398107 8.57696 180.558 
0.0398107 10 194.151 
0.0398107 11.6591 202.827 
0.0398107 13.5936 207.488 
0.0398107 15.8489 209.512 
0.0398107 18.4785 210.192 
0.0398107 21.5443 210.364 
0.0398107 25.1189 210.396 
0.0398107 29.2864 210.401 
0.0398107 34.1455 210.402 
0.0398107 39.8107 210.402 
0.0398107 46.4159 210.402 
0.0398107 54.117 210.402 
0.0398107 63.0957 210.402 
0.0398107 73.5642 210.402 
0.0398107 85.7696 210.402 
0.0398107 100 210.402 
0.0464159 0.01 16.8361 
0.0464159 0.0116591 16.8357 
0.0464159 0.0135936 16.8352 
0.0464159 0.0158489 16.8346 
0.0464159 0.0184785 16.8336 
0.0464159 0.0215443 16.8324 
0.0464159 0.0251189 16.8307 
0.0464159 0.0292864 16.8284 
0.0464159 0.0341455 16.8252 
0.0464159 0.0398107 16.8209 
0.0464159 0.0464159 16.8151 
0.0464159 0.054117 16.8072 
0.0464159 0.0630957 16.7964 
0.0464159 0.0735642 16.7818 
0.0464159 0.0857696 16.762 
0.0464159 0.1 16.7351 
0.0464159 0.116591 16.6986 
0.0464159 0.135936 16.6492 
0.0464159 0.158489 16.5822 
0.0464159 0.184785 16.4917 
0.0464159 0.215443 16.3696 
0.0464159 0.251189 16.2053 
0.0464159 0.292864 15.9851 
0.0464159 0.341455 15.6915 
0.0464159 0.398107 15.3029 
0.0464159 0.464159 14.7937 
0.0464159 0.54117 14.136 
0.0464159 0.630957 13.3041 
0.0464159 0.735642 12.2834 
0.0464159 0.857696 11.0888 
0.0464159 1 9.79542 
0.0464159 1.16591 8.58712 
0.0464159 1.35936 7.82124 
0.0464159 1.58489 8.09634 
0.0464159 1.84785 10.2844 
0.0464159 2.15443 15.4665 
0.0464159 2.51189 24.7263 
0.0464159 2.92864 38.8342 
0.0464159 3.41455 57.9565 
0.0464159 3.98107 81.5178 
0.0464159 4.64159 108.231 
0.0464159 5.4117 136.247 
0.0464159 6.30957 163.407 
0.0464159 7.35642 187.617 
0.0464159 8.57696 207.258 
0.0464159 10 221.525 
0.0464159 11.6591 230.582 
0.0464159 13.5936 235.44 
0.0464159 15.8489 237.553 
0.0464159 18.4785 238.267 
0.0464159 21.5443 238.448 
0.0464159 25.1189 238.484 
0.0464159 29.2864 238.489 
0.0464159 34.1455 238.49 
0.0464159 39.8107 238.49 
0.0464159 46.4159 238.49 
0.0464159 54.117 238.49 
0.0464159 63.0957 238.49 
0.0464159 73.5642 238.49 
0.0464159 85.7696 238.49 
0.0464159 100 238.49 
0.054117 0.01 16.8359 
0.054117 0.0116591 16.8355 
0.054117 0.0135936 16.8349 
0.054117 0.0158489 16.8341 
0.054117 0.0184785 16.8331 
0.054117 0.0215443 16.8316 
0.054117 0.0251189 16.8296 
0.054117 0.0292864 16.8269 
0.054117 0.0341455 16.8232 
0.054117 0.0398107 16.8182 
0.054117 0.0464159 16.8114 
0.054117 0.054117 16.8022 
0.054117 0.0630957 16.7897 
0.054117 0.0735642 16.7727 
0.054117 0.0857696 16.7496 
0.054117 0.1 16.7182 
0.054117 0.116591 16.6758 
0.054117 0.135936 16.6182 
0.054117 0.158489 16.5403 
0.054117 0.184785 16.4351 
0.054117 0.215443 16.2934 
0.054117 0.251189 16.103 
0.054117 0.292864 15.8484 
0.054117 0.341455 15.51 
0.054117 0.398107 15.064 
0.054117 0.464159 14.4833 
0.054117 0.54117 13.74 
0.054117 0.630957 12.8119 
0.054117 0.735642 11.6962 
0.054117 0.857696 10.4327 
0.054117 1 9.14472 
0.054117 1.16591 8.09766 
0.054117 1.35936 7.77219 
0.054117 1.58489 8.92658 
0.054117 1.84785 12.596 
0.054117 2.15443 19.9635 
0.054117 2.51189 32.0834 
0.054117 2.92864 49.5455 
0.054117 3.41455 72.2376 
0.054117 3.98107 99.2894 
0.054117 4.64159 129.152 
0.054117 5.4117 159.774 
0.054117 6.30957 188.892 
0.054117 7.35642 214.423 
0.054117 8.57696 234.867 
0.054117 10 249.578 
0.054117 11.6591 258.865 
0.054117 13.5936 263.837 
0.054117 15.8489 266.003 
0.054117 18.4785 266.739 
0.054117 21.5443 266.929 
0.054117 25.1189 266.966 
0.054117 29.2864 266.972 
0.054117 34.1455 266.973 
0.054117 39.8107 266.973 
0.054117 46.4159 266.973 
0.054117 54.117 266.973 
0.054117 63.0957 266.973 
0.054117 73.5642 266.973 
0.054117 85.7696 266.973 
0.054117 100 266.973 
0.0630957 0.01 16.8357 
0.0630957 0.0116591 16.8352 
0.0630957 0.0135936 16.8346 
0.0630957 0.0158489 16.8336 
0.0630957 0.0184785 16.8324 
0.0630957 0.0215443 16.8307 
0.0630957 0.0251189 16.8284 
0.0630957 0.0292864 16.8252 
0.0630957 0.0341455 16.8209 
0.0630957 0.0398107 16.8151 
0.0630957 0.0464159 16.8072 
0.0630957 0.054117 16.7964 
0.0630957 0.0630957 16.7818 
0.0630957 0.0735642 16.762 
0.0630957 0.0857696 16.7351 
0.0630957 0.1 16.6986 
0.0630957 0.116591 16.6491 
0.0630957 0.135936 16.5822 
0.0630957 0.158489 16.4916 
0.0630957 0.184785 16.3694 
0.0630957 0.215443 16.205 
0.0630957 0.251189 15.9846 
0.0630957 0.292864 15.6907 
0.0630957 0.341455 15.3014 
0.0630957 0.398107 14.7911 
0.0630957 0.464159 14.1315 
0.0630957 0.54117 13.2963 
0.0630957 0.630957 12.2704 
0.0630957 0.735642 11.0683 
0.0630957 0.857696 9.76551 
0.0630957 1 8.54964 
0.0630957 1.16591 7.78993 
0.0630957 1.35936 8.11405 
0.0630957 1.58489 10.4534 
0.0630957 1.84785 15.9911 
0.0630957 2.15443 25.9566 
0.0630957 2.51189 41.2933 
0.0630957 2.92864 62.3417 
0.0630957 3.41455 88.6832 
0.0630957 3.98107 119.154 
0.0630957 4.64159 151.957 
0.0630957 5.4117 184.865 
0.0630957 6.30957 215.558 
0.0630957 7.35642 242.03 
0.0630957 8.57696 262.948 
0.0630957 10 277.858 
0.0630957 11.6591 287.217 
0.0630957 13.5936 292.217 
0.0630957 15.8489 294.399 
0.0630957 18.4785 295.144 
0.0630957 21.5443 295.338 
0.0630957 25.1189 295.377 
0.0630957 29.2864 295.383 
0.0630957 34.1455 295.384 
0.0630957 39.8107 295.384 
0.0630957 46.4159 295.384 
0.0630957 54.117 295.384 
0.0630957 63.0957 295.384 
0.0630957 73.5642 295.384 
0.0630957 85.7696 295.384 
0.0630957 100 295.384 
0.0735642 0.01 16.8355 
0.0735642 0.0116591 16.8349 
0.0735642 0.0135936 16.8341 
0.0735642 0.0158489 16.8331 
0.0735642 0.0184785 16.8316 
0.0735642 0.0215443 16.8296 
0.0735642 0.0251189 16.8269 
0.0735642 0.0292864 16.8232 
0.0735642 0.0341455 16.8182 
0.0735642 0.0398107 16.8114 
0.0735642 0.0464159 16.8022 
0.0735642 0.054117 16.7897 
0.0735642 0.0630957 16.7727 
0.0735642 0.0735642 16.7496 
0.0735642 0.0857696 16.7182 
0.0735642 0.1 16.6757 
0.0735642 0.116591 16.6182 
0.0735642 0.135936 16.5403 
0.0735642 0.158489 16.435 
0.0735642 0.184785 16.2932 
0.0735642 0.215443 16.1027 
0.0735642 0.251189 15.8479 
0.0735642 0.292864 15.5091 
0.0735642 0.341455 15.0623 
0.0735642 0.398107 14.4803 
0.0735642 0.464159 13.7348 
0.0735642 0.54117 12.8033 
0.0735642 0.630957 11.6821 
0.0735642 0.735642 10.4111 
0.0735642 0.857696 9.11516 
0.0735642 1 8.06564 
0.0735642 1.16591 7.75997 
0.0735642 1.35936 8.99387 
0.0735642 1.58489 12.8731 
0.0735642 1.84785 20.6921 
0.0735642 2.15443 33.6507 
0.0735642 2.51189 52.498 
0.0735642 2.92864 77.2751 
0.0735642 3.41455 107.248 
0.0735642 3.98107 140.967 
0.0735642 4.64159 176.402 
0.0735642 5.4117 211.189 
0.0735642 6.30957 243.011 
0.0735642 7.35642 270.006 
0.0735642 8.57696 291.058 
0.0735642 10 305.921 
0.0735642 11.6591 315.196 
0.0735642 13.5936 320.141 
0.0735642 15.8489 322.3 
0.0735642 18.4785 323.041 
0.0735642 21.5443 323.235 
0.0735642 25.1189 323.275 
0.0735642 29.2864 323.282 
0.0735642 34.1455 323.283 
0.0735642 39.8107 323.283 
0.0735642 46.4159 323.283 
0.0735642 54.117 323.283 
0.0735642 63.0957 323.283 
0.0735642 73.5642 323.283 
0.0735642 85.7696 323.283 
0.0735642 100 323.283 
0.0857696 0.01 16.8352 
0.0857696 0.0116591 16.8346 
0.0857696 0.0135936 16.8336 
0.0857696 0.0158489 16.8324 
0.0857696 0.0184785 16.8307 
0.0857696 0.0215443 16.8284 
0.0857696 0.0251189 16.8252 
0.0857696 0.0292864 16.8209 
0.0857696 0.0341455 16.8151 
0.0857696 0.0398107 16.8072 
0.0857696 0.0464159 16.7964 
0.0857696 0.054117 16.7818 
0.0857696 0.0630957 16.762 
0.0857696 0.0735642 16.7351 
0.0857696 0.0857696 16.6986 
0.0857696 0.1 16.6491 
0.0857696 0.116591 16.5821 
0.0857696 0.135936 16.4916 
0.0857696 0.158489 16.3693 
0.0857696 0.184785 16.2049 
0.0857696 0.215443 15.9843 
0.0857696 0.251189 15.6901 
0.0857696 0.292864 15.3003 
0.0857696 0.341455 14.7892 
0.0857696 0.398107 14.1281 
0.0857696 0.464159 13.2905 
0.0857696 0.54117 12.2609 
0.0857696 0.630957 11.0531 
0.0857696 0.735642 9.74341 
0.0857696 0.857696 8.52202 
0.0857696 1 7.76729 
0.0857696 1.16591 8.12932 
0.0857696 1.35936 10.5857 
0.0857696 1.58489 16.3999 
0.0857696 1.84785 26.9171 
0.0857696 2.15443 43.2193 
0.0857696 2.51189 65.7886 
0.0857696 2.92864 94.3403 
0.0857696 3.41455 127.827 
0.0857696 3.98107 164.524 
0.0857696 4.64159 202.188 
0.0857696 5.4117 238.371 
0.0857696 6.30957 270.834 
0.0857696 7.35642 297.922 
0.0857696 8.57696 318.771 
0.0857696 10 333.353 
0.0857696 11.6591 342.4 
0.0857696 13.5936 347.211 
0.0857696 15.8489 349.313 
0.0857696 18.4785 350.038 
0.0857696 21.5443 350.229 
0.0857696 25.1189 350.269 
0.0857696 29.2864 350.276 
0.0857696 34.1455 350.277 
0.0857696 39.8107 350.277 
0.0857696 46.4159 350.277 
0.0857696 54.117 350.277 
0.0857696 63.0957 350.277 
0.0857696 73.5642 350.277 
0.0857696 85.7696 350.277 
0.0857696 100 350.277 
0.1 0.01 16.8349 
0.1 0.0116591 16.8341 
0.1 0.0135936 16.8331 
0.1 0.0158489 16.8316 
0.1 0.0184785 16.8296 
0.1 0.0215443 16.8269 
0.1 0.0251189 16.8232 
0.1 0.0292864 16.8182 
0.1 0.0341455 16.8114 
0.1 0.0398107 16.8022 
0.1 0.0464159 16.7897 
0.1 0.054117 16.7727 
0.1 0.0630957 16.7496 
0.1 0.0735642 16.7182 
0.1 0.0857696 16.6757 
0.1 0.1 16.6182 
0.1 0.116591 16.5402 
0.1 0.135936 16.435 
0.1 0.158489 16.2931 
0.1 0.184785 16.1025 
0.1 0.215443 15.8475 
0.1 0.251189 15.5084 
0.1 0.292864 15.0611 
0.1 0.341455 14.4782 
0.1 0.398107 13.731 
0.1 0.464159 12.7969 
0.1 0.54117 11.6716 
0.1 0.630957 10.3952 
0.1 0.735642 9.09335 
0.1 0.857696 8.04216 
0.1 1 7.75177 
0.1 1.16591 9.04666 
0.1 1.35936 13.0873 
0.1 1.58489 21.2553 
0.1 1.84785 34.8652 
0.1 2.15443 54.7922 
0.1 2.51189 81.2014 
0.1 2.92864 113.475 
0.1 3.41455 150.258 
0.1 3.98107 189.56 
0.1 4.64159 228.964 
0.1 5.4117 266.006 
0.1 6.30957 298.604 
0.1 7.35642 325.364 
0.1 8.57696 345.699 
0.1 10 359.791 
0.1 11.6591 368.483 
0.1 13.5936 373.092 
0.1 15.8489 375.107 
0.1 18.4785 375.803 
0.1 21.5443 375.989 
0.1 25.1189 376.028 
0.1 29.2864 376.035 
0.1 34.1455 376.036 
0.1 39.8107 376.036 
0.1 46.4159 376.036 
0.1 54.117 376.036 
0.1 63.0957 376.036 
0.1 73.5642 376.036 
0.1 85.7696 376.036 
0.1 100 376.036 
0.116591 0.01 16.8346 
0.116591 0.0116591 16.8336 
0.116591 0.0135936 16.8324 
0.116591 0.0158489 16.8307 
0.116591 0.0184785 16.8284 
0.116591 0.0215443 16.8252 
0.116591 0.0251189 16.8209 
0.116591 0.0292864 16.8151 
0.116591 0.0341455 16.8072 
0.116591 0.0398107 16.7964 
0.116591 0.0464159 16.7818 
0.116591 0.054117 16.762 
0.116591 0.0630957 16.7351 
0.116591 0.0735642 16.6986 
0.116591 0.0857696 16.6491 
0.116591 0.1 16.5821 
0.116591 0.116591 16.4915 
0.116591 0.135936 16.3693 
0.116591 0.158489 16.2047 
0.116591 0.184785 15.9841 
0.116591 0.215443 15.6896 
0.116591 0.251189 15.2995 
0.116591 0.292864 14.7878 
0.116591 0.341455 14.1257 
0.116591 0.398107 13.2863 
0.116591 0.464159 12.2538 
0.116591 0.54117 11.042 
0.116591 0.630957 9.7271 
0.116591 0.735642 8.50168 
0.116591 0.857696 7.75087 
0.116591 1 8.14181 
0.116591 1.16591 10.6875 
0.116591 1.35936 16.7134 
0.116591 1.58489 27.6549 
0.116591 1.84785 44.702 
0.116591 2.15443 68.4483 
0.116591 2.51189 98.7168 
0.116591 2.92864 134.56 
0.116591 3.41455 174.322 
0.116591 3.98107 215.761 
0.116591 4.64159 256.345 
0.116591 5.4117 293.679 
0.116591 6.30957 325.913 
0.116591 7.35642 351.958 
0.116591 8.57696 371.506 
0.116591 10 384.932 
0.116591 11.6591 393.166 
0.116591 13.5936 397.519 
0.116591 15.8489 399.421 
0.116591 18.4785 400.08 
0.116591 21.5443 400.256 
0.116591 25.1189 400.294 
0.116591 29.2864 400.301 
0.116591 34.1455 400.302 
0.116591 39.8107 400.302 
0.116591 46.4159 400.302 
0.116591 54.117 400.302 
0.116591 63.0957 400.302 
0.116591 73.5642 400.302 
0.116591 85.7696 400.302 
0.116591 100 400.302 
0.135936 0.01 16.8341 
0.135936 0.0116591 16.8331 
0.135936 0.0135936 16.8316 
0.135936 0.0158489 16.8296 
0.135936 0.0184785 16.8269 
0.135936 0.0215443 16.8232 
0.135936 0.0251189 16.8182 
0.135936 0.0292864 16.8114 
0.135936 0.0341455 16.8022 
0.135936 0.0398107 16.7897 
0.135936 0.0464159 16.7727 
0.135936 0.054117 16.7496 
0.135936 0.0630957 16.7182 
0.135936 0.0735642 16.6757 
0.135936 0.0857696 16.6181 
0.135936 0.1 16.5402 
0.135936 0.116591 16.4349 
0.135936 0.135936 16.293 
0.135936 0.158489 16.1023 
0.135936 0.184785 15.8472 
0.135936 0.215443 15.5079 
0.135936 0.251189 15.0602 
0.135936 0.292864 14.4766 
0.135936 0.341455 13.7283 
0.135936 0.398107 12.7922 
0.135936 0.464159 11.664 
0.135936 0.54117 10.3835 
0.135936 0.630957 9.07727 
0.135936 0.735642 8.02492 
0.135936 0.857696 7.74617 
0.135936 1 9.08734 
0.135936 1.16591 13.2507 
0.135936 1.35936 21.685 
0.135936 1.58489 35.7932 
0.135936 1.84785 56.5483 
0.135936 2.15443 84.2122 
0.135936 2.51189 118.261 
0.135936 2.92864 157.422 
0.135936 3.41455 199.74 
0.135936 3.98107 242.765 
0.135936 4.64159 283.924 
0.135936 5.4117 320.984 
0.135936 6.30957 352.391 
0.135936 7.35642 377.384 
0.135936 8.57696 395.922 
0.135936 10 408.546 
0.135936 11.6591 416.245 
0.135936 13.5936 420.302 
0.135936 15.8489 422.073 
0.135936 18.4785 422.687 
0.135936 21.5443 422.852 
0.135936 25.1189 422.887 
0.135936 29.2864 422.894 
0.135936 34.1455 422.895 
0.135936 39.8107 422.895 
0.135936 46.4159 422.895 
0.135936 54.117 422.895 
0.135936 63.0957 422.895 
0.135936 73.5642 422.895 
0.135936 85.7696 422.895 
0.135936 100 422.895 
0.158489 0.01 16.8336 
0.158489 0.0116591 16.8324 
0.158489 0.0135936 16.8307 
0.158489 0.0158489 16.8284 
0.158489 0.0184785 16.8252 
0.158489 0.0215443 16.8209 
0.158489 0.0251189 16.8151 
0.158489 0.0292864 16.8072 
0.158489 0.0341455 16.7964 
0.158489 0.0398107 16.7818 
0.158489 0.0464159 16.762 
0.158489 0.054117 16.7351 
0.158489 0.0630957 16.6986 
0.158489 0.0735642 16.6491 
0.158489 0.0857696 16.5821 
0.158489 0.1 16.4915 
0.158489 0.116591 16.3692 
0.158489 0.135936 16.2046 
0.158489 0.158489 15.9839 
0.158489 0.184785 15.6893 
0.158489 0.215443 15.299 
0.158489 0.251189 14.7867 
0.158489 0.292864 14.1238 
0.158489 0.341455 13.2832 
0.158489 0.398107 12.2486 
0.158489 0.464159 11.0337 
0.158489 0.54117 9.71508 
0.158489 0.630957 8.4867 
0.158489 0.735642 7.73891 
0.158489 0.857696 8.1517 
0.158489 1 10.7649 
0.158489 1.16591 16.9513 
0.158489 1.35936 28.2152 
0.158489 1.58489 45.8295 
0.158489 1.84785 70.4736 
0.158489 2.15443 102.055 
0.158489 2.51189 139.706 
0.158489 2.92864 181.829 
0.158489 3.41455 226.188 
0.158489 3.98107 270.181 
0.158489 4.64159 311.294 
0.158489 5.4117 347.545 
0.158489 6.30957 377.721 
0.158489 7.35642 401.388 
0.158489 8.57696 418.749 
0.158489 10 430.476 
0.158489 11.6591 437.589 
0.158489 13.5936 441.325 
0.158489 15.8489 442.953 
0.158489 18.4785 443.518 
0.158489 21.5443 443.67 
0.158489 25.1189 443.703 
0.158489 29.2864 443.709 
0.158489 34.1455 443.71 
0.158489 39.8107 443.71 
0.158489 46.4159 443.71 
0.158489 54.117 443.71 
0.158489 63.0957 443.71 
0.158489 73.5642 443.71 
0.158489 85.7696 443.71 
0.158489 100 443.71 
0.184785 0.01 16.8331 
0.184785 0.0116591 16.8316 
0.184785 0.0135936 16.8296 
0.184785 0.0158489 16.8269 
0.184785 0.0184785 16.8232 
0.184785 0.0215443 16.8182 
0.184785 0.0251189 16.8114 
0.184785 0.0292864 16.8022 
0.184785 0.0341455 16.7897 
0.184785 0.0398107 16.7727 
0.184785 0.0464159 16.7496 
0.184785 0.054117 16.7182 
0.184785 0.0630957 16.6757 
0.184785 0.0735642 16.6181 
0.184785 0.0857696 16.5402 
0.184785 0.1 16.4349 
0.184785 0.116591 16.293 
0.184785 0.135936 16.1022 
0.184785 0.158489 15.847 
0.184785 0.184785 15.5075 
0.184785 0.215443 15.0595 
0.184785 0.251189 14.4754 
0.184785 0.292864 13.7262 
0.184785 0.341455 12.7887 
0.184785 0.398107 11.6583 
0.184785 0.464159 10.3748 
0.184785 0.54117 9.06541 
0.184785 0.630957 8.01226 
0.184785 0.735642 7.74229 
0.184785 0.857696 9.11829 
0.184785 1 13.3742 
0.184785 1.16591 22.0096 
0.184785 1.35936 36.495 
0.184785 1.58489 57.8779 
0.184785 1.84785 86.4945 
0.184785 2.15443 121.894 
0.184785 2.51189 162.87 
0.184785 2.92864 207.497 
0.184785 3.41455 253.296 
0.184785 3.98107 297.603 
0.184785 4.64159 338.07 
0.184785 5.4117 373.034 
0.184785 6.30957 401.648 
0.184785 7.35642 423.787 
0.184785 8.57696 439.858 
0.184785 10 450.633 
0.184785 11.6591 457.135 
0.184785 13.5936 460.54 
0.184785 15.8489 462.02 
0.184785 18.4785 462.533 
0.184785 21.5443 462.671 
0.184785 25.1189 462.701 
0.184785 29.2864 462.706 
0.184785 34.1455 462.707 
0.184785 39.8107 462.707 
0.184785 46.4159 462.707 
0.184785 54.117 462.707 
0.184785 63.0957 462.707 
0.184785 73.5642 462.707 
0.184785 85.7696 462.707 
0.184785 100 462.707 
0.215443 0.01 16.8324 
0.215443 0.0116591 16.8307 
0.215443 0.0135936 16.8284 
0.215443 0.0158489 16.8252 
0.215443 0.0184785 16.8209 
0.215443 0.0215443 16.8151 
0.215443 0.0251189 16.8072 
0.215443 0.0292864 16.7964 
0.215443 0.0341455 16.7818 
0.215443 0.0398107 16.762 
0.215443 0.0464159 16.7351 
0.215443 0.054117 16.6986 
0.215443 0.0630957 16.6491 
0.215443 0.0735642 16.5821 
0.215443 0.0857696 16.4915 
0.215443 0.1 16.3692 
0.215443 0.116591 16.2046 
0.215443 0.135936 15.9838 
0.215443 0.158489 15.6891 
0.215443 0.184785 15.2985 
0.215443 0.215443 14.786 
0.215443 0.251189 14.1225 
0.215443 0.292864 13.2809 
0.215443 0.341455 12.2448 
0.215443 0.398107 11.0277 
0.215443 0.464159 9.70621 
0.215443 0.54117 8.47568 
0.215443 0.630957 7.73019 
0.215443 0.735642 8.15937 
0.215443 0.857696 10.8233 
0.215443 1 17.1303 
0.215443 1.16591 28.637 
0.215443 1.35936 46.6792 
0.215443 1.58489 72.0013 
0.215443 1.84785 104.575 
0.215443 2.15443 143.597 
0.215443 2.51189 187.514 
0.215443 2.92864 234.091 
0.215443 3.41455 280.67 
0.215443 3.98107 324.637 
0.215443 4.64159 363.905 
0.215443 5.4117 397.183 
0.215443 6.30957 423.987 
0.215443 7.35642 444.465 
0.215443 8.57696 459.189 
0.215443 10 468.994 
0.215443 11.6591 474.882 
0.215443 13.5936 477.955 
0.215443 15.8489 479.288 
0.215443 18.4785 479.749 
0.215443 21.5443 479.873 
0.215443 25.1189 479.899 
0.215443 29.2864 479.904 
0.215443 34.1455 479.905 
0.215443 39.8107 479.905 
0.215443 46.4159 479.905 
0.215443 54.117 479.905 
0.215443 63.0957 479.905 
0.215443 73.5642 479.905 
0.215443 85.7696 479.905 
0.215443 100 479.905 
0.251189 0.01 16.8316 
0.251189 0.0116591 16.8296 
0.251189 0.0135936 16.8269 
0.251189 0.0158489 16.8232 
0.251189 0.0184785 16.8182 
0.251189 0.0215443 16.8114 
0.251189 0.0251189 16.8022 
0.251189 0.0292864 16.7897 
0.251189 0.0341455 16.7727 
0.251189 0.0398107 16.7496 
0.251189 0.0464159 16.7182 
0.251189 0.054117 16.6757 
0.251189 0.0630957 16.6181 
0.251189 0.0735642 16.5402 
0.251189 0.0857696 16.4349 
0.251189 0.1 16.2929 
0.251189 0.116591 16.1022 
0.251189 0.135936 15.8469 
0.251189 0.158489 15.5072 
0.251189 0.184785 15.059 
0.251189 0.215443 14.4745 
0.251189 0.251189 13.7247 
0.251189 0.292864 12.7861 
0.251189 0.341455 11.6541 
0.251189 0.398107 10.3684 
0.251189 0.464159 9.05668 
0.251189 0.54117 8.00296 
0.251189 0.630957 7.73958 
0.251189 0.735642 9.14161 
0.251189 0.857696 13.4668 
0.251189 1 22.2531 
0.251189 1.16591 37.0219 
0.251189 1.35936 58.8768 
0.251189 1.58489 88.2103 
0.251189 1.84785 124.628 
0.251189 2.15443 166.974 
0.251189 2.51189 213.346 
0.251189 2.92864 261.238 
0.251189 3.41455 307.911 
0.251189 3.98107 350.917 
0.251189 4.64159 388.51 
0.251189 5.4117 419.794 
0.251189 6.30957 444.621 
0.251189 7.35642 463.371 
0.251189 8.57696 476.738 
0.251189 10 485.584 
0.251189 11.6591 490.874 
0.251189 13.5936 493.625 
0.251189 15.8489 494.816 
0.251189 18.4785 495.226 
0.251189 21.5443 495.337 
0.251189 25.1189 495.36 
0.251189 29.2864 495.364 
0.251189 34.1455 495.365 
0.251189 39.8107 495.365 
0.251189 46.4159 495.365 
0.251189 54.117 495.365 
0.251189 63.0957 495.365 
0.251189 73.5642 495.365 
0.251189 85.7696 495.365 
0.251189 100 495.365 
0.292864 0.01 16.8307 
0.292864 0.0116591 16.8284 
0.292864 0.0135936 16.8252 
0.292864 0.0158489 16.8209 
0.292864 0.0184785 16.8151 
0.292864 0.0215443 16.8072 
0.292864 0.0251189 16.7964 
0.292864 0.0292864 16.7818 
0.292864 0.0341455 16.762 
0.292864 0.0398107 16.7351 
0.292864 0.0464159 16.6986 
0.292864 0.054117 16.6491 
0.292864 0.0630957 16.5821 
0.292864 0.0735642 16.4915 
0.292864 0.0857696 16.3692 
0.292864 0.1 16.2045 
0.292864 0.116591 15.9837 
0.292864 0.135936 15.6889 
0.292864 0.158489 15.2982 
0.292864 0.184785 14.7854 
0.292864 0.215443 14.1215 
0.292864 0.251189 13.2792 
0.292864 0.292864 12.242 
0.292864 0.341455 11.0232 
0.292864 0.398107 9.69968 
0.292864 0.464159 8.46756 
0.292864 0.54117 7.72381 
0.292864 0.630957 8.16522 
0.292864 0.735642 10.867 
0.292864 0.857696 17.2642 
0.292864 1 28.9527 
0.292864 1.16591 47.3154 
0.292864 1.35936 73.1458 
0.292864 1.58489 106.464 
0.292864 1.84785 146.516 
0.292864 2.15443 191.782 
0.292864 2.51189 240.028 
0.292864 2.92864 288.545 
0.292864 3.41455 334.634 
0.292864 3.98107 376.122 
0.292864 4.64159 411.658 
0.292864 5.4117 440.733 
0.292864 6.30957 463.497 
0.292864 7.35642 480.511 
0.292864 8.57696 492.549 
0.292864 10 500.472 
0.292864 11.6591 505.191 
0.292864 13.5936 507.638 
0.292864 15.8489 508.695 
0.292864 18.4785 509.058 
0.292864 21.5443 509.155 
0.292864 25.1189 509.176 
0.292864 29.2864 509.179 
0.292864 34.1455 509.18 
0.292864 39.8107 509.18 
0.292864 46.4159 509.18 
0.292864 54.117 509.18 
0.292864 63.0957 509.18 
0.292864 73.5642 509.18 
0.292864 85.7696 509.18 
0.292864 100 509.18 
0.341455 0.01 16.8296 
0.341455 0.0116591 16.8269 
0.341455 0.0135936 16.8232 
0.341455 0.0158489 16.8182 
0.341455 0.0184785 16.8114 
0.341455 0.0215443 16.8022 
0.341455 0.0251189 16.7897 
0.341455 0.0292864 16.7727 
0.341455 0.0341455 16.7496 
0.341455 0.0398107 16.7182 
0.341455 0.0464159 16.6757 
0.341455 0.054117 16.6181 
0.341455 0.0630957 16.5402 
0.341455 0.0735642 16.4349 
0.341455 0.0857696 16.2929 
0.341455 0.1 16.1021 
0.341455 0.116591 15.8467 
0.341455 0.135936 15.507 
0.341455 0.158489 15.0587 
0.341455 0.184785 14.4739 
0.341455 0.215443 13.7236 
0.341455 0.251189 12.7842 
0.341455 0.292864 11.6511 
0.341455 0.341455 10.3637 
0.341455 0.398107 9.05026 
0.341455 0.464159 7.99613 
0.341455 0.54117 7.73765 
0.341455 0.630957 9.15909 
0.341455 0.735642 13.5359 
0.341455 0.857696 22.4348 
0.341455 1 37.4152 
0.341455 1.16591 59.623 
0.341455 1.35936 89.4927 
0.341455 1.58489 126.673 
0.341455 1.84785 170.045 
0.341455 2.15443 217.726 
0.341455 2.51189 267.184 
0.341455 2.92864 315.615 
0.341455 3.41455 360.49 
0.341455 3.98107 399.993 
0.341455 4.64159 433.191 
0.341455 5.4117 459.933 
0.341455 6.30957 480.616 
0.341455 7.35642 495.935 
0.341455 8.57696 506.7 
0.341455 10 513.753 
0.341455 11.6591 517.939 
0.341455 13.5936 520.104 
0.341455 15.8489 521.036 
0.341455 18.4785 521.356 
0.341455 21.5443 521.441 
0.341455 25.1189 521.459 
0.341455 29.2864 521.462 
0.341455 34.1455 521.463 
0.341455 39.8107 521.463 
0.341455 46.4159 521.463 
0.341455 54.117 521.463 
0.341455 63.0957 521.463 
0.341455 73.5642 521.463 
0.341455 85.7696 521.463 
0.341455 100 521.463 
0.398107 0.01 16.8284 
0.398107 0.0116591 16.8252 
0.398107 0.0135936 16.8209 
0.398107 0.0158489 16.8151 
0.398107 0.0184785 16.8072 
0.398107 0.0215443 16.7964 
0.398107 0.0251189 16.7818 
0.398107 0.0292864 16.762 
0.398107 0.0341455 16.7351 
0.398107 0.0398107 16.6986 
0.398107 0.0464159 16.6491 
0.398107 0.054117 16.5821 
0.398107 0.0630957 16.4914 
0.398107 0.0735642 16.3691 
0.398107 0.0857696 16.2045 
0.398107 0.1 15.9836 
0.398107 0.116591 15.6888 
0.398107 0.135936 15.298 
0.398107 0.158489 14.785 
0.398107 0.184785 14.1208 
0.398107 0.215443 13.2779 
0.398107 0.251189 12.2399 
0.398107 0.292864 11.0199 
0.398107 0.341455 9.69488 
0.398107 0.398107 8.46159 
0.398107 0.464159 7.71914 
0.398107 0.54117 8.16964 
0.398107 0.630957 10.8995 
0.398107 0.735642 17.3639 
0.398107 0.857696 29.1878 
0.398107 1 47.7896 
0.398107 1.16591 73.999 
0.398107 1.35936 107.873 
0.398107 1.58489 148.694 
0.398107 1.84785 194.969 
0.398107 2.15443 244.461 
0.398107 2.51189 294.419 
0.398107 2.92864 342.074 
0.398107 3.41455 385.18 
0.398107 3.98107 422.335 
0.398107 4.64159 453.015 
0.398107 5.4117 477.383 
0.398107 6.30957 496.026 
0.398107 7.35642 509.724 
0.398107 8.57696 519.296 
0.398107 10 525.541 
0.398107 11.6591 529.237 
0.398107 13.5936 531.144 
0.398107 15.8489 531.963 
0.398107 18.4785 532.243 
0.398107 21.5443 532.317 
0.398107 25.1189 532.333 
0.398107 29.2864 532.336 
0.398107 34.1455 532.336 
0.398107 39.8107 532.336 
0.398107 46.4159 532.336 
0.398107 54.117 532.336 
0.398107 63.0957 532.336 
0.398107 73.5642 532.336 
0.398107 85.7696 532.336 
0.398107 100 532.336 
0.464159 0.01 16.8269 
0.464159 0.0116591 16.8232 
0.464159 0.0135936 16.8182 
0.464159 0.0158489 16.8114 
0.464159 0.0184785 16.8022 
0.464159 0.0215443 16.7897 
0.464159 0.0251189 16.7727 
0.464159 0.0292864 16.7496 
0.464159 0.0341455 16.7182 
0.464159 0.0398107 16.6757 
0.464159 0.0464159 16.6181 
0.464159 0.054117 16.5402 
0.464159 0.0630957 16.4348 
0.464159 0.0735642 16.2929 
0.464159 0.0857696 16.102 
0.464159 0.1 15.8467 
0.464159 0.116591 15.5069 
0.464159 0.135936 15.0584 
0.464159 0.158489 14.4734 
0.464159 0.184785 13.7228 
0.464159 0.215443 12.7828 
0.464159 0.251189 11.6488 
0.464159 0.292864 10.3603 
0.464159 0.341455 9.04552 
0.464159 0.398107 7.99111 
0.464159 0.464159 7.73627 
0.464159 0.54117 9.17211 
0.464159 0.630957 13.5873 
0.464159 0.735642 22.5699 
0.464159 0.857696 37.7078 
0.464159 1 60.1781 
0.464159 1.16591 90.447 
0.464159 1.35936 128.195 
0.464159 1.58489 172.332 
0.464159 1.84785 220.988 
0.464159 2.15443 271.611 
0.464159 2.51189 321.343 
0.464159 2.92864 367.586 
0.464159 3.41455 408.466 
0.464159 3.98107 443.02 
0.464159 4.64159 471.097 
0.464159 5.4117 493.118 
0.464159 6.30957 509.807 
0.464159 7.35642 521.984 
0.464159 8.57696 530.453 
0.464159 10 535.96 
0.464159 11.6591 539.211 
0.464159 13.5936 540.885 
0.464159 15.8489 541.602 
0.464159 18.4785 541.846 
0.464159 21.5443 541.911 
0.464159 25.1189 541.924 
0.464159 29.2864 541.927 
0.464159 34.1455 541.927 
0.464159 39.8107 541.927 
0.464159 46.4159 541.927 
0.464159 54.117 541.927 
0.464159 63.0957 541.927 
0.464159 73.5642 541.927 
0.464159 85.7696 541.927 
0.464159 100 541.927 
0.54117 0.01 16.8252 
0.54117 0.0116591 16.8209 
0.54117 0.0135936 16.8151 
0.54117 0.0158489 16.8072 
0.54117 0.0184785 16.7964 
0.54117 0.0215443 16.7818 
0.54117 0.0251189 16.762 
0.54117 0.0292864 16.7351 
0.54117 0.0341455 16.6986 
0.54117 0.0398107 16.6491 
0.54117 0.0464159 16.5821 
0.54117 0.054117 16.4914 
0.54117 0.0630957 16.3691 
0.54117 0.0735642 16.2044 
0.54117 0.0857696 15.9835 
0.54117 0.1 15.6887 
0.54117 0.116591 15.2978 
0.54117 0.135936 14.7847 
0.54117 0.158489 14.1203 
0.54117 0.184785 13.277 
0.54117 0.215443 12.2384 
0.54117 0.251189 11.0175 
0.54117 0.292864 9.69134 
0.54117 0.341455 8.4572 
0.54117 0.398107 7.71571 
0.54117 0.464159 8.17296 
0.54117 0.54117 10.9237 
0.54117 0.630957 17.4379 
0.54117 0.735642 29.3624 
0.54117 0.857696 48.1417 
0.54117 1 74.6328 
0.54117 1.16591 108.92 
0.54117 1.35936 150.313 
0.54117 1.58489 197.338 
0.54117 1.84785 247.756 
0.54117 2.15443 298.782 
0.54117 2.51189 347.588 
0.54117 2.92864 391.868 
0.54117 3.41455 430.18 
0.54117 3.98107 461.983 
0.54117 4.64159 487.454 
0.54117 5.4117 507.211 
0.54117 6.30957 522.061 
0.54117 7.35642 532.835 
0.54117 8.57696 540.297 
0.54117 10 545.136 
0.54117 11.6591 547.986 
0.54117 13.5936 549.451 
0.54117 15.8489 550.078 
0.54117 18.4785 550.29 
0.54117 21.5443 550.346 
0.54117 25.1189 550.358 
0.54117 29.2864 550.36 
0.54117 34.1455 550.36 
0.54117 39.8107 550.36 
0.54117 46.4159 550.36 
0.54117 54.117 550.36 
0.54117 63.0957 550.36 
0.54117 73.5642 550.36 
0.54117 85.7696 550.36 
0.54117 100 550.36 
0.630957 0.01 16.8232 
0.630957 0.0116591 16.8182 
0.630957 0.0135936 16.8114 
0.630957 0.0158489 16.8022 
0.630957 0.0184785 16.7897 
0.630957 0.0215443 16.7727 
0.630957 0.0251189 16.7496 
0.630957 0.0292864 16.7182 
0.630957 0.0341455 16.6757 
0.630957 0.0398107 16.6181 
0.630957 0.0464159 16.5402 
0.630957 0.054117 16.4348 
0.630957 0.0630957 16.2928 
0.630957 0.0735642 16.102 
0.630957 0.0857696 15.8466 
0.630957 0.1 15.5068 
0.630957 0.116591 15.0582 
0.630957 0.135936 14.4731 
0.630957 0.158489 13.7222 
0.630957 0.184785 12.7818 
0.630957 0.215443 11.6471 
0.630957 0.251189 10.3577 
0.630957 0.292864 9.04204 
0.630957 0.341455 7.98741 
0.630957 0.398107 7.73528 
0.630957 0.464159 9.18178 
0.630957 0.54117 13.6254 
0.630957 0.630957 22.67 
0.630957 0.735642 37.9248 
0.630957 0.857696 60.5899 
0.630957 1 91.1549 
0.630957 1.16591 129.324 
0.630957 1.35936 174.03 
0.630957 1.58489 223.41 
0.630957 1.84785 274.895 
0.630957 2.15443 325.587 
0.630957 2.51189 372.829 
0.630957 2.92864 414.702 
0.630957 3.41455 450.214 
0.630957 3.98107 479.214 
0.630957 4.64159 502.144 
0.630957 5.4117 519.759 
0.630957 6.30957 532.907 
0.630957 7.35642 542.4 
0.630957 8.57696 548.953 
0.630957 10 553.192 
0.630957 11.6591 555.685 
0.630957 13.5936 556.964 
0.630957 15.8489 557.51 
0.630957 18.4785 557.695 
0.630957 21.5443 557.743 
0.630957 25.1189 557.753 
0.630957 29.2864 557.755 
0.630957 34.1455 557.755 
0.630957 39.8107 557.755 
0.630957 46.4159 557.755 
0.630957 54.117 557.755 
0.630957 63.0957 557.755 
0.630957 73.5642 557.755 
0.630957 85.7696 557.755 
0.630957 100 557.755 
0.735642 0.01 16.8209 
0.735642 0.0116591 16.8151 
0.735642 0.0135936 16.8072 
0.735642 0.0158489 16.7964 
0.735642 0.0184785 16.7818 
0.735642 0.0215443 16.762 
0.735642 0.0251189 16.7351 
0.735642 0.0292864 16.6986 
0.735642 0.0341455 16.6491 
0.735642 0.0398107 16.5821 
0.735642 0.0464159 16.4914 
0.735642 0.054117 16.3691 
0.735642 0.0630957 16.2044 
0.735642 0.0735642 15.9835 
0.735642 0.0857696 15.6886 
0.735642 0.1 15.2977 
0.735642 0.116591 14.7845 
0.735642 0.135936 14.1199 
0.735642 0.158489 13.2763 
0.735642 0.184785 12.2372 
0.735642 0.215443 11.0157 
0.735642 0.251189 9.68873 
0.735642 0.292864 8.45397 
0.735642 0.341455 7.7132 
0.735642 0.398107 8.17543 
0.735642 0.464159 10.9416 
0.735642 0.54117 17.4927 
0.735642 0.630957 29.4917 
0.735642 0.735642 48.4025 
0.735642 0.857696 75.1024 
0.735642 1 109.696 
0.735642 1.16591 151.513 
0.735642 1.35936 199.095 
0.735642 1.58489 250.199 
0.735642 1.84785 302.013 
0.735642 2.15443 351.664 
0.735642 2.51189 396.797 
0.735642 2.92864 435.935 
0.735642 3.41455 468.524 
0.735642 3.98107 494.75 
0.735642 4.64159 515.254 
0.735642 5.4117 530.875 
0.735642 6.30957 542.468 
0.735642 7.35642 550.803 
0.735642 8.57696 556.541 
0.735642 10 560.246 
0.735642 11.6591 562.422 
0.735642 13.5936 563.537 
0.735642 15.8489 564.012 
0.735642 18.4785 564.172 
0.735642 21.5443 564.214 
0.735642 25.1189 564.222 
0.735642 29.2864 564.224 
0.735642 34.1455 564.224 
0.735642 39.8107 564.224 
0.735642 46.4159 564.224 
0.735642 54.117 564.224 
0.735642 63.0957 564.224 
0.735642 73.5642 564.224 
0.735642 85.7696 564.224 
0.735642 100 564.224 
0.857696 0.01 16.8182 
0.857696 0.0116591 16.8114 
0.857696 0.0135936 16.8022 
0.857696 0.0158489 16.7897 
0.857696 0.0184785 16.7727 
0.857696 0.0215443 16.7496 
0.857696 0.0251189 16.7182 
0.857696 0.0292864 16.6757 
0.857696 0.0341455 16.6181 
0.857696 0.0398107 16.5402 
0.857696 0.0464159 16.4348 
0.857696 0.054117 16.2928 
0.857696 0.0630957 16.102 
0.857696 0.0735642 15.8466 
0.857696 0.0857696 15.5067 
0.857696 0.1 15.0581 
0.857696 0.116591 14.4728 
0.857696 0.135936 13.7217 
0.857696 0.158489 12.7811 
0.857696 0.184785 11.6459 
0.857696 0.215443 10.3558 
0.857696 0.251189 9.03948 
0.857696 0.292864 7.9847 
0.857696 0.341455 7.73457 
0.857696 0.398107 9.18894 
0.857696 0.464159 13.6536 
0.857696 0.54117 22.7441 
0.857696 0.630957 38.0853 
0.857696 0.735642 60.8946 
0.857696 0.857696 91.6789 
0.857696 1 130.16 
0.857696 1.16591 175.287 
0.857696 1.35936 225.203 
0.857696 1.58489 277.327 
0.857696 1.84785 328.724 
0.857696 2.15443 376.697 
0.857696 2.51189 419.286 
0.857696 2.92864 455.477 
0.857696 3.41455 485.117 
0.857696 3.98107 508.661 
0.857696 4.64159 526.891 
0.857696 5.4117 540.682 
0.857696 6.30957 550.867 
0.857696 7.35642 558.166 
0.857696 8.57696 563.178 
0.857696 10 566.41 
0.857696 11.6591 568.305 
0.857696 13.5936 569.274 
0.857696 15.8489 569.687 
0.857696 18.4785 569.826 
0.857696 21.5443 569.862 
0.857696 25.1189 569.87 
0.857696 29.2864 569.871 
0.857696 34.1455 569.871 
0.857696 39.8107 569.871 
0.857696 46.4159 569.871 
0.857696 54.117 569.871 
0.857696 63.0957 569.871 
0.857696 73.5642 569.871 
0.857696 85.7696 569.871 
0.857696 100 569.871 
