0.0001 0.01 52.3648 
0.0001 0.0120226 52.3648 
0.0001 0.0144544 52.3648 
0.0001 0.017378 52.3648 
0.0001 0.020893 52.3648 
0.0001 0.0251189 52.3648 
0.0001 0.0301995 52.3648 
0.0001 0.0363078 52.3647 
0.0001 0.0436516 52.3647 
0.0001 0.0524807 52.3646 
0.0001 0.0630957 52.3645 
0.0001 0.0758578 52.3643 
0.0001 0.0912011 52.3641 
0.0001 0.109648 52.3638 
0.0001 0.131826 52.3633 
0.0001 0.158489 52.3627 
0.0001 0.190546 52.3617 
0.0001 0.229087 52.3604 
0.0001 0.275423 52.3584 
0.0001 0.331131 52.3555 
0.0001 0.398107 52.3514 
0.0001 0.47863 52.3455 
0.0001 0.57544 52.337 
0.0001 0.691831 52.3248 
0.0001 0.831764 52.3076 
0.0001 1 52.2832 
0.0001 1.20226 52.2491 
0.0001 1.44544 52.2021 
0.0001 1.7378 52.1388 
0.0001 2.0893 52.0558 
0.0001 2.51189 51.9514 
0.0001 3.01995 51.827 
0.0001 3.63078 51.6896 
0.0001 4.36516 51.552 
0.0001 5.24807 51.4303 
0.0001 6.30957 51.3383 
0.0001 7.58578 51.2808 
0.0001 9.12011 51.2522 
0.0001 10.9648 51.2415 
0.0001 13.1826 51.2387 
0.0001 15.8489 51.2382 
0.0001 19.0546 51.2382 
0.0001 22.9087 51.2382 
0.0001 27.5423 51.2382 
0.0001 33.1131 51.2382 
0.0001 39.8107 51.2382 
0.0001 47.863 51.2382 
0.0001 57.544 51.2382 
0.0001 69.1831 51.2382 
0.0001 83.1764 51.2382 
0.000120226 0.01 52.3648 
0.000120226 0.0120226 52.3648 
0.000120226 0.0144544 52.3648 
0.000120226 0.017378 52.3648 
0.000120226 0.020893 52.3648 
0.000120226 0.0251189 52.3648 
0.000120226 0.0301995 52.3647 
0.000120226 0.0363078 52.3647 
0.000120226 0.0436516 52.3646 
0.000120226 0.0524807 52.3645 
0.000120226 0.0630957 52.3644 
0.000120226 0.0758578 52.3642 
0.000120226 0.0912011 52.364 
0.000120226 0.109648 52.3636 
0.000120226 0.131826 52.363 
0.000120226 0.158489 52.3623 
0.000120226 0.190546 52.3611 
0.000120226 0.229087 52.3595 
0.000120226 0.275423 52.3571 
0.000120226 0.331131 52.3536 
0.000120226 0.398107 52.3487 
0.000120226 0.47863 52.3416 
0.000120226 0.57544 52.3313 
0.000120226 0.691831 52.3167 
0.000120226 0.831764 52.296 
0.000120226 1 52.2667 
0.000120226 1.20226 52.2257 
0.000120226 1.44544 52.1693 
0.000120226 1.7378 52.0932 
0.000120226 2.0893 51.9936 
0.000120226 2.51189 51.8682 
0.000120226 3.01995 51.7191 
0.000120226 3.63078 51.5545 
0.000120226 4.36516 51.3897 
0.000120226 5.24807 51.2443 
0.000120226 6.30957 51.1344 
0.000120226 7.58578 51.0658 
0.000120226 9.12011 51.0317 
0.000120226 10.9648 51.0189 
0.000120226 13.1826 51.0156 
0.000120226 15.8489 51.015 
0.000120226 19.0546 51.0149 
0.000120226 22.9087 51.0149 
0.000120226 27.5423 51.0149 
0.000120226 33.1131 51.0149 
0.000120226 39.8107 51.0149 
0.000120226 47.863 51.0149 
0.000120226 57.544 51.0149 
0.000120226 69.1831 51.0149 
0.000120226 83.1764 51.0149 
0.000144544 0.01 52.3648 
0.000144544 0.0120226 52.3648 
0.000144544 0.0144544 52.3648 
0.000144544 0.017378 52.3648 
0.000144544 0.020893 52.3648 
0.000144544 0.0251189 52.3648 
0.000144544 0.0301995 52.3647 
0.000144544 0.0363078 52.3647 
0.000144544 0.0436516 52.3646 
0.000144544 0.0524807 52.3645 
0.000144544 0.0630957 52.3643 
0.000144544 0.0758578 52.3641 
0.000144544 0.0912011 52.3638 
0.000144544 0.109648 52.3633 
0.000144544 0.131826 52.3627 
0.000144544 0.158489 52.3617 
0.000144544 0.190546 52.3604 
0.000144544 0.229087 52.3584 
0.000144544 0.275423 52.3555 
0.000144544 0.331131 52.3514 
0.000144544 0.398107 52.3454 
0.000144544 0.47863 52.3368 
0.000144544 0.57544 52.3246 
0.000144544 0.691831 52.307 
0.000144544 0.831764 52.2821 
0.000144544 1 52.2468 
0.000144544 1.20226 52.1976 
0.000144544 1.44544 52.1299 
0.000144544 1.7378 52.0385 
0.000144544 2.0893 51.9189 
0.000144544 2.51189 51.7685 
0.000144544 3.01995 51.5898 
0.000144544 3.63078 51.3927 
0.000144544 4.36516 51.1957 
0.000144544 5.24807 51.022 
0.000144544 6.30957 50.891 
0.000144544 7.58578 50.8092 
0.000144544 9.12011 50.7686 
0.000144544 10.9648 50.7534 
0.000144544 13.1826 50.7494 
0.000144544 15.8489 50.7487 
0.000144544 19.0546 50.7487 
0.000144544 22.9087 50.7487 
0.000144544 27.5423 50.7487 
0.000144544 33.1131 50.7487 
0.000144544 39.8107 50.7487 
0.000144544 47.863 50.7487 
0.000144544 57.544 50.7487 
0.000144544 69.1831 50.7487 
0.000144544 83.1764 50.7487 
0.00017378 0.01 52.3648 
0.00017378 0.0120226 52.3648 
0.00017378 0.0144544 52.3648 
0.00017378 0.017378 52.3648 
0.00017378 0.020893 52.3648 
0.00017378 0.0251189 52.3647 
0.00017378 0.0301995 52.3647 
0.00017378 0.0363078 52.3646 
0.00017378 0.0436516 52.3645 
0.00017378 0.0524807 52.3644 
0.00017378 0.0630957 52.3642 
0.00017378 0.0758578 52.364 
0.00017378 0.0912011 52.3636 
0.00017378 0.109648 52.363 
0.00017378 0.131826 52.3623 
0.00017378 0.158489 52.3611 
0.00017378 0.190546 52.3595 
0.00017378 0.229087 52.3571 
0.00017378 0.275423 52.3536 
0.00017378 0.331131 52.3486 
0.00017378 0.398107 52.3415 
0.00017378 0.47863 52.3312 
0.00017378 0.57544 52.3164 
0.00017378 0.691831 52.2953 
0.00017378 0.831764 52.2653 
0.00017378 1 52.223 
0.00017378 1.20226 52.1639 
0.00017378 1.44544 52.0825 
0.00017378 1.7378 51.9728 
0.00017378 2.0893 51.8293 
0.00017378 2.51189 51.649 
0.00017378 3.01995 51.4349 
0.00017378 3.63078 51.1991 
0.00017378 4.36516 50.9638 
0.00017378 5.24807 50.7567 
0.00017378 6.30957 50.6007 
0.00017378 7.58578 50.5035 
0.00017378 9.12011 50.4552 
0.00017378 10.9648 50.4372 
0.00017378 13.1826 50.4324 
0.00017378 15.8489 50.4316 
0.00017378 19.0546 50.4315 
0.00017378 22.9087 50.4315 
0.00017378 27.5423 50.4315 
0.00017378 33.1131 50.4315 
0.00017378 39.8107 50.4315 
0.00017378 47.863 50.4315 
0.00017378 57.544 50.4315 
0.00017378 69.1831 50.4315 
0.00017378 83.1764 50.4315 
0.00020893 0.01 52.3648 
0.00020893 0.0120226 52.3648 
0.00020893 0.0144544 52.3648 
0.00020893 0.017378 52.3648 
0.00020893 0.020893 52.3648 
0.00020893 0.0251189 52.3647 
0.00020893 0.0301995 52.3647 
0.00020893 0.0363078 52.3646 
0.00020893 0.0436516 52.3645 
0.00020893 0.0524807 52.3643 
0.00020893 0.0630957 52.3641 
0.00020893 0.0758578 52.3638 
0.00020893 0.0912011 52.3633 
0.00020893 0.109648 52.3627 
0.00020893 0.131826 52.3617 
0.00020893 0.158489 52.3604 
0.00020893 0.190546 52.3584 
0.00020893 0.229087 52.3555 
0.00020893 0.275423 52.3513 
0.00020893 0.331131 52.3454 
0.00020893 0.398107 52.3368 
0.00020893 0.47863 52.3244 
0.00020893 0.57544 52.3066 
0.00020893 0.691831 52.2813 
0.00020893 0.831764 52.2453 
0.00020893 1 52.1944 
0.00020893 1.20226 52.1234 
0.00020893 1.44544 52.0256 
0.00020893 1.7378 51.894 
0.00020893 2.0893 51.7218 
0.00020893 2.51189 51.5057 
0.00020893 3.01995 51.2495 
0.00020893 3.63078 50.9677 
0.00020893 4.36516 50.687 
0.00020893 5.24807 50.4405 
0.00020893 6.30957 50.2552 
0.00020893 7.58578 50.1399 
0.00020893 9.12011 50.0827 
0.00020893 10.9648 50.0613 
0.00020893 13.1826 50.0557 
0.00020893 15.8489 50.0547 
0.00020893 19.0546 50.0545 
0.00020893 22.9087 50.0545 
0.00020893 27.5423 50.0545 
0.00020893 33.1131 50.0545 
0.00020893 39.8107 50.0545 
0.00020893 47.863 50.0545 
0.00020893 57.544 50.0545 
0.00020893 69.1831 50.0545 
0.00020893 83.1764 50.0545 
0.000251189 0.01 52.3648 
0.000251189 0.0120226 52.3648 
0.000251189 0.0144544 52.3648 
0.000251189 0.017378 52.3648 
0.000251189 0.020893 52.3647 
0.000251189 0.0251189 52.3647 
0.000251189 0.0301995 52.3646 
0.000251189 0.0363078 52.3645 
0.000251189 0.0436516 52.3644 
0.000251189 0.0524807 52.3642 
0.000251189 0.0630957 52.364 
0.000251189 0.0758578 52.3636 
0.000251189 0.0912011 52.363 
0.000251189 0.109648 52.3623 
0.000251189 0.131826 52.3611 
0.000251189 0.158489 52.3594 
0.000251189 0.190546 52.3571 
0.000251189 0.229087 52.3536 
0.000251189 0.275423 52.3486 
0.000251189 0.331131 52.3414 
0.000251189 0.398107 52.3311 
0.000251189 0.47863 52.3162 
0.000251189 0.57544 52.2949 
0.000251189 0.691831 52.2644 
0.000251189 0.831764 52.2211 
0.000251189 1 52.16 
0.000251189 1.20226 52.0747 
0.000251189 1.44544 51.9574 
0.000251189 1.7378 51.7994 
0.000251189 2.0893 51.593 
0.000251189 2.51189 51.3342 
0.000251189 3.01995 51.0278 
0.000251189 3.63078 50.6914 
0.000251189 4.36516 50.3572 
0.000251189 5.24807 50.0643 
0.000251189 6.30957 49.8448 
0.000251189 7.58578 49.7084 
0.000251189 9.12011 49.6409 
0.000251189 10.9648 49.6156 
0.000251189 13.1826 49.6089 
0.000251189 15.8489 49.6077 
0.000251189 19.0546 49.6076 
0.000251189 22.9087 49.6076 
0.000251189 27.5423 49.6076 
0.000251189 33.1131 49.6076 
0.000251189 39.8107 49.6076 
0.000251189 47.863 49.6076 
0.000251189 57.544 49.6076 
0.000251189 69.1831 49.6076 
0.000251189 83.1764 49.6076 
0.000301995 0.01 52.3648 
0.000301995 0.0120226 52.3648 
0.000301995 0.0144544 52.3648 
0.000301995 0.017378 52.3648 
0.000301995 0.020893 52.3647 
0.000301995 0.0251189 52.3647 
0.000301995 0.0301995 52.3646 
0.000301995 0.0363078 52.3645 
0.000301995 0.0436516 52.3643 
0.000301995 0.0524807 52.3641 
0.000301995 0.0630957 52.3638 
0.000301995 0.0758578 52.3633 
0.000301995 0.0912011 52.3627 
0.000301995 0.109648 52.3617 
0.000301995 0.131826 52.3604 
0.000301995 0.158489 52.3584 
0.000301995 0.190546 52.3555 
0.000301995 0.229087 52.3513 
0.000301995 0.275423 52.3453 
0.000301995 0.331131 52.3367 
0.000301995 0.398107 52.3243 
0.000301995 0.47863 52.3064 
0.000301995 0.57544 52.2807 
0.000301995 0.691831 52.2441 
0.000301995 0.831764 52.1921 
0.000301995 1 52.1187 
0.000301995 1.20226 52.0162 
0.000301995 1.44544 51.8754 
0.000301995 1.7378 51.6859 
0.000301995 2.0893 51.4386 
0.000301995 2.51189 51.129 
0.000301995 3.01995 50.7629 
0.000301995 3.63078 50.3621 
0.000301995 4.36516 49.9649 
0.000301995 5.24807 49.618 
0.000301995 6.30957 49.3587 
0.000301995 7.58578 49.198 
0.000301995 9.12011 49.1185 
0.000301995 10.9648 49.0887 
0.000301995 13.1826 49.0808 
0.000301995 15.8489 49.0794 
0.000301995 19.0546 49.0792 
0.000301995 22.9087 49.0792 
0.000301995 27.5423 49.0792 
0.000301995 33.1131 49.0792 
0.000301995 39.8107 49.0792 
0.000301995 47.863 49.0792 
0.000301995 57.544 49.0792 
0.000301995 69.1831 49.0792 
0.000301995 83.1764 49.0792 
0.000363078 0.01 52.3648 
0.000363078 0.0120226 52.3648 
0.000363078 0.0144544 52.3648 
0.000363078 0.017378 52.3647 
0.000363078 0.020893 52.3647 
0.000363078 0.0251189 52.3646 
0.000363078 0.0301995 52.3645 
0.000363078 0.0363078 52.3644 
0.000363078 0.0436516 52.3642 
0.000363078 0.0524807 52.364 
0.000363078 0.0630957 52.3636 
0.000363078 0.0758578 52.363 
0.000363078 0.0912011 52.3623 
0.000363078 0.109648 52.3611 
0.000363078 0.131826 52.3594 
0.000363078 0.158489 52.3571 
0.000363078 0.190546 52.3536 
0.000363078 0.229087 52.3486 
0.000363078 0.275423 52.3414 
0.000363078 0.331131 52.331 
0.000363078 0.398107 52.3161 
0.000363078 0.47863 52.2946 
0.000363078 0.57544 52.2638 
0.000363078 0.691831 52.2198 
0.000363078 0.831764 52.1572 
0.000363078 1 52.0691 
0.000363078 1.20226 51.9461 
0.000363078 1.44544 51.7771 
0.000363078 1.7378 51.55 
0.000363078 2.0893 51.2538 
0.000363078 2.51189 50.8837 
0.000363078 3.01995 50.4471 
0.000363078 3.63078 49.9702 
0.000363078 4.36516 49.4993 
0.000363078 5.24807 49.0897 
0.000363078 6.30957 48.7847 
0.000363078 7.58578 48.5962 
0.000363078 9.12011 48.503 
0.000363078 10.9648 48.4681 
0.000363078 13.1826 48.4588 
0.000363078 15.8489 48.4571 
0.000363078 19.0546 48.4569 
0.000363078 22.9087 48.4569 
0.000363078 27.5423 48.4569 
0.000363078 33.1131 48.4569 
0.000363078 39.8107 48.4569 
0.000363078 47.863 48.4569 
0.000363078 57.544 48.4569 
0.000363078 69.1831 48.4569 
0.000363078 83.1764 48.4569 
0.000436516 0.01 52.3648 
0.000436516 0.0120226 52.3648 
0.000436516 0.0144544 52.3648 
0.000436516 0.017378 52.3647 
0.000436516 0.020893 52.3647 
0.000436516 0.0251189 52.3646 
0.000436516 0.0301995 52.3645 
0.000436516 0.0363078 52.3643 
0.000436516 0.0436516 52.3641 
0.000436516 0.0524807 52.3638 
0.000436516 0.0630957 52.3633 
0.000436516 0.0758578 52.3627 
0.000436516 0.0912011 52.3617 
0.000436516 0.109648 52.3604 
0.000436516 0.131826 52.3584 
0.000436516 0.158489 52.3555 
0.000436516 0.190546 52.3513 
0.000436516 0.229087 52.3453 
0.000436516 0.275423 52.3367 
0.000436516 0.331131 52.3242 
0.000436516 0.398107 52.3062 
0.000436516 0.47863 52.2804 
0.000436516 0.57544 52.2433 
0.000436516 0.691831 52.1905 
0.000436516 0.831764 52.1154 
0.000436516 1 52.0095 
0.000436516 1.20226 51.8619 
0.000436516 1.44544 51.6592 
0.000436516 1.7378 51.3871 
0.000436516 2.0893 51.0328 
0.000436516 2.51189 50.5908 
0.000436516 3.01995 50.0709 
0.000436516 3.63078 49.505 
0.000436516 4.36516 48.9485 
0.000436516 5.24807 48.4667 
0.000436516 6.30957 48.1096 
0.000436516 7.58578 47.8898 
0.000436516 9.12011 47.7813 
0.000436516 10.9648 47.7406 
0.000436516 13.1826 47.7297 
0.000436516 15.8489 47.7277 
0.000436516 19.0546 47.7275 
0.000436516 22.9087 47.7275 
0.000436516 27.5423 47.7275 
0.000436516 33.1131 47.7275 
0.000436516 39.8107 47.7275 
0.000436516 47.863 47.7275 
0.000436516 57.544 47.7275 
0.000436516 69.1831 47.7275 
0.000436516 83.1764 47.7275 
0.000524807 0.01 52.3648 
0.000524807 0.0120226 52.3648 
0.000524807 0.0144544 52.3647 
0.000524807 0.017378 52.3647 
0.000524807 0.020893 52.3646 
0.000524807 0.0251189 52.3645 
0.000524807 0.0301995 52.3644 
0.000524807 0.0363078 52.3642 
0.000524807 0.0436516 52.364 
0.000524807 0.0524807 52.3636 
0.000524807 0.0630957 52.363 
0.000524807 0.0758578 52.3623 
0.000524807 0.0912011 52.3611 
0.000524807 0.109648 52.3594 
0.000524807 0.131826 52.357 
0.000524807 0.158489 52.3536 
0.000524807 0.190546 52.3486 
0.000524807 0.229087 52.3414 
0.000524807 0.275423 52.331 
0.000524807 0.331131 52.316 
0.000524807 0.398107 52.2943 
0.000524807 0.47863 52.2633 
0.000524807 0.57544 52.2188 
0.000524807 0.691831 52.1553 
0.000524807 0.831764 52.0651 
0.000524807 1 51.938 
0.000524807 1.20226 51.7609 
0.000524807 1.44544 51.5179 
0.000524807 1.7378 51.1921 
0.000524807 2.0893 50.7687 
0.000524807 2.51189 50.2418 
0.000524807 3.01995 49.6239 
0.000524807 3.63078 48.9542 
0.000524807 4.36516 48.299 
0.000524807 5.24807 47.7351 
0.000524807 6.30957 47.3197 
0.000524807 7.58578 47.0652 
0.000524807 9.12011 46.9399 
0.000524807 10.9648 46.8927 
0.000524807 13.1826 46.88 
0.000524807 15.8489 46.8777 
0.000524807 19.0546 46.8774 
0.000524807 22.9087 46.8774 
0.000524807 27.5423 46.8774 
0.000524807 33.1131 46.8774 
0.000524807 39.8107 46.8774 
0.000524807 47.863 46.8774 
0.000524807 57.544 46.8774 
0.000524807 69.1831 46.8774 
0.000524807 83.1764 46.8774 
0.000630957 0.01 52.3648 
0.000630957 0.0120226 52.3648 
0.000630957 0.0144544 52.3647 
0.000630957 0.017378 52.3647 
0.000630957 0.020893 52.3646 
0.000630957 0.0251189 52.3645 
0.000630957 0.0301995 52.3643 
0.000630957 0.0363078 52.3641 
0.000630957 0.0436516 52.3638 
0.000630957 0.0524807 52.3633 
0.000630957 0.0630957 52.3627 
0.000630957 0.0758578 52.3617 
0.000630957 0.0912011 52.3604 
0.000630957 0.109648 52.3584 
0.000630957 0.131826 52.3555 
0.000630957 0.158489 52.3513 
0.000630957 0.190546 52.3453 
0.000630957 0.229087 52.3366 
0.000630957 0.275423 52.3241 
0.000630957 0.331131 52.3061 
0.000630957 0.398107 52.2801 
0.000630957 0.47863 52.2428 
0.000630957 0.57544 52.1893 
0.000630957 0.691831 52.113 
0.000630957 0.831764 52.0047 
0.000630957 1 51.8522 
0.000630957 1.20226 51.6397 
0.000630957 1.44544 51.3487 
0.000630957 1.7378 50.959 
0.000630957 2.0893 50.4535 
0.000630957 2.51189 49.8264 
0.000630957 3.01995 49.0939 
0.000630957 3.63078 48.3042 
0.000630957 4.36516 47.5365 
0.000630957 5.24807 46.8808 
0.000630957 6.30957 46.4014 
0.000630957 7.58578 46.1093 
0.000630957 9.12011 45.9659 
0.000630957 10.9648 45.9118 
0.000630957 13.1826 45.8972 
0.000630957 15.8489 45.8945 
0.000630957 19.0546 45.8941 
0.000630957 22.9087 45.8941 
0.000630957 27.5423 45.8941 
0.000630957 33.1131 45.894 
0.000630957 39.8107 45.894 
0.000630957 47.863 45.894 
0.000630957 57.544 45.894 
0.000630957 69.1831 45.894 
0.000630957 83.1764 45.894 
0.000758578 0.01 52.3648 
0.000758578 0.0120226 52.3647 
0.000758578 0.0144544 52.3647 
0.000758578 0.017378 52.3646 
0.000758578 0.020893 52.3645 
0.000758578 0.0251189 52.3644 
0.000758578 0.0301995 52.3642 
0.000758578 0.0363078 52.364 
0.000758578 0.0436516 52.3636 
0.000758578 0.0524807 52.363 
0.000758578 0.0630957 52.3623 
0.000758578 0.0758578 52.3611 
0.000758578 0.0912011 52.3594 
0.000758578 0.109648 52.357 
0.000758578 0.131826 52.3536 
0.000758578 0.158489 52.3486 
0.000758578 0.190546 52.3414 
0.000758578 0.229087 52.3309 
0.000758578 0.275423 52.3159 
0.000758578 0.331131 52.2942 
0.000758578 0.398107 52.263 
0.000758578 0.47863 52.2182 
0.000758578 0.57544 52.1539 
0.000758578 0.691831 52.0623 
0.000758578 0.831764 51.9322 
0.000758578 1 51.7492 
0.000758578 1.20226 51.4946 
0.000758578 1.44544 51.1462 
0.000758578 1.7378 50.6805 
0.000758578 2.0893 50.0781 
0.000758578 2.51189 49.3334 
0.000758578 3.01995 48.4677 
0.000758578 3.63078 47.5404 
0.000758578 4.36516 46.6464 
0.000758578 5.24807 45.8899 
0.000758578 6.30957 45.3422 
0.000758578 7.58578 45.0112 
0.000758578 9.12011 44.8491 
0.000758578 10.9648 44.7878 
0.000758578 13.1826 44.771 
0.000758578 15.8489 44.7678 
0.000758578 19.0546 44.7674 
0.000758578 22.9087 44.7674 
0.000758578 27.5423 44.7674 
0.000758578 33.1131 44.7674 
0.000758578 39.8107 44.7674 
0.000758578 47.863 44.7674 
0.000758578 57.544 44.7674 
0.000758578 69.1831 44.7674 
0.000758578 83.1764 44.7674 
0.000912011 0.01 52.3648 
0.000912011 0.0120226 52.3647 
0.000912011 0.0144544 52.3647 
0.000912011 0.017378 52.3646 
0.000912011 0.020893 52.3645 
0.000912011 0.0251189 52.3643 
0.000912011 0.0301995 52.3641 
0.000912011 0.0363078 52.3638 
0.000912011 0.0436516 52.3633 
0.000912011 0.0524807 52.3627 
0.000912011 0.0630957 52.3617 
0.000912011 0.0758578 52.3604 
0.000912011 0.0912011 52.3584 
0.000912011 0.109648 52.3555 
0.000912011 0.131826 52.3513 
0.000912011 0.158489 52.3453 
0.000912011 0.190546 52.3366 
0.000912011 0.229087 52.3241 
0.000912011 0.275423 52.306 
0.000912011 0.331131 52.2799 
0.000912011 0.398107 52.2424 
0.000912011 0.47863 52.1885 
0.000912011 0.57544 52.1114 
0.000912011 0.691831 52.0013 
0.000912011 0.831764 51.8453 
0.000912011 1 51.6258 
0.000912011 1.20226 51.3207 
0.000912011 1.44544 50.904 
0.000912011 1.7378 50.3483 
0.000912011 2.0893 49.6316 
0.000912011 2.51189 48.7496 
0.000912011 3.01995 47.7305 
0.000912011 3.63078 46.6477 
0.000912011 4.36516 45.6144 
0.000912011 5.24807 44.7507 
0.000912011 6.30957 44.1334 
0.000912011 7.58578 43.7641 
0.000912011 9.12011 43.5841 
0.000912011 10.9648 43.5156 
0.000912011 13.1826 43.4966 
0.000912011 15.8489 43.4929 
0.000912011 19.0546 43.4924 
0.000912011 22.9087 43.4923 
0.000912011 27.5423 43.4923 
0.000912011 33.1131 43.4923 
0.000912011 39.8107 43.4923 
0.000912011 47.863 43.4923 
0.000912011 57.544 43.4923 
0.000912011 69.1831 43.4923 
0.000912011 83.1764 43.4923 
0.00109648 0.01 52.3647 
0.00109648 0.0120226 52.3647 
0.00109648 0.0144544 52.3646 
0.00109648 0.017378 52.3645 
0.00109648 0.020893 52.3644 
0.00109648 0.0251189 52.3642 
0.00109648 0.0301995 52.364 
0.00109648 0.0363078 52.3636 
0.00109648 0.0436516 52.363 
0.00109648 0.0524807 52.3623 
0.00109648 0.0630957 52.3611 
0.00109648 0.0758578 52.3594 
0.00109648 0.0912011 52.357 
0.00109648 0.109648 52.3536 
0.00109648 0.131826 52.3486 
0.00109648 0.158489 52.3413 
0.00109648 0.190546 52.3309 
0.00109648 0.229087 52.3158 
0.00109648 0.275423 52.2941 
0.00109648 0.331131 52.2628 
0.00109648 0.398107 52.2177 
0.00109648 0.47863 52.153 
0.00109648 0.57544 52.0603 
0.00109648 0.691831 51.9282 
0.00109648 0.831764 51.7409 
0.00109648 1 51.4778 
0.00109648 1.20226 51.1127 
0.00109648 1.44544 50.6148 
0.00109648 1.7378 49.9526 
0.00109648 2.0893 49.102 
0.00109648 2.51189 48.0608 
0.00109648 3.01995 46.8668 
0.00109648 3.63078 45.611 
0.00109648 4.36516 44.4286 
0.00109648 5.24807 43.456 
0.00109648 6.30957 42.7727 
0.00109648 7.58578 42.3696 
0.00109648 9.12011 42.1741 
0.00109648 10.9648 42.0992 
0.00109648 13.1826 42.078 
0.00109648 15.8489 42.0738 
0.00109648 19.0546 42.0732 
0.00109648 22.9087 42.0732 
0.00109648 27.5423 42.0731 
0.00109648 33.1131 42.0731 
0.00109648 39.8107 42.0731 
0.00109648 47.863 42.0731 
0.00109648 57.544 42.0731 
0.00109648 69.1831 42.0731 
0.00109648 83.1764 42.0731 
0.00131826 0.01 52.3647 
0.00131826 0.0120226 52.3647 
0.00131826 0.0144544 52.3646 
0.00131826 0.017378 52.3645 
0.00131826 0.020893 52.3643 
0.00131826 0.0251189 52.3641 
0.00131826 0.0301995 52.3638 
0.00131826 0.0363078 52.3633 
0.00131826 0.0436516 52.3627 
0.00131826 0.0524807 52.3617 
0.00131826 0.0630957 52.3604 
0.00131826 0.0758578 52.3584 
0.00131826 0.0912011 52.3555 
0.00131826 0.109648 52.3513 
0.00131826 0.131826 52.3453 
0.00131826 0.158489 52.3366 
0.00131826 0.190546 52.324 
0.00131826 0.229087 52.3059 
0.00131826 0.275423 52.2798 
0.00131826 0.331131 52.2421 
0.00131826 0.398107 52.188 
0.00131826 0.47863 52.1102 
0.00131826 0.57544 51.999 
0.00131826 0.691831 51.8404 
0.00131826 0.831764 51.6158 
0.00131826 1 51.3007 
0.00131826 1.20226 50.864 
0.00131826 1.44544 50.2699 
0.00131826 1.7378 49.4824 
0.00131826 2.0893 48.4756 
0.00131826 2.51189 47.2515 
0.00131826 3.01995 45.8611 
0.00131826 3.63078 44.4177 
0.00131826 4.36516 43.0818 
0.00131826 5.24807 42.0067 
0.00131826 6.30957 41.2689 
0.00131826 7.58578 40.8424 
0.00131826 9.12011 40.6371 
0.00131826 10.9648 40.5575 
0.00131826 13.1826 40.5345 
0.00131826 15.8489 40.5297 
0.00131826 19.0546 40.529 
0.00131826 22.9087 40.5289 
0.00131826 27.5423 40.5289 
0.00131826 33.1131 40.5289 
0.00131826 39.8107 40.5289 
0.00131826 47.863 40.5289 
0.00131826 57.544 40.5289 
0.00131826 69.1831 40.5289 
0.00131826 83.1764 40.5289 
0.00158489 0.01 52.3647 
0.00158489 0.0120226 52.3646 
0.00158489 0.0144544 52.3645 
0.00158489 0.017378 52.3644 
0.00158489 0.020893 52.3642 
0.00158489 0.0251189 52.364 
0.00158489 0.0301995 52.3636 
0.00158489 0.0363078 52.363 
0.00158489 0.0436516 52.3623 
0.00158489 0.0524807 52.3611 
0.00158489 0.0630957 52.3594 
0.00158489 0.0758578 52.357 
0.00158489 0.0912011 52.3536 
0.00158489 0.109648 52.3486 
0.00158489 0.131826 52.3413 
0.00158489 0.158489 52.3309 
0.00158489 0.190546 52.3158 
0.00158489 0.229087 52.294 
0.00158489 0.275423 52.2626 
0.00158489 0.331131 52.2174 
0.00158489 0.398107 52.1523 
0.00158489 0.47863 52.0589 
0.00158489 0.57544 51.9253 
0.00158489 0.691831 51.7351 
0.00158489 0.831764 51.4659 
0.00158489 1 51.0887 
0.00158489 1.20226 50.567 
0.00158489 1.44544 49.8593 
0.00158489 1.7378 48.9249 
0.00158489 2.0893 47.7374 
0.00158489 2.51189 46.3057 
0.00158489 3.01995 44.6989 
0.00158489 3.63078 43.0589 
0.00158489 4.36516 41.5758 
0.00158489 5.24807 40.4174 
0.00158489 6.30957 39.6495 
0.00158489 7.58578 39.2187 
0.00158489 9.12011 39.0136 
0.00158489 10.9648 38.9327 
0.00158489 13.1826 38.9082 
0.00158489 15.8489 38.9029 
0.00158489 19.0546 38.902 
0.00158489 22.9087 38.9019 
0.00158489 27.5423 38.9019 
0.00158489 33.1131 38.9019 
0.00158489 39.8107 38.9019 
0.00158489 47.863 38.9019 
0.00158489 57.544 38.9019 
0.00158489 69.1831 38.9019 
0.00158489 83.1764 38.9019 
0.00190546 0.01 52.3647 
0.00190546 0.0120226 52.3646 
0.00190546 0.0144544 52.3645 
0.00190546 0.017378 52.3643 
0.00190546 0.020893 52.3641 
0.00190546 0.0251189 52.3638 
0.00190546 0.0301995 52.3633 
0.00190546 0.0363078 52.3627 
0.00190546 0.0436516 52.3617 
0.00190546 0.0524807 52.3604 
0.00190546 0.0630957 52.3584 
0.00190546 0.0758578 52.3555 
0.00190546 0.0912011 52.3513 
0.00190546 0.109648 52.3453 
0.00190546 0.131826 52.3366 
0.00190546 0.158489 52.324 
0.00190546 0.190546 52.3059 
0.00190546 0.229087 52.2797 
0.00190546 0.275423 52.242 
0.00190546 0.331131 52.1876 
0.00190546 0.398107 52.1095 
0.00190546 0.47863 51.9973 
0.00190546 0.57544 51.837 
0.00190546 0.691831 51.6088 
0.00190546 0.831764 51.2864 
0.00190546 1 50.8353 
0.00190546 1.20226 50.2128 
0.00190546 1.44544 49.3714 
0.00190546 1.7378 48.2661 
0.00190546 2.0893 46.8715 
0.00190546 2.51189 45.2078 
0.00190546 3.01995 43.3693 
0.00190546 3.63078 41.5342 
0.00190546 4.36516 39.9267 
0.00190546 5.24807 38.7247 
0.00190546 6.30957 37.9695 
0.00190546 7.58578 37.5667 
0.00190546 9.12011 37.3782 
0.00190546 10.9648 37.3014 
0.00190546 13.1826 37.2765 
0.00190546 15.8489 37.2707 
0.00190546 19.0546 37.2696 
0.00190546 22.9087 37.2695 
0.00190546 27.5423 37.2695 
0.00190546 33.1131 37.2695 
0.00190546 39.8107 37.2695 
0.00190546 47.863 37.2695 
0.00190546 57.544 37.2695 
0.00190546 69.1831 37.2695 
0.00190546 83.1764 37.2695 
0.00229087 0.01 52.3646 
0.00229087 0.0120226 52.3645 
0.00229087 0.0144544 52.3644 
0.00229087 0.017378 52.3642 
0.00229087 0.020893 52.364 
0.00229087 0.0251189 52.3636 
0.00229087 0.0301995 52.363 
0.00229087 0.0363078 52.3623 
0.00229087 0.0436516 52.3611 
0.00229087 0.0524807 52.3594 
0.00229087 0.0630957 52.357 
0.00229087 0.0758578 52.3536 
0.00229087 0.0912011 52.3486 
0.00229087 0.109648 52.3413 
0.00229087 0.131826 52.3309 
0.00229087 0.158489 52.3158 
0.00229087 0.190546 52.294 
0.00229087 0.229087 52.2625 
0.00229087 0.275423 52.2172 
0.00229087 0.331131 52.1519 
0.00229087 0.398107 52.058 
0.00229087 0.47863 51.9234 
0.00229087 0.57544 51.731 
0.00229087 0.691831 51.4576 
0.00229087 0.831764 51.0716 
0.00229087 1 50.5327 
0.00229087 1.20226 49.7913 
0.00229087 1.44544 48.7933 
0.00229087 1.7378 47.4903 
0.00229087 2.0893 45.8613 
0.00229087 2.51189 43.9442 
0.00229087 3.01995 41.8678 
0.00229087 3.63078 39.857 
0.00229087 4.36516 38.174 
0.00229087 5.24807 36.998 
0.00229087 6.30957 36.3255 
0.00229087 7.58578 36.0011 
0.00229087 9.12011 35.8549 
0.00229087 10.9648 35.7905 
0.00229087 13.1826 35.7668 
0.00229087 15.8489 35.7604 
0.00229087 19.0546 35.7592 
0.00229087 22.9087 35.759 
0.00229087 27.5423 35.759 
0.00229087 33.1131 35.759 
0.00229087 39.8107 35.759 
0.00229087 47.863 35.759 
0.00229087 57.544 35.759 
0.00229087 69.1831 35.759 
0.00229087 83.1764 35.759 
0.00275423 0.01 52.3646 
0.00275423 0.0120226 52.3645 
0.00275423 0.0144544 52.3643 
0.00275423 0.017378 52.3641 
0.00275423 0.020893 52.3638 
0.00275423 0.0251189 52.3633 
0.00275423 0.0301995 52.3627 
0.00275423 0.0363078 52.3617 
0.00275423 0.0436516 52.3604 
0.00275423 0.0524807 52.3584 
0.00275423 0.0630957 52.3555 
0.00275423 0.0758578 52.3513 
0.00275423 0.0912011 52.3453 
0.00275423 0.109648 52.3366 
0.00275423 0.131826 52.324 
0.00275423 0.158489 52.3058 
0.00275423 0.190546 52.2796 
0.00275423 0.229087 52.2418 
0.00275423 0.275423 52.1873 
0.00275423 0.331131 52.1089 
0.00275423 0.398107 51.9962 
0.00275423 0.47863 51.8346 
0.00275423 0.57544 51.604 
0.00275423 0.691831 51.2764 
0.00275423 0.831764 50.8149 
0.00275423 1 50.1719 
0.00275423 1.20226 49.2906 
0.00275423 1.44544 48.1103 
0.00275423 1.7378 46.5813 
0.00275423 2.0893 44.6916 
0.00275423 2.51189 42.506 
0.00275423 3.01995 40.2017 
0.00275423 3.63078 38.0626 
0.00275423 4.36516 36.3922 
0.00275423 5.24807 35.3552 
0.00275423 6.30957 34.8729 
0.00275423 7.58578 34.7023 
0.00275423 9.12011 34.6357 
0.00275423 10.9648 34.5961 
0.00275423 13.1826 34.5758 
0.00275423 15.8489 34.5691 
0.00275423 19.0546 34.5676 
0.00275423 22.9087 34.5674 
0.00275423 27.5423 34.5674 
0.00275423 33.1131 34.5674 
0.00275423 39.8107 34.5674 
0.00275423 47.863 34.5674 
0.00275423 57.544 34.5674 
0.00275423 69.1831 34.5674 
0.00275423 83.1764 34.5674 
0.00331131 0.01 52.3645 
0.00331131 0.0120226 52.3644 
0.00331131 0.0144544 52.3642 
0.00331131 0.017378 52.364 
0.00331131 0.020893 52.3636 
0.00331131 0.0251189 52.363 
0.00331131 0.0301995 52.3623 
0.00331131 0.0363078 52.3611 
0.00331131 0.0436516 52.3594 
0.00331131 0.0524807 52.357 
0.00331131 0.0630957 52.3536 
0.00331131 0.0758578 52.3486 
0.00331131 0.0912011 52.3413 
0.00331131 0.109648 52.3309 
0.00331131 0.131826 52.3157 
0.00331131 0.158489 52.2939 
0.00331131 0.190546 52.2624 
0.00331131 0.229087 52.217 
0.00331131 0.275423 52.1515 
0.00331131 0.331131 52.0573 
0.00331131 0.398107 51.922 
0.00331131 0.47863 51.7282 
0.00331131 0.57544 51.4517 
0.00331131 0.691831 51.0596 
0.00331131 0.831764 50.5083 
0.00331131 1 49.7425 
0.00331131 1.20226 48.6974 
0.00331131 1.44544 47.3068 
0.00331131 1.7378 45.5225 
0.00331131 2.0893 43.3496 
0.00331131 2.51189 40.8932 
0.00331131 3.01995 38.3969 
0.00331131 3.63078 36.2199 
0.00331131 4.36516 34.7066 
0.00331131 5.24807 33.9818 
0.00331131 6.30957 33.8474 
0.00331131 7.58578 33.938 
0.00331131 9.12011 34.0035 
0.00331131 10.9648 34.0057 
0.00331131 13.1826 33.992 
0.00331131 15.8489 33.9852 
0.00331131 19.0546 33.9834 
0.00331131 22.9087 33.9831 
0.00331131 27.5423 33.983 
0.00331131 33.1131 33.983 
0.00331131 39.8107 33.983 
0.00331131 47.863 33.983 
0.00331131 57.544 33.983 
0.00331131 69.1831 33.983 
0.00331131 83.1764 33.983 
0.00398107 0.01 52.3645 
0.00398107 0.0120226 52.3643 
0.00398107 0.0144544 52.3641 
0.00398107 0.017378 52.3638 
0.00398107 0.020893 52.3633 
0.00398107 0.0251189 52.3627 
0.00398107 0.0301995 52.3617 
0.00398107 0.0363078 52.3604 
0.00398107 0.0436516 52.3584 
0.00398107 0.0524807 52.3555 
0.00398107 0.0630957 52.3513 
0.00398107 0.0758578 52.3453 
0.00398107 0.0912011 52.3366 
0.00398107 0.109648 52.324 
0.00398107 0.131826 52.3058 
0.00398107 0.158489 52.2796 
0.00398107 0.190546 52.2417 
0.00398107 0.229087 52.1872 
0.00398107 0.275423 52.1085 
0.00398107 0.331131 51.9954 
0.00398107 0.398107 51.833 
0.00398107 0.47863 51.6005 
0.00398107 0.57544 51.2694 
0.00398107 0.691831 50.8005 
0.00398107 0.831764 50.1428 
0.00398107 1 49.2326 
0.00398107 1.20226 47.997 
0.00398107 1.44544 46.366 
0.00398107 1.7378 44.2987 
0.00398107 2.0893 41.8285 
0.00398107 2.51189 39.1206 
0.00398107 3.01995 36.5089 
0.00398107 3.63078 34.4468 
0.00398107 4.36516 33.3141 
0.00398107 5.24807 33.154 
0.00398107 6.30957 33.5882 
0.00398107 7.58578 34.0856 
0.00398107 9.12011 34.3527 
0.00398107 10.9648 34.4192 
0.00398107 13.1826 34.4163 
0.00398107 15.8489 34.4095 
0.00398107 19.0546 34.4073 
0.00398107 22.9087 34.4068 
0.00398107 27.5423 34.4068 
0.00398107 33.1131 34.4068 
0.00398107 39.8107 34.4068 
0.00398107 47.863 34.4068 
0.00398107 57.544 34.4068 
0.00398107 69.1831 34.4068 
0.00398107 83.1764 34.4068 
0.0047863 0.01 52.3644 
0.0047863 0.0120226 52.3642 
0.0047863 0.0144544 52.364 
0.0047863 0.017378 52.3636 
0.0047863 0.020893 52.363 
0.0047863 0.0251189 52.3623 
0.0047863 0.0301995 52.3611 
0.0047863 0.0363078 52.3594 
0.0047863 0.0436516 52.357 
0.0047863 0.0524807 52.3536 
0.0047863 0.0630957 52.3486 
0.0047863 0.0758578 52.3413 
0.0047863 0.0912011 52.3309 
0.0047863 0.109648 52.3157 
0.0047863 0.131826 52.2939 
0.0047863 0.158489 52.2624 
0.0047863 0.190546 52.2169 
0.0047863 0.229087 52.1513 
0.0047863 0.275423 52.0569 
0.0047863 0.331131 51.921 
0.0047863 0.398107 51.7262 
0.0047863 0.47863 51.4476 
0.0047863 0.57544 51.0512 
0.0047863 0.691831 50.4912 
0.0047863 0.831764 49.7079 
0.0047863 1 48.6287 
0.0047863 1.20226 47.1733 
0.0047863 1.44544 45.2714 
0.0047863 1.7378 42.8981 
0.0047863 2.0893 40.1323 
0.0047863 2.51189 37.2262 
0.0047863 3.01995 34.6366 
0.0047863 3.63078 32.9306 
0.0047863 4.36516 32.5063 
0.0047863 5.24807 33.2619 
0.0047863 6.30957 34.5572 
0.0047863 7.58578 35.6475 
0.0047863 9.12011 36.2028 
0.0047863 10.9648 36.3607 
0.0047863 13.1826 36.3734 
0.0047863 15.8489 36.3668 
0.0047863 19.0546 36.364 
0.0047863 22.9087 36.3635 
0.0047863 27.5423 36.3634 
0.0047863 33.1131 36.3634 
0.0047863 39.8107 36.3634 
0.0047863 47.863 36.3634 
0.0047863 57.544 36.3634 
0.0047863 69.1831 36.3634 
0.0047863 83.1764 36.3634 
0.0057544 0.01 52.3643 
0.0057544 0.0120226 52.3641 
0.0057544 0.0144544 52.3638 
0.0057544 0.017378 52.3633 
0.0057544 0.020893 52.3627 
0.0057544 0.0251189 52.3617 
0.0057544 0.0301995 52.3604 
0.0057544 0.0363078 52.3584 
0.0057544 0.0436516 52.3555 
0.0057544 0.0524807 52.3513 
0.0057544 0.0630957 52.3453 
0.0057544 0.0758578 52.3366 
0.0057544 0.0912011 52.324 
0.0057544 0.109648 52.3058 
0.0057544 0.131826 52.2796 
0.0057544 0.158489 52.2417 
0.0057544 0.190546 52.187 
0.0057544 0.229087 52.1083 
0.0057544 0.275423 51.9948 
0.0057544 0.331131 51.8318 
0.0057544 0.398107 51.5982 
0.0057544 0.47863 51.2645 
0.0057544 0.57544 50.7904 
0.0057544 0.691831 50.1224 
0.0057544 0.831764 49.1915 
0.0057544 1 47.9158 
0.0057544 1.20226 46.2095 
0.0057544 1.44544 44.0079 
0.0057544 1.7378 41.3157 
0.0057544 2.0893 38.2823 
0.0057544 2.51189 35.2843 
0.0057544 3.01995 32.9414 
0.0057544 3.63078 31.9514 
0.0057544 4.36516 32.6933 
0.0057544 5.24807 34.8251 
0.0057544 6.30957 37.3437 
0.0057544 7.58578 39.2454 
0.0057544 9.12011 40.1868 
0.0057544 10.9648 40.4658 
0.0057544 13.1826 40.4991 
0.0057544 15.8489 40.4927 
0.0057544 19.0546 40.4892 
0.0057544 22.9087 40.4884 
0.0057544 27.5423 40.4884 
0.0057544 33.1131 40.4883 
0.0057544 39.8107 40.4883 
0.0057544 47.863 40.4883 
0.0057544 57.544 40.4883 
0.0057544 69.1831 40.4883 
0.0057544 83.1764 40.4883 
0.00691831 0.01 52.3642 
0.00691831 0.0120226 52.364 
0.00691831 0.0144544 52.3636 
0.00691831 0.017378 52.363 
0.00691831 0.020893 52.3623 
0.00691831 0.0251189 52.3611 
0.00691831 0.0301995 52.3594 
0.00691831 0.0363078 52.357 
0.00691831 0.0436516 52.3536 
0.00691831 0.0524807 52.3486 
0.00691831 0.0630957 52.3413 
0.00691831 0.0758578 52.3309 
0.00691831 0.0912011 52.3157 
0.00691831 0.109648 52.2939 
0.00691831 0.131826 52.2623 
0.00691831 0.158489 52.2168 
0.00691831 0.190546 52.1512 
0.00691831 0.229087 52.0565 
0.00691831 0.275423 51.9204 
0.00691831 0.331131 51.7248 
0.00691831 0.398107 51.4447 
0.00691831 0.47863 51.0453 
0.00691831 0.57544 50.4791 
0.00691831 0.691831 49.6836 
0.00691831 0.831764 48.5799 
0.00691831 1 47.0776 
0.00691831 1.20226 45.089 
0.00691831 1.44544 42.5645 
0.00691831 1.7378 39.5586 
0.00691831 2.0893 36.3274 
0.00691831 2.51189 33.4212 
0.00691831 3.01995 31.6696 
0.00691831 3.63078 31.9066 
0.00691831 4.36516 34.4183 
0.00691831 5.24807 38.4869 
0.00691831 6.30957 42.6334 
0.00691831 7.58578 45.5721 
0.00691831 9.12011 46.9942 
0.00691831 10.9648 47.4217 
0.00691831 13.1826 47.4796 
0.00691831 15.8489 47.473 
0.00691831 19.0546 47.4684 
0.00691831 22.9087 47.4674 
0.00691831 27.5423 47.4673 
0.00691831 33.1131 47.4673 
0.00691831 39.8107 47.4673 
0.00691831 47.863 47.4673 
0.00691831 57.544 47.4673 
0.00691831 69.1831 47.4673 
0.00691831 83.1764 47.4673 
0.00831764 0.01 52.3641 
0.00831764 0.0120226 52.3638 
0.00831764 0.0144544 52.3633 
0.00831764 0.017378 52.3627 
0.00831764 0.020893 52.3617 
0.00831764 0.0251189 52.3604 
0.00831764 0.0301995 52.3584 
0.00831764 0.0363078 52.3555 
0.00831764 0.0436516 52.3513 
0.00831764 0.0524807 52.3453 
0.00831764 0.0630957 52.3366 
0.00831764 0.0758578 52.324 
0.00831764 0.0912011 52.3058 
0.00831764 0.109648 52.2796 
0.00831764 0.131826 52.2416 
0.00831764 0.158489 52.1869 
0.00831764 0.190546 52.1081 
0.00831764 0.229087 51.9944 
0.00831764 0.275423 51.831 
0.00831764 0.331131 51.5965 
0.00831764 0.398107 51.261 
0.00831764 0.47863 50.7834 
0.00831764 0.57544 50.1081 
0.00831764 0.691831 49.1626 
0.00831764 0.831764 47.8582 
0.00831764 1 46.0974 
0.00831764 1.20226 43.7969 
0.00831764 1.44544 40.9375 
0.00831764 1.7378 37.6538 
0.00831764 2.0893 34.3575 
0.00831764 2.51189 31.8367 
0.00831764 3.01995 31.1782 
0.00831764 3.63078 33.3282 
0.00831764 4.36516 38.3479 
0.00831764 5.24807 44.9631 
0.00831764 6.30957 51.1179 
0.00831764 7.58578 55.2752 
0.00831764 9.12011 57.245 
0.00831764 10.9648 57.8378 
0.00831764 13.1826 57.9217 
0.00831764 15.8489 57.914 
0.00831764 19.0546 57.908 
0.00831764 22.9087 57.9066 
0.00831764 27.5423 57.9064 
0.00831764 33.1131 57.9064 
0.00831764 39.8107 57.9064 
0.00831764 47.863 57.9064 
0.00831764 57.544 57.9064 
0.00831764 69.1831 57.9064 
0.00831764 83.1764 57.9064 
0.01 0.01 52.364 
0.01 0.0120226 52.3636 
0.01 0.0144544 52.363 
0.01 0.017378 52.3623 
0.01 0.020893 52.3611 
0.01 0.0251189 52.3594 
0.01 0.0301995 52.357 
0.01 0.0363078 52.3536 
0.01 0.0436516 52.3486 
0.01 0.0524807 52.3413 
0.01 0.0630957 52.3308 
0.01 0.0758578 52.3157 
0.01 0.0912011 52.2939 
0.01 0.109648 52.2623 
0.01 0.131826 52.2168 
0.01 0.158489 52.1511 
0.01 0.190546 52.0563 
0.01 0.229087 51.9199 
0.01 0.275423 51.7239 
0.01 0.331131 51.4428 
0.01 0.398107 51.0412 
0.01 0.47863 50.4708 
0.01 0.57544 49.6665 
0.01 0.691831 48.5456 
0.01 0.831764 47.0098 
0.01 1 44.9584 
0.01 1.20226 42.3227 
0.01 1.44544 39.1369 
0.01 1.7378 35.6587 
0.01 2.0893 32.5223 
0.01 2.51189 30.8287 
0.01 3.01995 31.9558 
0.01 3.63078 36.8778 
0.01 4.36516 45.2142 
0.01 5.24807 54.9188 
0.01 6.30957 63.324 
0.01 7.58578 68.766 
0.01 9.12011 71.2929 
0.01 10.9648 72.0502 
0.01 13.1826 72.158 
0.01 15.8489 72.1478 
0.01 19.0546 72.1397 
0.01 22.9087 72.1379 
0.01 27.5423 72.1377 
0.01 33.1131 72.1376 
0.01 39.8107 72.1376 
0.01 47.863 72.1376 
0.01 57.544 72.1376 
0.01 69.1831 72.1376 
0.01 83.1764 72.1376 
0.0120226 0.01 52.3638 
0.0120226 0.0120226 52.3633 
0.0120226 0.0144544 52.3627 
0.0120226 0.017378 52.3617 
0.0120226 0.020893 52.3604 
0.0120226 0.0251189 52.3584 
0.0120226 0.0301995 52.3555 
0.0120226 0.0363078 52.3513 
0.0120226 0.0436516 52.3453 
0.0120226 0.0524807 52.3366 
0.0120226 0.0630957 52.324 
0.0120226 0.0758578 52.3058 
0.0120226 0.0912011 52.2795 
0.0120226 0.109648 52.2416 
0.0120226 0.131826 52.1869 
0.0120226 0.158489 52.1079 
0.0120226 0.190546 51.9942 
0.0120226 0.229087 51.8305 
0.0120226 0.275423 51.5954 
0.0120226 0.331131 51.2587 
0.0120226 0.398107 50.7785 
0.0120226 0.47863 50.0981 
0.0120226 0.57544 49.1423 
0.0120226 0.691831 47.8176 
0.0120226 0.831764 46.018 
0.0120226 1 43.646 
0.0120226 1.20226 40.664 
0.0120226 1.44544 37.1938 
0.0120226 1.7378 33.676 
0.0120226 2.0893 31.0531 
0.0120226 2.51189 30.8179 
0.0120226 3.01995 34.6287 
0.0120226 3.63078 43.2977 
0.0120226 4.36516 55.6803 
0.0120226 5.24807 68.7649 
0.0120226 6.30957 79.391 
0.0120226 7.58578 86.0124 
0.0120226 9.12011 89.0369 
0.0120226 10.9648 89.9409 
0.0120226 13.1826 90.0685 
0.0120226 15.8489 90.0545 
0.0120226 19.0546 90.0439 
0.0120226 22.9087 90.0415 
0.0120226 27.5423 90.0412 
0.0120226 33.1131 90.0412 
0.0120226 39.8107 90.0412 
0.0120226 47.863 90.0412 
0.0120226 57.544 90.0412 
0.0120226 69.1831 90.0412 
0.0120226 83.1764 90.0412 
0.0144544 0.01 52.3636 
0.0144544 0.0120226 52.363 
0.0144544 0.0144544 52.3623 
0.0144544 0.017378 52.3611 
0.0144544 0.020893 52.3594 
0.0144544 0.0251189 52.357 
0.0144544 0.0301995 52.3536 
0.0144544 0.0363078 52.3486 
0.0144544 0.0436516 52.3413 
0.0144544 0.0524807 52.3308 
0.0144544 0.0630957 52.3157 
0.0144544 0.0758578 52.2939 
0.0144544 0.0912011 52.2623 
0.0144544 0.109648 52.2167 
0.0144544 0.131826 52.151 
0.0144544 0.158489 52.0562 
0.0144544 0.190546 51.9196 
0.0144544 0.229087 51.7232 
0.0144544 0.275423 51.4414 
0.0144544 0.331131 51.0384 
0.0144544 0.398107 50.4649 
0.0144544 0.47863 49.6546 
0.0144544 0.57544 48.5216 
0.0144544 0.691831 46.9621 
0.0144544 0.831764 44.8659 
0.0144544 1 42.1499 
0.0144544 1.20226 38.8325 
0.0144544 1.44544 35.1721 
0.0144544 1.7378 31.8737 
0.0144544 2.0893 30.2893 
0.0144544 2.51189 32.364 
0.0144544 3.01995 39.9306 
0.0144544 3.63078 53.2877 
0.0144544 4.36516 70.1251 
0.0144544 5.24807 86.4341 
0.0144544 6.30957 98.9302 
0.0144544 7.58578 106.495 
0.0144544 9.12011 109.932 
0.0144544 10.9648 110.969 
0.0144544 13.1826 111.116 
0.0144544 15.8489 111.098 
0.0144544 19.0546 111.084 
0.0144544 22.9087 111.081 
0.0144544 27.5423 111.081 
0.0144544 33.1131 111.081 
0.0144544 39.8107 111.081 
0.0144544 47.863 111.081 
0.0144544 57.544 111.081 
0.0144544 69.1831 111.081 
0.0144544 83.1764 111.081 
0.017378 0.01 52.3633 
0.017378 0.0120226 52.3627 
0.017378 0.0144544 52.3617 
0.017378 0.017378 52.3604 
0.017378 0.020893 52.3584 
0.017378 0.0251189 52.3555 
0.017378 0.0301995 52.3513 
0.017378 0.0363078 52.3453 
0.017378 0.0436516 52.3366 
0.017378 0.0524807 52.324 
0.017378 0.0630957 52.3058 
0.017378 0.0758578 52.2795 
0.017378 0.0912011 52.2416 
0.017378 0.109648 52.1868 
0.017378 0.131826 52.1079 
0.017378 0.158489 51.994 
0.017378 0.190546 51.8301 
0.017378 0.229087 51.5946 
0.017378 0.275423 51.257 
0.017378 0.331131 50.7751 
0.017378 0.398107 50.0911 
0.017378 0.47863 49.1281 
0.017378 0.57544 47.7892 
0.017378 0.691831 45.9621 
0.017378 0.831764 43.5391 
0.017378 1 40.4687 
0.017378 1.20226 36.8627 
0.017378 1.44544 33.1846 
0.017378 1.7378 30.5079 
0.017378 2.0893 30.701 
0.017378 2.51189 36.1582 
0.017378 3.01995 48.6096 
0.017378 3.63078 67.2972 
0.017378 4.36516 88.4173 
0.017378 5.24807 107.325 
0.017378 6.30957 121.209 
0.017378 7.58578 129.546 
0.017378 9.12011 133.388 
0.017378 10.9648 134.579 
0.017378 13.1826 134.757 
0.017378 15.8489 134.736 
0.017378 19.0546 134.72 
0.017378 22.9087 134.716 
0.017378 27.5423 134.715 
0.017378 33.1131 134.715 
0.017378 39.8107 134.715 
0.017378 47.863 134.715 
0.017378 57.544 134.715 
0.017378 69.1831 134.715 
0.017378 83.1764 134.715 
0.020893 0.01 52.363 
0.020893 0.0120226 52.3623 
0.020893 0.0144544 52.3611 
0.020893 0.017378 52.3594 
0.020893 0.020893 52.357 
0.020893 0.0251189 52.3536 
0.020893 0.0301995 52.3486 
0.020893 0.0363078 52.3413 
0.020893 0.0436516 52.3308 
0.020893 0.0524807 52.3157 
0.020893 0.0630957 52.2939 
0.020893 0.0758578 52.2623 
0.020893 0.0912011 52.2167 
0.020893 0.109648 52.1509 
0.020893 0.131826 52.0561 
0.020893 0.158489 51.9194 
0.020893 0.190546 51.7227 
0.020893 0.229087 51.4404 
0.020893 0.275423 51.0364 
0.020893 0.331131 50.4609 
0.020893 0.398107 49.6463 
0.020893 0.47863 48.5048 
0.020893 0.57544 46.9287 
0.020893 0.691831 44.8009 
0.020893 0.831764 42.0277 
0.020893 1 38.6156 
0.020893 1.20226 34.8235 
0.020893 1.44544 31.4129 
0.020893 1.7378 29.9496 
0.020893 2.0893 32.8997 
0.020893 2.51189 42.9675 
0.020893 3.01995 61.2477 
0.020893 3.63078 85.2843 
0.020893 4.36516 109.883 
0.020893 5.24807 130.656 
0.020893 6.30957 145.741 
0.020893 7.58578 154.975 
0.020893 9.12011 159.363 
0.020893 10.9648 160.779 
0.020893 13.1826 161.007 
0.020893 15.8489 160.987 
0.020893 19.0546 160.968 
0.020893 22.9087 160.963 
0.020893 27.5423 160.962 
0.020893 33.1131 160.962 
0.020893 39.8107 160.962 
0.020893 47.863 160.962 
0.020893 57.544 160.962 
0.020893 69.1831 160.962 
0.020893 83.1764 160.962 
0.0251189 0.01 52.3627 
0.0251189 0.0120226 52.3617 
0.0251189 0.0144544 52.3604 
0.0251189 0.017378 52.3584 
0.0251189 0.020893 52.3555 
0.0251189 0.0251189 52.3513 
0.0251189 0.0301995 52.3453 
0.0251189 0.0363078 52.3366 
0.0251189 0.0436516 52.324 
0.0251189 0.0524807 52.3058 
0.0251189 0.0630957 52.2795 
0.0251189 0.0758578 52.2416 
0.0251189 0.0912011 52.1868 
0.0251189 0.109648 52.1078 
0.0251189 0.131826 51.9939 
0.0251189 0.158489 51.8298 
0.0251189 0.190546 51.594 
0.0251189 0.229087 51.2559 
0.0251189 0.275423 50.7728 
0.0251189 0.331131 50.0863 
0.0251189 0.398107 49.1183 
0.0251189 0.47863 47.7694 
0.0251189 0.57544 45.923 
0.0251189 0.691831 43.464 
0.0251189 0.831764 40.3307 
0.0251189 1 36.6273 
0.0251189 1.20226 32.8349 
0.0251189 1.44544 30.132 
0.0251189 1.7378 30.7054 
0.0251189 2.0893 37.6183 
0.0251189 2.51189 53.5015 
0.0251189 3.01995 78.0153 
0.0251189 3.63078 106.628 
0.0251189 4.36516 133.702 
0.0251189 5.24807 156.145 
0.0251189 6.30957 172.843 
0.0251189 7.58578 183.401 
0.0251189 9.12011 188.565 
0.0251189 10.9648 190.286 
0.0251189 13.1826 190.58 
0.0251189 15.8489 190.56 
0.0251189 19.0546 190.537 
0.0251189 22.9087 190.531 
0.0251189 27.5423 190.53 
0.0251189 33.1131 190.53 
0.0251189 39.8107 190.53 
0.0251189 47.863 190.53 
0.0251189 57.544 190.53 
0.0251189 69.1831 190.53 
0.0251189 83.1764 190.53 
0.0301995 0.01 52.3623 
0.0301995 0.0120226 52.3611 
0.0301995 0.0144544 52.3594 
0.0301995 0.017378 52.357 
0.0301995 0.020893 52.3536 
0.0301995 0.0251189 52.3486 
0.0301995 0.0301995 52.3413 
0.0301995 0.0363078 52.3308 
0.0301995 0.0436516 52.3157 
0.0301995 0.0524807 52.2939 
0.0301995 0.0630957 52.2623 
0.0301995 0.0758578 52.2167 
0.0301995 0.0912011 52.1509 
0.0301995 0.109648 52.056 
0.0301995 0.131826 51.9192 
0.0301995 0.158489 51.7224 
0.0301995 0.190546 51.4398 
0.0301995 0.229087 51.0351 
0.0301995 0.275423 50.4581 
0.0301995 0.331131 49.6406 
0.0301995 0.398107 48.4932 
0.0301995 0.47863 46.9054 
0.0301995 0.57544 44.7553 
0.0301995 0.691831 41.9417 
0.0301995 0.831764 38.4624 
0.0301995 1 34.5764 
0.0301995 1.20226 31.0888 
0.0301995 1.44544 29.7361 
0.0301995 1.7378 33.4237 
0.0301995 2.0893 45.632 
0.0301995 2.51189 68.193 
0.0301995 3.01995 98.49 
0.0301995 3.63078 130.446 
0.0301995 4.36516 159.618 
0.0301995 5.24807 184.417 
0.0301995 6.30957 203.543 
0.0301995 7.58578 215.897 
0.0301995 9.12011 222.014 
0.0301995 10.9648 224.076 
0.0301995 13.1826 224.434 
0.0301995 15.8489 224.41 
0.0301995 19.0546 224.381 
0.0301995 22.9087 224.374 
0.0301995 27.5423 224.373 
0.0301995 33.1131 224.373 
0.0301995 39.8107 224.373 
0.0301995 47.863 224.373 
0.0301995 57.544 224.373 
0.0301995 69.1831 224.373 
0.0301995 83.1764 224.373 
0.0363078 0.01 52.3617 
0.0363078 0.0120226 52.3604 
0.0363078 0.0144544 52.3584 
0.0363078 0.017378 52.3555 
0.0363078 0.020893 52.3513 
0.0363078 0.0251189 52.3453 
0.0363078 0.0301995 52.3366 
0.0363078 0.0363078 52.324 
0.0363078 0.0436516 52.3058 
0.0363078 0.0524807 52.2795 
0.0363078 0.0630957 52.2416 
0.0363078 0.0758578 52.1868 
0.0363078 0.0912011 52.1077 
0.0363078 0.109648 51.9938 
0.0363078 0.131826 51.8296 
0.0363078 0.158489 51.5936 
0.0363078 0.190546 51.2551 
0.0363078 0.229087 50.7712 
0.0363078 0.275423 50.0829 
0.0363078 0.331131 49.1115 
0.0363078 0.398107 47.7557 
0.0363078 0.47863 45.8957 
0.0363078 0.57544 43.4114 
0.0363078 0.691831 40.2337 
0.0363078 0.831764 36.4613 
0.0363078 1 32.5883 
0.0363078 1.20226 29.8738 
0.0363078 1.44544 30.7584 
0.0363078 1.7378 38.8626 
0.0363078 2.0893 57.5948 
0.0363078 2.51189 86.9529 
0.0363078 3.01995 121.795 
0.0363078 3.63078 156.294 
0.0363078 4.36516 188.307 
0.0363078 5.24807 216.65 
0.0363078 6.30957 238.937 
0.0363078 7.58578 253.364 
0.0363078 9.12011 260.484 
0.0363078 10.9648 262.871 
0.0363078 13.1826 263.275 
0.0363078 15.8489 263.238 
0.0363078 19.0546 263.201 
0.0363078 22.9087 263.192 
0.0363078 27.5423 263.191 
0.0363078 33.1131 263.191 
0.0363078 39.8107 263.191 
0.0363078 47.863 263.191 
0.0363078 57.544 263.191 
0.0363078 69.1831 263.191 
0.0363078 83.1764 263.191 
0.0436516 0.01 52.3611 
0.0436516 0.0120226 52.3594 
0.0436516 0.0144544 52.357 
0.0436516 0.017378 52.3536 
0.0436516 0.020893 52.3486 
0.0436516 0.0251189 52.3413 
0.0436516 0.0301995 52.3308 
0.0436516 0.0363078 52.3157 
0.0436516 0.0436516 52.2939 
0.0436516 0.0524807 52.2623 
0.0436516 0.0630957 52.2167 
0.0436516 0.0758578 52.1509 
0.0436516 0.0912011 52.0559 
0.0436516 0.109648 51.9191 
0.0436516 0.131826 51.7222 
0.0436516 0.158489 51.4393 
0.0436516 0.190546 51.0341 
0.0436516 0.229087 50.4561 
0.0436516 0.275423 49.6366 
0.0436516 0.331131 48.4851 
0.0436516 0.398107 46.8892 
0.0436516 0.47863 44.7236 
0.0436516 0.57544 41.8816 
0.0436516 0.691831 38.3549 
0.0436516 0.831764 34.4026 
0.0436516 1 30.8622 
0.0436516 1.20226 29.601 
0.0436516 1.44544 33.8724 
0.0436516 1.7378 47.7931 
0.0436516 2.0893 73.7973 
0.0436516 2.51189 109.097 
0.0436516 3.01995 147.194 
0.0436516 3.63078 184.661 
0.0436516 4.36516 220.975 
0.0436516 5.24807 253.862 
0.0436516 6.30957 279.67 
0.0436516 7.58578 296.219 
0.0436516 9.12011 304.304 
0.0436516 10.9648 306.976 
0.0436516 13.1826 307.406 
0.0436516 15.8489 307.351 
0.0436516 19.0546 307.305 
0.0436516 22.9087 307.294 
0.0436516 27.5423 307.292 
0.0436516 33.1131 307.292 
0.0436516 39.8107 307.292 
0.0436516 47.863 307.292 
0.0436516 57.544 307.292 
0.0436516 69.1831 307.292 
0.0436516 83.1764 307.292 
0.0524807 0.01 52.3604 
0.0524807 0.0120226 52.3584 
0.0524807 0.0144544 52.3555 
0.0524807 0.017378 52.3513 
0.0524807 0.020893 52.3453 
0.0524807 0.0251189 52.3366 
0.0524807 0.0301995 52.324 
0.0524807 0.0363078 52.3058 
0.0524807 0.0436516 52.2795 
0.0524807 0.0524807 52.2416 
0.0524807 0.0630957 52.1868 
0.0524807 0.0758578 52.1077 
0.0524807 0.0912011 51.9937 
0.0524807 0.109648 51.8295 
0.0524807 0.131826 51.5934 
0.0524807 0.158489 51.2545 
0.0524807 0.190546 50.77 
0.0524807 0.229087 50.0806 
0.0524807 0.275423 49.1067 
0.0524807 0.331131 47.7461 
0.0524807 0.398107 45.8767 
0.0524807 0.47863 43.3747 
0.0524807 0.57544 40.1659 
0.0524807 0.691831 36.345 
0.0524807 0.831764 32.4154 
0.0524807 1 29.6965 
0.0524807 1.20226 30.8224 
0.0524807 1.44544 39.8516 
0.0524807 1.7378 60.8133 
0.0524807 2.0893 93.947 
0.0524807 2.51189 133.695 
0.0524807 3.01995 174.763 
0.0524807 3.63078 216.701 
0.0524807 4.36516 258.623 
0.0524807 5.24807 296.505 
0.0524807 6.30957 325.85 
0.0524807 7.58578 344.449 
0.0524807 9.12011 353.45 
0.0524807 10.9648 356.389 
0.0524807 13.1826 356.841 
0.0524807 15.8489 356.77 
0.0524807 19.0546 356.715 
0.0524807 22.9087 356.702 
0.0524807 27.5423 356.7 
0.0524807 33.1131 356.7 
0.0524807 39.8107 356.7 
0.0524807 47.863 356.7 
0.0524807 57.544 356.7 
0.0524807 69.1831 356.7 
0.0524807 83.1764 356.7 
0.0630957 0.01 52.3594 
0.0630957 0.0120226 52.357 
0.0630957 0.0144544 52.3536 
0.0630957 0.017378 52.3486 
0.0630957 0.020893 52.3413 
0.0630957 0.0251189 52.3308 
0.0630957 0.0301995 52.3157 
0.0630957 0.0363078 52.2939 
0.0630957 0.0436516 52.2623 
0.0630957 0.0524807 52.2167 
0.0630957 0.0630957 52.1509 
0.0630957 0.0758578 52.0559 
0.0630957 0.0912011 51.919 
0.0630957 0.109648 51.722 
0.0630957 0.131826 51.439 
0.0630957 0.158489 51.0335 
0.0630957 0.190546 50.4548 
0.0630957 0.229087 49.6338 
0.0630957 0.275423 48.4795 
0.0630957 0.331131 46.8779 
0.0630957 0.398107 44.7015 
0.0630957 0.47863 41.8397 
0.0630957 0.57544 38.2798 
0.0630957 0.691831 34.281 
0.0630957 0.831764 30.7043 
0.0630957 1 29.5143 
0.0630957 1.20226 34.229 
0.0630957 1.44544 49.458 
0.0630957 1.7378 78.096 
0.0630957 2.0893 117.207 
0.0630957 2.51189 160.28 
0.0630957 3.01995 205.444 
0.0630957 3.63078 253.494 
0.0630957 4.36516 301.651 
0.0630957 5.24807 344.492 
0.0630957 6.30957 377.213 
0.0630957 7.58578 397.776 
0.0630957 9.12011 407.689 
0.0630957 10.9648 410.923 
0.0630957 13.1826 411.423 
0.0630957 15.8489 411.347 
0.0630957 19.0546 411.288 
0.0630957 22.9087 411.274 
0.0630957 27.5423 411.272 
0.0630957 33.1131 411.272 
0.0630957 39.8107 411.272 
0.0630957 47.863 411.272 
0.0630957 57.544 411.272 
0.0630957 69.1831 411.272 
0.0630957 83.1764 411.272 
0.0758578 0.01 52.3584 
0.0758578 0.0120226 52.3555 
0.0758578 0.0144544 52.3513 
0.0758578 0.017378 52.3453 
0.0758578 0.020893 52.3366 
0.0758578 0.0251189 52.324 
0.0758578 0.0301995 52.3058 
0.0758578 0.0363078 52.2795 
0.0758578 0.0436516 52.2416 
0.0758578 0.0524807 52.1868 
0.0758578 0.0630957 52.1077 
0.0758578 0.0758578 51.9937 
0.0758578 0.0912011 51.8294 
0.0758578 0.109648 51.5932 
0.0758578 0.131826 51.2542 
0.0758578 0.158489 50.7693 
0.0758578 0.190546 50.079 
0.0758578 0.229087 49.1034 
0.0758578 0.275423 47.7394 
0.0758578 0.331131 45.8635 
0.0758578 0.398107 43.3492 
0.0758578 0.47863 40.1187 
0.0758578 0.57544 36.2637 
0.0758578 0.691831 32.2947 
0.0758578 0.831764 29.5746 
0.0758578 1 30.8811 
0.0758578 1.20226 40.6032 
0.0758578 1.44544 63.2418 
0.0758578 1.7378 99.2026 
0.0758578 2.0893 142.695 
0.0758578 2.51189 189.324 
0.0758578 3.01995 240.414 
0.0758578 3.63078 295.543 
0.0758578 4.36516 349.903 
0.0758578 5.24807 397.404 
0.0758578 6.30957 433.278 
0.0758578 7.58578 455.729 
0.0758578 9.12011 466.588 
0.0758578 10.9648 470.188 
0.0758578 13.1826 470.791 
0.0758578 15.8489 470.735 
0.0758578 19.0546 470.679 
0.0758578 22.9087 470.665 
0.0758578 27.5423 470.663 
0.0758578 33.1131 470.663 
0.0758578 39.8107 470.663 
0.0758578 47.863 470.663 
0.0758578 57.544 470.663 
0.0758578 69.1831 470.663 
0.0758578 83.1764 470.663 
0.0912011 0.01 52.357 
0.0912011 0.0120226 52.3536 
0.0912011 0.0144544 52.3486 
0.0912011 0.017378 52.3413 
0.0912011 0.020893 52.3308 
0.0912011 0.0251189 52.3157 
0.0912011 0.0301995 52.2939 
0.0912011 0.0363078 52.2623 
0.0912011 0.0436516 52.2167 
0.0912011 0.0524807 52.1508 
0.0912011 0.0630957 52.0559 
0.0912011 0.0758578 51.919 
0.0912011 0.0912011 51.7219 
0.0912011 0.109648 51.4388 
0.0912011 0.131826 51.033 
0.0912011 0.158489 50.4538 
0.0912011 0.190546 49.6319 
0.0912011 0.229087 48.4756 
0.0912011 0.275423 46.8701 
0.0912011 0.331131 44.6862 
0.0912011 0.398107 41.8106 
0.0912011 0.47863 38.2275 
0.0912011 0.57544 34.1962 
0.0912011 0.691831 30.5946 
0.0912011 0.831764 29.458 
0.0912011 1 34.4995 
0.0912011 1.20226 50.6976 
0.0912011 1.44544 81.2852 
0.0912011 1.7378 123.216 
0.0912011 2.0893 170.197 
0.0912011 2.51189 221.944 
0.0912011 3.01995 280.415 
0.0912011 3.63078 342.756 
0.0912011 4.36516 402.902 
0.0912011 5.24807 454.63 
0.0912011 6.30957 493.348 
0.0912011 7.58578 517.544 
0.0912011 9.12011 529.36 
0.0912011 10.9648 533.408 
0.0912011 13.1826 534.181 
0.0912011 15.8489 534.177 
0.0912011 19.0546 534.135 
0.0912011 22.9087 534.123 
0.0912011 27.5423 534.122 
0.0912011 33.1131 534.122 
0.0912011 39.8107 534.122 
0.0912011 47.863 534.122 
0.0912011 57.544 534.122 
0.0912011 69.1831 534.122 
0.0912011 83.1764 534.122 
0.109648 0.01 52.3555 
0.109648 0.0120226 52.3513 
0.109648 0.0144544 52.3453 
0.109648 0.017378 52.3366 
0.109648 0.020893 52.324 
0.109648 0.0251189 52.3058 
0.109648 0.0301995 52.2795 
0.109648 0.0363078 52.2416 
0.109648 0.0436516 52.1868 
0.109648 0.0524807 52.1077 
0.109648 0.0630957 51.9936 
0.109648 0.0758578 51.8294 
0.109648 0.0912011 51.5931 
0.109648 0.109648 51.2539 
0.109648 0.131826 50.7687 
0.109648 0.158489 50.0779 
0.109648 0.190546 49.1011 
0.109648 0.229087 47.7348 
0.109648 0.275423 45.8544 
0.109648 0.331131 43.3315 
0.109648 0.398107 40.0858 
0.109648 0.47863 36.2072 
0.109648 0.57544 32.2107 
0.109648 0.691831 29.4907 
0.109648 0.831764 30.9291 
0.109648 1 41.1574 
0.109648 1.20226 65.0244 
0.109648 1.44544 103.048 
0.109648 1.7378 149.333 
0.109648 2.0893 200.43 
0.109648 2.51189 259.161 
0.109648 3.01995 325.551 
0.109648 3.63078 394.672 
0.109648 4.36516 459.99 
0.109648 5.24807 515.333 
0.109648 6.30957 556.367 
0.109648 7.58578 581.98 
0.109648 9.12011 594.653 
0.109648 10.9648 599.181 
0.109648 13.1826 600.18 
0.109648 15.8489 600.26 
0.109648 19.0546 600.24 
0.109648 22.9087 600.233 
0.109648 27.5423 600.233 
0.109648 33.1131 600.233 
0.109648 39.8107 600.233 
0.109648 47.863 600.233 
0.109648 57.544 600.233 
0.109648 69.1831 600.233 
0.109648 83.1764 600.233 
0.131826 0.01 52.3536 
0.131826 0.0120226 52.3486 
0.131826 0.0144544 52.3413 
0.131826 0.017378 52.3308 
0.131826 0.020893 52.3157 
0.131826 0.0251189 52.2939 
0.131826 0.0301995 52.2623 
0.131826 0.0363078 52.2167 
0.131826 0.0436516 52.1508 
0.131826 0.0524807 52.0559 
0.131826 0.0630957 51.919 
0.131826 0.0758578 51.7219 
0.131826 0.0912011 51.4386 
0.131826 0.109648 51.0327 
0.131826 0.131826 50.4532 
0.131826 0.158489 49.6306 
0.131826 0.190546 48.4729 
0.131826 0.229087 46.8647 
0.131826 0.275423 44.6755 
0.131826 0.331131 41.7904 
0.131826 0.398107 38.1911 
0.131826 0.47863 34.1372 
0.131826 0.57544 30.5184 
0.131826 0.691831 29.4208 
0.131826 0.831764 34.6987 
0.131826 1 51.5994 
0.131826 1.20226 83.599 
0.131826 1.44544 127.577 
0.131826 1.7378 177.535 
0.131826 2.0893 234.534 
0.131826 2.51189 301.42 
0.131826 3.01995 375.468 
0.131826 3.63078 450.657 
0.131826 4.36516 520.304 
0.131826 5.24807 578.313 
0.131826 6.30957 620.784 
0.131826 7.58578 647.209 
0.131826 9.12011 660.455 
0.131826 10.9648 665.403 
0.131826 13.1826 666.646 
0.131826 15.8489 666.828 
0.131826 19.0546 666.839 
0.131826 22.9087 666.838 
0.131826 27.5423 666.838 
0.131826 33.1131 666.838 
0.131826 39.8107 666.838 
0.131826 47.863 666.838 
0.131826 57.544 666.838 
0.131826 69.1831 666.838 
0.131826 83.1764 666.838 
0.158489 0.01 52.3513 
0.158489 0.0120226 52.3453 
0.158489 0.0144544 52.3366 
0.158489 0.017378 52.324 
0.158489 0.020893 52.3058 
0.158489 0.0251189 52.2795 
0.158489 0.0301995 52.2416 
0.158489 0.0363078 52.1868 
0.158489 0.0436516 52.1077 
0.158489 0.0524807 51.9936 
0.158489 0.0630957 51.8293 
0.158489 0.0758578 51.593 
0.158489 0.0912011 51.2537 
0.158489 0.109648 50.7683 
0.158489 0.131826 50.0771 
0.158489 0.158489 49.0996 
0.158489 0.190546 47.7317 
0.158489 0.229087 45.848 
0.158489 0.275423 43.3192 
0.158489 0.331131 40.063 
0.158489 0.398107 36.1679 
0.158489 0.47863 32.1524 
0.158489 0.57544 29.4329 
0.158489 0.691831 30.9659 
0.158489 0.831764 41.5581 
0.158489 1 66.3087 
0.158489 1.20226 105.813 
0.158489 1.44544 154.141 
0.158489 1.7378 208.672 
0.158489 2.0893 273.361 
0.158489 2.51189 348.584 
0.158489 3.01995 429.589 
0.158489 3.63078 509.903 
0.158489 4.36516 582.643 
0.158489 5.24807 641.915 
0.158489 6.30957 684.575 
0.158489 7.58578 710.947 
0.158489 9.12011 724.315 
0.158489 10.9648 729.517 
0.158489 13.1826 730.97 
0.158489 15.8489 731.255 
0.158489 19.0546 731.297 
0.158489 22.9087 731.302 
0.158489 27.5423 731.303 
0.158489 33.1131 731.303 
0.158489 39.8107 731.303 
0.158489 47.863 731.303 
0.158489 57.544 731.303 
0.158489 69.1831 731.303 
0.158489 83.1764 731.303 
0.190546 0.01 52.3486 
0.190546 0.0120226 52.3413 
0.190546 0.0144544 52.3308 
0.190546 0.017378 52.3157 
0.190546 0.020893 52.2938 
0.190546 0.0251189 52.2623 
0.190546 0.0301995 52.2167 
0.190546 0.0363078 52.1508 
0.190546 0.0436516 52.0558 
0.190546 0.0524807 51.9189 
0.190546 0.0630957 51.7218 
0.190546 0.0758578 51.4385 
0.190546 0.0912011 51.0325 
0.190546 0.109648 50.4527 
0.190546 0.131826 49.6296 
0.190546 0.158489 48.471 
0.190546 0.190546 46.861 
0.190546 0.229087 44.6681 
0.190546 0.275423 41.7763 
0.190546 0.331131 38.1658 
0.190546 0.398107 34.0962 
0.190546 0.47863 30.4656 
0.190546 0.57544 29.396 
0.190546 0.691831 34.8425 
0.190546 0.831764 52.2452 
0.190546 1 85.2528 
0.190546 1.20226 130.695 
0.190546 1.44544 182.861 
0.190546 1.7378 243.856 
0.190546 2.0893 317.144 
0.190546 2.51189 400.181 
0.190546 3.01995 487.199 
0.190546 3.63078 571.312 
0.190546 4.36516 645.398 
0.190546 5.24807 704.127 
0.190546 6.30957 745.507 
0.190546 7.58578 770.858 
0.190546 9.12011 783.822 
0.190546 10.9648 789.05 
0.190546 13.1826 790.637 
0.190546 15.8489 791.003 
0.190546 19.0546 791.072 
0.190546 22.9087 791.084 
0.190546 27.5423 791.085 
0.190546 33.1131 791.085 
0.190546 39.8107 791.085 
0.190546 47.863 791.085 
0.190546 57.544 791.085 
0.190546 69.1831 791.085 
0.190546 83.1764 791.085 
0.229087 0.01 52.3453 
0.229087 0.0120226 52.3366 
0.229087 0.0144544 52.324 
0.229087 0.017378 52.3058 
0.229087 0.020893 52.2795 
0.229087 0.0251189 52.2416 
0.229087 0.0301995 52.1868 
0.229087 0.0363078 52.1077 
0.229087 0.0436516 51.9936 
0.229087 0.0524807 51.8293 
0.229087 0.0630957 51.5929 
0.229087 0.0758578 51.2536 
0.229087 0.0912011 50.7681 
0.229087 0.109648 50.0766 
0.229087 0.131826 49.0985 
0.229087 0.158489 47.7294 
0.229087 0.190546 45.8436 
0.229087 0.229087 43.3107 
0.229087 0.275423 40.0472 
0.229087 0.331131 36.1406 
0.229087 0.398107 32.1119 
0.229087 0.47863 29.3931 
0.229087 0.57544 30.9932 
0.229087 0.691831 41.8437 
0.229087 0.831764 67.2223 
0.229087 1 107.778 
0.229087 1.20226 157.577 
0.229087 1.44544 214.661 
0.229087 1.7378 283.798 
0.229087 2.0893 365.615 
0.229087 2.51189 455.59 
0.229087 3.01995 547.361 
0.229087 3.63078 633.406 
0.229087 4.36516 706.649 
0.229087 5.24807 762.876 
0.229087 6.30957 801.576 
0.229087 7.58578 825.049 
0.229087 9.12011 837.135 
0.229087 10.9648 842.156 
0.229087 13.1826 843.779 
0.229087 15.8489 844.195 
0.229087 19.0546 844.284 
0.229087 22.9087 844.3 
0.229087 27.5423 844.301 
0.229087 33.1131 844.302 
0.229087 39.8107 844.302 
0.229087 47.863 844.302 
0.229087 57.544 844.302 
0.229087 69.1831 844.302 
0.229087 83.1764 844.302 
0.275423 0.01 52.3413 
0.275423 0.0120226 52.3308 
0.275423 0.0144544 52.3157 
0.275423 0.017378 52.2938 
0.275423 0.020893 52.2623 
0.275423 0.0251189 52.2167 
0.275423 0.0301995 52.1508 
0.275423 0.0363078 52.0558 
0.275423 0.0436516 51.9189 
0.275423 0.0524807 51.7218 
0.275423 0.0630957 51.4385 
0.275423 0.0758578 51.0323 
0.275423 0.0912011 50.4524 
0.275423 0.109648 49.629 
0.275423 0.131826 48.4697 
0.275423 0.158489 46.8584 
0.275423 0.190546 44.663 
0.275423 0.229087 41.7666 
0.275423 0.275423 38.1483 
0.275423 0.331131 34.0678 
0.275423 0.398107 30.4291 
0.275423 0.47863 29.3793 
0.275423 0.57544 34.9448 
0.275423 0.691831 52.7028 
0.275423 0.831764 86.4228 
0.275423 1 132.903 
0.275423 1.20226 186.674 
0.275423 1.44544 250.611 
0.275423 1.7378 328.598 
0.275423 2.0893 418.253 
0.275423 2.51189 514.038 
0.275423 3.01995 608.79 
0.275423 3.63078 694.387 
0.275423 4.36516 764.439 
0.275423 5.24807 816.419 
0.275423 6.30957 851.389 
0.275423 7.58578 872.4 
0.275423 9.12011 883.273 
0.275423 10.9648 887.899 
0.275423 13.1826 889.468 
0.275423 15.8489 889.898 
0.275423 19.0546 889.996 
0.275423 22.9087 890.014 
0.275423 27.5423 890.016 
0.275423 33.1131 890.016 
0.275423 39.8107 890.016 
0.275423 47.863 890.016 
0.275423 57.544 890.016 
0.275423 69.1831 890.016 
0.275423 83.1764 890.016 
0.331131 0.01 52.3366 
0.331131 0.0120226 52.324 
0.331131 0.0144544 52.3058 
0.331131 0.017378 52.2795 
0.331131 0.020893 52.2416 
0.331131 0.0251189 52.1868 
0.331131 0.0301995 52.1077 
0.331131 0.0363078 51.9936 
0.331131 0.0436516 51.8293 
0.331131 0.0524807 51.5929 
0.331131 0.0630957 51.2535 
0.331131 0.0758578 50.7679 
0.331131 0.0912011 50.0762 
0.331131 0.109648 49.0977 
0.331131 0.131826 47.7279 
0.331131 0.158489 45.8406 
0.331131 0.190546 43.3048 
0.331131 0.229087 40.0363 
0.331131 0.275423 36.1217 
0.331131 0.331131 32.0838 
0.331131 0.398107 29.3656 
0.331131 0.47863 31.013 
0.331131 0.57544 42.0455 
0.331131 0.691831 67.8666 
0.331131 0.831764 109.161 
0.331131 1 160.01 
0.331131 1.20226 218.949 
0.331131 1.44544 291.319 
0.331131 1.7378 377.914 
0.331131 2.0893 474.415 
0.331131 2.51189 574.475 
0.331131 3.01995 669.852 
0.331131 3.63078 752.366 
0.331131 4.36516 817.133 
0.331131 5.24807 863.654 
0.331131 6.30957 894.327 
0.331131 7.58578 912.601 
0.331131 9.12011 922.09 
0.331131 10.9648 926.199 
0.331131 13.1826 927.643 
0.331131 15.8489 928.058 
0.331131 19.0546 928.156 
0.331131 22.9087 928.175 
0.331131 27.5423 928.177 
0.331131 33.1131 928.177 
0.331131 39.8107 928.177 
0.331131 47.863 928.177 
0.331131 57.544 928.177 
0.331131 69.1831 928.177 
0.331131 83.1764 928.177 
0.398107 0.01 52.3308 
0.398107 0.0120226 52.3157 
0.398107 0.0144544 52.2938 
0.398107 0.017378 52.2623 
0.398107 0.020893 52.2167 
0.398107 0.0251189 52.1508 
0.398107 0.0301995 52.0558 
0.398107 0.0363078 51.9189 
0.398107 0.0436516 51.7218 
0.398107 0.0524807 51.4384 
0.398107 0.0630957 51.0322 
0.398107 0.0758578 50.4522 
0.398107 0.0912011 49.6286 
0.398107 0.109648 48.4688 
0.398107 0.131826 46.8566 
0.398107 0.158489 44.6595 
0.398107 0.190546 41.7599 
0.398107 0.229087 38.1362 
0.398107 0.275423 34.0481 
0.398107 0.331131 30.4038 
0.398107 0.398107 29.3679 
0.398107 0.47863 35.0171 
0.398107 0.57544 53.0246 
0.398107 0.691831 87.2449 
0.398107 0.831764 134.455 
0.398107 1 189.375 
0.398107 1.20226 255.435 
0.398107 1.44544 336.798 
0.398107 1.7378 431.206 
0.398107 2.0893 533.278 
0.398107 2.51189 635.49 
0.398107 3.01995 728.721 
0.398107 3.63078 805.68 
0.398107 4.36516 863.691 
0.398107 5.24807 904.192 
0.398107 6.30957 930.449 
0.398107 7.58578 945.972 
0.398107 9.12011 954.044 
0.398107 10.9648 957.584 
0.398107 13.1826 958.859 
0.398107 15.8489 959.238 
0.398107 19.0546 959.33 
0.398107 22.9087 959.347 
0.398107 27.5423 959.349 
0.398107 33.1131 959.349 
0.398107 39.8107 959.349 
0.398107 47.863 959.349 
0.398107 57.544 959.349 
0.398107 69.1831 959.349 
0.398107 83.1764 959.349 
0.47863 0.01 52.324 
0.47863 0.0120226 52.3058 
0.47863 0.0144544 52.2795 
0.47863 0.017378 52.2416 
0.47863 0.020893 52.1867 
0.47863 0.0251189 52.1077 
0.47863 0.0301995 51.9936 
0.47863 0.0363078 51.8293 
0.47863 0.0436516 51.5928 
0.47863 0.0524807 51.2535 
0.47863 0.0630957 50.7678 
0.47863 0.0758578 50.0759 
0.47863 0.0912011 49.0972 
0.47863 0.109648 47.7269 
0.47863 0.131826 45.8385 
0.47863 0.158489 43.3007 
0.47863 0.190546 40.0287 
0.47863 0.229087 36.1086 
0.47863 0.275423 32.0644 
0.47863 0.331131 29.3465 
0.47863 0.398107 31.0271 
0.47863 0.47863 42.1871 
0.47863 0.57544 68.3183 
0.47863 0.691831 110.131 
0.47863 0.831764 161.72 
0.47863 1 221.987 
0.47863 1.20226 296.666 
0.47863 1.44544 386.666 
0.47863 1.7378 487.815 
0.47863 2.0893 593.707 
0.47863 2.51189 695.381 
0.47863 3.01995 783.658 
0.47863 3.63078 853.185 
0.47863 4.36516 903.745 
0.47863 5.24807 938.233 
0.47863 6.30957 960.276 
0.47863 7.58578 973.21 
0.47863 9.12011 979.932 
0.47863 10.9648 982.905 
0.47863 13.1826 983.994 
0.47863 15.8489 984.325 
0.47863 19.0546 984.407 
0.47863 22.9087 984.422 
0.47863 27.5423 984.424 
0.47863 33.1131 984.424 
0.47863 39.8107 984.424 
0.47863 47.863 984.424 
0.47863 57.544 984.424 
0.47863 69.1831 984.424 
0.47863 83.1764 984.424 
0.57544 0.01 52.3157 
0.57544 0.0120226 52.2938 
0.57544 0.0144544 52.2623 
0.57544 0.017378 52.2167 
0.57544 0.020893 52.1508 
0.57544 0.0251189 52.0558 
0.57544 0.0301995 51.9189 
0.57544 0.0363078 51.7217 
0.57544 0.0436516 51.4384 
0.57544 0.0524807 51.0322 
0.57544 0.0630957 50.4521 
0.57544 0.0758578 49.6283 
0.57544 0.0912011 48.4682 
0.57544 0.109648 46.8553 
0.57544 0.131826 44.657 
0.57544 0.158489 41.7552 
0.57544 0.190546 38.1278 
0.57544 0.229087 34.0344 
0.57544 0.275423 30.3862 
0.57544 0.331131 29.3602 
0.57544 0.398107 35.0678 
0.57544 0.47863 53.2498 
0.57544 0.57544 87.8197 
0.57544 0.691831 135.541 
0.57544 0.831764 191.276 
0.57544 1 258.845 
0.57544 1.20226 342.6 
0.57544 1.44544 440.375 
0.57544 1.7378 546.878 
0.57544 2.0893 654.213 
0.57544 2.51189 752.364 
0.57544 3.01995 833.311 
0.57544 3.63078 894.373 
0.57544 4.36516 937.485 
0.57544 5.24807 966.344 
0.57544 6.30957 984.561 
0.57544 7.58578 995.17 
0.57544 9.12011 1000.67 
0.57544 10.9648 1003.12 
0.57544 13.1826 1004.02 
0.57544 15.8489 1004.3 
0.57544 19.0546 1004.37 
0.57544 22.9087 1004.39 
0.57544 27.5423 1004.39 
0.57544 33.1131 1004.39 
0.57544 39.8107 1004.39 
0.57544 47.863 1004.39 
0.57544 57.544 1004.39 
0.57544 69.1831 1004.39 
0.57544 83.1764 1004.39 
0.691831 0.01 52.3058 
0.691831 0.0120226 52.2795 
0.691831 0.0144544 52.2416 
0.691831 0.017378 52.1867 
0.691831 0.020893 52.1077 
0.691831 0.0251189 51.9936 
0.691831 0.0301995 51.8293 
0.691831 0.0363078 51.5928 
0.691831 0.0436516 51.2534 
0.691831 0.0524807 50.7677 
0.691831 0.0630957 50.0758 
0.691831 0.0758578 49.0968 
0.691831 0.0912011 47.7261 
0.691831 0.109648 45.837 
0.691831 0.131826 43.2979 
0.691831 0.158489 40.0234 
0.691831 0.190546 36.0995 
0.691831 0.229087 32.0509 
0.691831 0.275423 29.3334 
0.691831 0.331131 31.0371 
0.691831 0.398107 42.286 
0.691831 0.47863 68.6337 
0.691831 0.57544 110.807 
0.691831 0.691831 162.916 
0.691831 0.831764 224.123 
0.691831 1 300.434 
0.691831 1.20226 392.834 
0.691831 1.44544 497.255 
0.691831 1.7378 607.199 
0.691831 2.0893 713.069 
0.691831 2.51189 804.865 
0.691831 3.01995 876.911 
0.691831 3.63078 929.312 
0.691831 4.36516 965.453 
0.691831 5.24807 989.268 
0.691831 6.30957 1004.13 
0.691831 7.58578 1012.73 
0.691831 9.12011 1017.17 
0.691831 10.9648 1019.15 
0.691831 13.1826 1019.89 
0.691831 15.8489 1020.11 
0.691831 19.0546 1020.17 
0.691831 22.9087 1020.18 
0.691831 27.5423 1020.18 
0.691831 33.1131 1020.19 
0.691831 39.8107 1020.19 
0.691831 47.863 1020.19 
0.691831 57.544 1020.19 
0.691831 69.1831 1020.19 
0.691831 83.1764 1020.19 
0.831764 0.01 52.2938 
0.831764 0.0120226 52.2623 
0.831764 0.0144544 52.2167 
0.831764 0.017378 52.1508 
0.831764 0.020893 52.0558 
0.831764 0.0251189 51.9189 
0.831764 0.0301995 51.7217 
0.831764 0.0363078 51.4384 
0.831764 0.0436516 51.0321 
0.831764 0.0524807 50.452 
0.831764 0.0630957 49.628 
0.831764 0.0758578 48.4678 
0.831764 0.0912011 46.8545 
0.831764 0.109648 44.6553 
0.831764 0.131826 41.752 
0.831764 0.158489 38.122 
0.831764 0.190546 34.025 
0.831764 0.229087 30.3741 
0.831764 0.275423 29.3549 
0.831764 0.331131 35.1032 
0.831764 0.398107 53.4068 
0.831764 0.47863 88.2202 
0.831764 0.57544 136.298 
0.831764 0.691831 192.606 
0.831764 0.831764 261.239 
0.831764 1 346.676 
0.831764 1.20226 446.814 
0.831764 1.44544 556.413 
0.831764 1.7378 667.241 
0.831764 2.0893 768.555 
0.831764 2.51189 851.78 
0.831764 3.01995 914.292 
0.831764 3.63078 958.458 
0.831764 4.36516 988.354 
0.831764 5.24807 1007.79 
0.831764 6.30957 1019.79 
0.831764 7.58578 1026.68 
0.831764 9.12011 1030.23 
0.831764 10.9648 1031.81 
0.831764 13.1826 1032.4 
0.831764 15.8489 1032.59 
0.831764 19.0546 1032.64 
0.831764 22.9087 1032.64 
0.831764 27.5423 1032.65 
0.831764 33.1131 1032.65 
0.831764 39.8107 1032.65 
0.831764 47.863 1032.65 
0.831764 57.544 1032.65 
0.831764 69.1831 1032.65 
0.831764 83.1764 1032.65 
