0.0001 0.01 52.3648 
0.0001 0.0120226 52.3648 
0.0001 0.0144544 52.3648 
0.0001 0.017378 52.3648 
0.0001 0.020893 52.3648 
0.0001 0.0251189 52.3648 
0.0001 0.0301995 52.3647 
0.0001 0.0363078 52.3647 
0.0001 0.0436516 52.3646 
0.0001 0.0524807 52.3645 
0.0001 0.0630957 52.3644 
0.0001 0.0758578 52.3642 
0.0001 0.0912011 52.3639 
0.0001 0.109648 52.3635 
0.0001 0.131826 52.3629 
0.0001 0.158489 52.362 
0.0001 0.190546 52.3607 
0.0001 0.229087 52.3589 
0.0001 0.275423 52.3562 
0.0001 0.331131 52.3524 
0.0001 0.398107 52.3469 
0.0001 0.47863 52.339 
0.0001 0.57544 52.3277 
0.0001 0.691831 52.3115 
0.0001 0.831764 52.2884 
0.0001 1 52.2559 
0.0001 1.20226 52.2103 
0.0001 1.44544 52.1476 
0.0001 1.7378 52.0628 
0.0001 2.0893 51.9515 
0.0001 2.51189 51.8111 
0.0001 3.01995 51.6433 
0.0001 3.63078 51.457 
0.0001 4.36516 51.2691 
0.0001 5.24807 51.1016 
0.0001 6.30957 50.9737 
0.0001 7.58578 50.8928 
0.0001 9.12011 50.8521 
0.0001 10.9648 50.8366 
0.0001 13.1826 50.8324 
0.0001 15.8489 50.8316 
0.0001 19.0546 50.8315 
0.0001 22.9087 50.8314 
0.0001 27.5423 50.8314 
0.0001 33.1131 50.8314 
0.0001 39.8107 50.8314 
0.0001 47.863 50.8314 
0.0001 57.544 50.8314 
0.0001 69.1831 50.8314 
0.0001 83.1764 50.8314 
0.000120226 0.01 52.3648 
0.000120226 0.0120226 52.3648 
0.000120226 0.0144544 52.3648 
0.000120226 0.017378 52.3648 
0.000120226 0.020893 52.3648 
0.000120226 0.0251189 52.3647 
0.000120226 0.0301995 52.3647 
0.000120226 0.0363078 52.3647 
0.000120226 0.0436516 52.3646 
0.000120226 0.0524807 52.3645 
0.000120226 0.0630957 52.3643 
0.000120226 0.0758578 52.364 
0.000120226 0.0912011 52.3637 
0.000120226 0.109648 52.3632 
0.000120226 0.131826 52.3625 
0.000120226 0.158489 52.3614 
0.000120226 0.190546 52.3599 
0.000120226 0.229087 52.3577 
0.000120226 0.275423 52.3545 
0.000120226 0.331131 52.3499 
0.000120226 0.398107 52.3433 
0.000120226 0.47863 52.3338 
0.000120226 0.57544 52.3202 
0.000120226 0.691831 52.3007 
0.000120226 0.831764 52.273 
0.000120226 1 52.2339 
0.000120226 1.20226 52.1791 
0.000120226 1.44544 52.1038 
0.000120226 1.7378 52.0019 
0.000120226 2.0893 51.8684 
0.000120226 2.51189 51.6999 
0.000120226 3.01995 51.4989 
0.000120226 3.63078 51.2759 
0.000120226 4.36516 51.0513 
0.000120226 5.24807 50.8513 
0.000120226 6.30957 50.6988 
0.000120226 7.58578 50.6024 
0.000120226 9.12011 50.554 
0.000120226 10.9648 50.5356 
0.000120226 13.1826 50.5305 
0.000120226 15.8489 50.5296 
0.000120226 19.0546 50.5294 
0.000120226 22.9087 50.5294 
0.000120226 27.5423 50.5294 
0.000120226 33.1131 50.5294 
0.000120226 39.8107 50.5294 
0.000120226 47.863 50.5294 
0.000120226 57.544 50.5294 
0.000120226 69.1831 50.5294 
0.000120226 83.1764 50.5294 
0.000144544 0.01 52.3648 
0.000144544 0.0120226 52.3648 
0.000144544 0.0144544 52.3648 
0.000144544 0.017378 52.3648 
0.000144544 0.020893 52.3648 
0.000144544 0.0251189 52.3647 
0.000144544 0.0301995 52.3647 
0.000144544 0.0363078 52.3646 
0.000144544 0.0436516 52.3645 
0.000144544 0.0524807 52.3644 
0.000144544 0.0630957 52.3642 
0.000144544 0.0758578 52.3639 
0.000144544 0.0912011 52.3635 
0.000144544 0.109648 52.3629 
0.000144544 0.131826 52.362 
0.000144544 0.158489 52.3607 
0.000144544 0.190546 52.3589 
0.000144544 0.229087 52.3562 
0.000144544 0.275423 52.3524 
0.000144544 0.331131 52.3469 
0.000144544 0.398107 52.3389 
0.000144544 0.47863 52.3275 
0.000144544 0.57544 52.3111 
0.000144544 0.691831 52.2877 
0.000144544 0.831764 52.2544 
0.000144544 1 52.2074 
0.000144544 1.20226 52.1417 
0.000144544 1.44544 52.0511 
0.000144544 1.7378 51.9289 
0.000144544 2.0893 51.7686 
0.000144544 2.51189 51.5667 
0.000144544 3.01995 51.326 
0.000144544 3.63078 51.0592 
0.000144544 4.36516 50.791 
0.000144544 5.24807 50.5527 
0.000144544 6.30957 50.3712 
0.000144544 7.58578 50.2566 
0.000144544 9.12011 50.1991 
0.000144544 10.9648 50.1772 
0.000144544 13.1826 50.1712 
0.000144544 15.8489 50.17 
0.000144544 19.0546 50.1699 
0.000144544 22.9087 50.1698 
0.000144544 27.5423 50.1698 
0.000144544 33.1131 50.1698 
0.000144544 39.8107 50.1698 
0.000144544 47.863 50.1698 
0.000144544 57.544 50.1698 
0.000144544 69.1831 50.1698 
0.000144544 83.1764 50.1698 
0.00017378 0.01 52.3648 
0.00017378 0.0120226 52.3648 
0.00017378 0.0144544 52.3648 
0.00017378 0.017378 52.3648 
0.00017378 0.020893 52.3647 
0.00017378 0.0251189 52.3647 
0.00017378 0.0301995 52.3647 
0.00017378 0.0363078 52.3646 
0.00017378 0.0436516 52.3645 
0.00017378 0.0524807 52.3643 
0.00017378 0.0630957 52.364 
0.00017378 0.0758578 52.3637 
0.00017378 0.0912011 52.3632 
0.00017378 0.109648 52.3625 
0.00017378 0.131826 52.3614 
0.00017378 0.158489 52.3599 
0.00017378 0.190546 52.3577 
0.00017378 0.229087 52.3545 
0.00017378 0.275423 52.3499 
0.00017378 0.331131 52.3432 
0.00017378 0.398107 52.3337 
0.00017378 0.47863 52.32 
0.00017378 0.57544 52.3003 
0.00017378 0.691831 52.2721 
0.00017378 0.831764 52.2321 
0.00017378 1 52.1756 
0.00017378 1.20226 52.0967 
0.00017378 1.44544 51.988 
0.00017378 1.7378 51.8413 
0.00017378 2.0893 51.6491 
0.00017378 2.51189 51.4072 
0.00017378 3.01995 51.1191 
0.00017378 3.63078 50.8004 
0.00017378 4.36516 50.4806 
0.00017378 5.24807 50.197 
0.00017378 6.30957 49.9814 
0.00017378 7.58578 49.8456 
0.00017378 9.12011 49.7775 
0.00017378 10.9648 49.7515 
0.00017378 13.1826 49.7444 
0.00017378 15.8489 49.743 
0.00017378 19.0546 49.7428 
0.00017378 22.9087 49.7427 
0.00017378 27.5423 49.7427 
0.00017378 33.1131 49.7427 
0.00017378 39.8107 49.7427 
0.00017378 47.863 49.7427 
0.00017378 57.544 49.7427 
0.00017378 69.1831 49.7427 
0.00017378 83.1764 49.7427 
0.00020893 0.01 52.3648 
0.00020893 0.0120226 52.3648 
0.00020893 0.0144544 52.3648 
0.00020893 0.017378 52.3648 
0.00020893 0.020893 52.3647 
0.00020893 0.0251189 52.3647 
0.00020893 0.0301995 52.3646 
0.00020893 0.0363078 52.3645 
0.00020893 0.0436516 52.3644 
0.00020893 0.0524807 52.3642 
0.00020893 0.0630957 52.3639 
0.00020893 0.0758578 52.3635 
0.00020893 0.0912011 52.3629 
0.00020893 0.109648 52.362 
0.00020893 0.131826 52.3607 
0.00020893 0.158489 52.3589 
0.00020893 0.190546 52.3562 
0.00020893 0.229087 52.3524 
0.00020893 0.275423 52.3468 
0.00020893 0.331131 52.3389 
0.00020893 0.398107 52.3274 
0.00020893 0.47863 52.3109 
0.00020893 0.57544 52.2872 
0.00020893 0.691831 52.2534 
0.00020893 0.831764 52.2053 
0.00020893 1 52.1375 
0.00020893 1.20226 52.0427 
0.00020893 1.44544 51.9121 
0.00020893 1.7378 51.7362 
0.00020893 2.0893 51.5058 
0.00020893 2.51189 51.2161 
0.00020893 3.01995 50.8717 
0.00020893 3.63078 50.4916 
0.00020893 4.36516 50.1109 
0.00020893 5.24807 49.7741 
0.00020893 6.30957 49.5188 
0.00020893 7.58578 49.3583 
0.00020893 9.12011 49.2778 
0.00020893 10.9648 49.2471 
0.00020893 13.1826 49.2387 
0.00020893 15.8489 49.237 
0.00020893 19.0546 49.2368 
0.00020893 22.9087 49.2367 
0.00020893 27.5423 49.2367 
0.00020893 33.1131 49.2367 
0.00020893 39.8107 49.2367 
0.00020893 47.863 49.2367 
0.00020893 57.544 49.2367 
0.00020893 69.1831 49.2367 
0.00020893 83.1764 49.2367 
0.000251189 0.01 52.3648 
0.000251189 0.0120226 52.3648 
0.000251189 0.0144544 52.3648 
0.000251189 0.017378 52.3647 
0.000251189 0.020893 52.3647 
0.000251189 0.0251189 52.3647 
0.000251189 0.0301995 52.3646 
0.000251189 0.0363078 52.3645 
0.000251189 0.0436516 52.3643 
0.000251189 0.0524807 52.364 
0.000251189 0.0630957 52.3637 
0.000251189 0.0758578 52.3632 
0.000251189 0.0912011 52.3625 
0.000251189 0.109648 52.3614 
0.000251189 0.131826 52.3599 
0.000251189 0.158489 52.3577 
0.000251189 0.190546 52.3545 
0.000251189 0.229087 52.3499 
0.000251189 0.275423 52.3432 
0.000251189 0.331131 52.3336 
0.000251189 0.398107 52.3198 
0.000251189 0.47863 52.3 
0.000251189 0.57544 52.2716 
0.000251189 0.691831 52.2309 
0.000251189 0.831764 52.1731 
0.000251189 1 52.0916 
0.000251189 1.20226 51.9778 
0.000251189 1.44544 51.8211 
0.000251189 1.7378 51.6101 
0.000251189 2.0893 51.3341 
0.000251189 2.51189 50.9877 
0.000251189 3.01995 50.5764 
0.000251189 3.63078 50.1236 
0.000251189 4.36516 49.6714 
0.000251189 5.24807 49.2727 
0.000251189 6.30957 48.9713 
0.000251189 7.58578 48.7822 
0.000251189 9.12011 48.6876 
0.000251189 10.9648 48.6515 
0.000251189 13.1826 48.6415 
0.000251189 15.8489 48.6395 
0.000251189 19.0546 48.6392 
0.000251189 22.9087 48.6392 
0.000251189 27.5423 48.6392 
0.000251189 33.1131 48.6392 
0.000251189 39.8107 48.6392 
0.000251189 47.863 48.6392 
0.000251189 57.544 48.6392 
0.000251189 69.1831 48.6392 
0.000251189 83.1764 48.6392 
0.000301995 0.01 52.3648 
0.000301995 0.0120226 52.3648 
0.000301995 0.0144544 52.3648 
0.000301995 0.017378 52.3647 
0.000301995 0.020893 52.3647 
0.000301995 0.0251189 52.3646 
0.000301995 0.0301995 52.3645 
0.000301995 0.0363078 52.3644 
0.000301995 0.0436516 52.3642 
0.000301995 0.0524807 52.3639 
0.000301995 0.0630957 52.3635 
0.000301995 0.0758578 52.3629 
0.000301995 0.0912011 52.362 
0.000301995 0.109648 52.3607 
0.000301995 0.131826 52.3589 
0.000301995 0.158489 52.3562 
0.000301995 0.190546 52.3524 
0.000301995 0.229087 52.3468 
0.000301995 0.275423 52.3388 
0.000301995 0.331131 52.3273 
0.000301995 0.398107 52.3107 
0.000301995 0.47863 52.2869 
0.000301995 0.57544 52.2527 
0.000301995 0.691831 52.2039 
0.000301995 0.831764 52.1345 
0.000301995 1 52.0366 
0.000301995 1.20226 51.8999 
0.000301995 1.44544 51.712 
0.000301995 1.7378 51.4591 
0.000301995 2.0893 51.1287 
0.000301995 2.51189 50.7147 
0.000301995 3.01995 50.2244 
0.000301995 3.63078 49.6861 
0.000301995 4.36516 49.1504 
0.000301995 5.24807 48.6799 
0.000301995 6.30957 48.3255 
0.000301995 7.58578 48.1039 
0.000301995 9.12011 47.9931 
0.000301995 10.9648 47.9508 
0.000301995 13.1826 47.9391 
0.000301995 15.8489 47.9368 
0.000301995 19.0546 47.9364 
0.000301995 22.9087 47.9363 
0.000301995 27.5423 47.9363 
0.000301995 33.1131 47.9363 
0.000301995 39.8107 47.9363 
0.000301995 47.863 47.9363 
0.000301995 57.544 47.9363 
0.000301995 69.1831 47.9363 
0.000301995 83.1764 47.9363 
0.000363078 0.01 52.3648 
0.000363078 0.0120226 52.3648 
0.000363078 0.0144544 52.3647 
0.000363078 0.017378 52.3647 
0.000363078 0.020893 52.3647 
0.000363078 0.0251189 52.3646 
0.000363078 0.0301995 52.3645 
0.000363078 0.0363078 52.3643 
0.000363078 0.0436516 52.364 
0.000363078 0.0524807 52.3637 
0.000363078 0.0630957 52.3632 
0.000363078 0.0758578 52.3625 
0.000363078 0.0912011 52.3614 
0.000363078 0.109648 52.3599 
0.000363078 0.131826 52.3577 
0.000363078 0.158489 52.3545 
0.000363078 0.190546 52.3498 
0.000363078 0.229087 52.3432 
0.000363078 0.275423 52.3336 
0.000363078 0.331131 52.3197 
0.000363078 0.398107 52.2998 
0.000363078 0.47863 52.2711 
0.000363078 0.57544 52.2301 
0.000363078 0.691831 52.1714 
0.000363078 0.831764 52.088 
0.000363078 1 51.9705 
0.000363078 1.20226 51.8065 
0.000363078 1.44544 51.5811 
0.000363078 1.7378 51.2782 
0.000363078 2.0893 50.8831 
0.000363078 2.51189 50.389 
0.000363078 3.01995 49.8055 
0.000363078 3.63078 49.1671 
0.000363078 4.36516 48.5346 
0.000363078 5.24807 47.9816 
0.000363078 6.30957 47.5671 
0.000363078 7.58578 47.3088 
0.000363078 9.12011 47.1799 
0.000363078 10.9648 47.1307 
0.000363078 13.1826 47.117 
0.000363078 15.8489 47.1143 
0.000363078 19.0546 47.1138 
0.000363078 22.9087 47.1138 
0.000363078 27.5423 47.1138 
0.000363078 33.1131 47.1138 
0.000363078 39.8107 47.1138 
0.000363078 47.863 47.1138 
0.000363078 57.544 47.1138 
0.000363078 69.1831 47.1138 
0.000363078 83.1764 47.1138 
0.000436516 0.01 52.3648 
0.000436516 0.0120226 52.3648 
0.000436516 0.0144544 52.3647 
0.000436516 0.017378 52.3647 
0.000436516 0.020893 52.3646 
0.000436516 0.0251189 52.3645 
0.000436516 0.0301995 52.3644 
0.000436516 0.0363078 52.3642 
0.000436516 0.0436516 52.3639 
0.000436516 0.0524807 52.3635 
0.000436516 0.0630957 52.3629 
0.000436516 0.0758578 52.362 
0.000436516 0.0912011 52.3607 
0.000436516 0.109648 52.3589 
0.000436516 0.131826 52.3562 
0.000436516 0.158489 52.3524 
0.000436516 0.190546 52.3468 
0.000436516 0.229087 52.3388 
0.000436516 0.275423 52.3273 
0.000436516 0.331131 52.3106 
0.000436516 0.398107 52.2867 
0.000436516 0.47863 52.2522 
0.000436516 0.57544 52.2029 
0.000436516 0.691831 52.1324 
0.000436516 0.831764 52.0322 
0.000436516 1 51.8911 
0.000436516 1.20226 51.6944 
0.000436516 1.44544 51.4243 
0.000436516 1.7378 51.0618 
0.000436516 2.0893 50.5898 
0.000436516 2.51189 50.001 
0.000436516 3.01995 49.3081 
0.000436516 3.63078 48.5533 
0.000436516 4.36516 47.8094 
0.000436516 5.24807 47.1629 
0.000436516 6.30957 46.6812 
0.000436516 7.58578 46.3824 
0.000436516 9.12011 46.2336 
0.000436516 10.9648 46.1768 
0.000436516 13.1826 46.1609 
0.000436516 15.8489 46.1577 
0.000436516 19.0546 46.1572 
0.000436516 22.9087 46.1571 
0.000436516 27.5423 46.1571 
0.000436516 33.1131 46.1571 
0.000436516 39.8107 46.1571 
0.000436516 47.863 46.1571 
0.000436516 57.544 46.1571 
0.000436516 69.1831 46.1571 
0.000436516 83.1764 46.1571 
0.000524807 0.01 52.3648 
0.000524807 0.0120226 52.3647 
0.000524807 0.0144544 52.3647 
0.000524807 0.017378 52.3647 
0.000524807 0.020893 52.3646 
0.000524807 0.0251189 52.3645 
0.000524807 0.0301995 52.3643 
0.000524807 0.0363078 52.364 
0.000524807 0.0436516 52.3637 
0.000524807 0.0524807 52.3632 
0.000524807 0.0630957 52.3625 
0.000524807 0.0758578 52.3614 
0.000524807 0.0912011 52.3599 
0.000524807 0.109648 52.3577 
0.000524807 0.131826 52.3545 
0.000524807 0.158489 52.3498 
0.000524807 0.190546 52.3432 
0.000524807 0.229087 52.3335 
0.000524807 0.275423 52.3197 
0.000524807 0.331131 52.2997 
0.000524807 0.398107 52.2709 
0.000524807 0.47863 52.2295 
0.000524807 0.57544 52.1702 
0.000524807 0.691831 52.0855 
0.000524807 0.831764 51.9653 
0.000524807 1 51.7959 
0.000524807 1.20226 51.56 
0.000524807 1.44544 51.2366 
0.000524807 1.7378 50.8031 
0.000524807 2.0893 50.24 
0.000524807 2.51189 49.5398 
0.000524807 3.01995 48.7191 
0.000524807 3.63078 47.83 
0.000524807 4.36516 46.9595 
0.000524807 5.24807 46.2087 
0.000524807 6.30957 45.6534 
0.000524807 7.58578 45.3111 
0.000524807 9.12011 45.1411 
0.000524807 10.9648 45.076 
0.000524807 13.1826 45.0577 
0.000524807 15.8489 45.054 
0.000524807 19.0546 45.0534 
0.000524807 22.9087 45.0533 
0.000524807 27.5423 45.0533 
0.000524807 33.1131 45.0533 
0.000524807 39.8107 45.0533 
0.000524807 47.863 45.0533 
0.000524807 57.544 45.0533 
0.000524807 69.1831 45.0533 
0.000524807 83.1764 45.0533 
0.000630957 0.01 52.3648 
0.000630957 0.0120226 52.3647 
0.000630957 0.0144544 52.3647 
0.000630957 0.017378 52.3646 
0.000630957 0.020893 52.3645 
0.000630957 0.0251189 52.3644 
0.000630957 0.0301995 52.3642 
0.000630957 0.0363078 52.3639 
0.000630957 0.0436516 52.3635 
0.000630957 0.0524807 52.3629 
0.000630957 0.0630957 52.362 
0.000630957 0.0758578 52.3607 
0.000630957 0.0912011 52.3589 
0.000630957 0.109648 52.3562 
0.000630957 0.131826 52.3524 
0.000630957 0.158489 52.3468 
0.000630957 0.190546 52.3388 
0.000630957 0.229087 52.3272 
0.000630957 0.275423 52.3105 
0.000630957 0.331131 52.2865 
0.000630957 0.398107 52.2519 
0.000630957 0.47863 52.2021 
0.000630957 0.57544 52.1309 
0.000630957 0.691831 52.0292 
0.000630957 0.831764 51.8849 
0.000630957 1 51.6818 
0.000630957 1.20226 51.399 
0.000630957 1.44544 51.012 
0.000630957 1.7378 50.4942 
0.000630957 2.0893 49.8235 
0.000630957 2.51189 48.9927 
0.000630957 3.01995 48.024 
0.000630957 3.63078 46.9815 
0.000630957 4.36516 45.9693 
0.000630957 5.24807 45.1047 
0.000630957 6.30957 44.4714 
0.000630957 7.58578 44.0841 
0.000630957 9.12011 43.8924 
0.000630957 10.9648 43.8189 
0.000630957 13.1826 43.7981 
0.000630957 15.8489 43.7937 
0.000630957 19.0546 43.793 
0.000630957 22.9087 43.7929 
0.000630957 27.5423 43.7929 
0.000630957 33.1131 43.7929 
0.000630957 39.8107 43.7929 
0.000630957 47.863 43.7929 
0.000630957 57.544 43.7929 
0.000630957 69.1831 43.7929 
0.000630957 83.1764 43.7929 
0.000758578 0.01 52.3647 
0.000758578 0.0120226 52.3647 
0.000758578 0.0144544 52.3647 
0.000758578 0.017378 52.3646 
0.000758578 0.020893 52.3645 
0.000758578 0.0251189 52.3643 
0.000758578 0.0301995 52.364 
0.000758578 0.0363078 52.3637 
0.000758578 0.0436516 52.3632 
0.000758578 0.0524807 52.3625 
0.000758578 0.0630957 52.3614 
0.000758578 0.0758578 52.3599 
0.000758578 0.0912011 52.3577 
0.000758578 0.109648 52.3545 
0.000758578 0.131826 52.3498 
0.000758578 0.158489 52.3432 
0.000758578 0.190546 52.3335 
0.000758578 0.229087 52.3196 
0.000758578 0.275423 52.2996 
0.000758578 0.331131 52.2707 
0.000758578 0.398107 52.2291 
0.000758578 0.47863 52.1693 
0.000758578 0.57544 52.0837 
0.000758578 0.691831 51.9616 
0.000758578 0.831764 51.7885 
0.000758578 1 51.5449 
0.000758578 1.20226 51.2063 
0.000758578 1.44544 50.7436 
0.000758578 1.7378 50.126 
0.000758578 2.0893 49.3287 
0.000758578 2.51189 48.3458 
0.000758578 3.01995 47.207 
0.000758578 3.63078 45.9918 
0.000758578 4.36516 44.8244 
0.000758578 5.24807 43.8396 
0.000758578 6.30957 43.1274 
0.000758578 7.58578 42.6964 
0.000758578 9.12011 42.4841 
0.000758578 10.9648 42.4024 
0.000758578 13.1826 42.379 
0.000758578 15.8489 42.374 
0.000758578 19.0546 42.3732 
0.000758578 22.9087 42.373 
0.000758578 27.5423 42.373 
0.000758578 33.1131 42.373 
0.000758578 39.8107 42.373 
0.000758578 47.863 42.373 
0.000758578 57.544 42.373 
0.000758578 69.1831 42.373 
0.000758578 83.1764 42.373 
0.000912011 0.01 52.3647 
0.000912011 0.0120226 52.3647 
0.000912011 0.0144544 52.3646 
0.000912011 0.017378 52.3645 
0.000912011 0.020893 52.3644 
0.000912011 0.0251189 52.3642 
0.000912011 0.0301995 52.3639 
0.000912011 0.0363078 52.3635 
0.000912011 0.0436516 52.3629 
0.000912011 0.0524807 52.362 
0.000912011 0.0630957 52.3607 
0.000912011 0.0758578 52.3589 
0.000912011 0.0912011 52.3562 
0.000912011 0.109648 52.3524 
0.000912011 0.131826 52.3468 
0.000912011 0.158489 52.3388 
0.000912011 0.190546 52.3272 
0.000912011 0.229087 52.3105 
0.000912011 0.275423 52.2864 
0.000912011 0.331131 52.2516 
0.000912011 0.398107 52.2016 
0.000912011 0.47863 52.1299 
0.000912011 0.57544 52.0271 
0.000912011 0.691831 51.8805 
0.000912011 0.831764 51.6728 
0.000912011 1 51.3809 
0.000912011 1.20226 50.9758 
0.000912011 1.44544 50.4231 
0.000912011 1.7378 49.6878 
0.000912011 2.0893 48.7425 
0.000912011 2.51189 47.5837 
0.000912011 3.01995 46.2519 
0.000912011 3.63078 44.8457 
0.000912011 4.36516 43.5134 
0.000912011 5.24807 42.4078 
0.000912011 6.30957 41.622 
0.000912011 7.58578 41.1532 
0.000912011 9.12011 40.9238 
0.000912011 10.9648 40.8351 
0.000912011 13.1826 40.8092 
0.000912011 15.8489 40.8036 
0.000912011 19.0546 40.8026 
0.000912011 22.9087 40.8025 
0.000912011 27.5423 40.8024 
0.000912011 33.1131 40.8024 
0.000912011 39.8107 40.8024 
0.000912011 47.863 40.8024 
0.000912011 57.544 40.8024 
0.000912011 69.1831 40.8024 
0.000912011 83.1764 40.8024 
0.00109648 0.01 52.3647 
0.00109648 0.0120226 52.3647 
0.00109648 0.0144544 52.3646 
0.00109648 0.017378 52.3645 
0.00109648 0.020893 52.3643 
0.00109648 0.0251189 52.364 
0.00109648 0.0301995 52.3637 
0.00109648 0.0363078 52.3632 
0.00109648 0.0436516 52.3625 
0.00109648 0.0524807 52.3614 
0.00109648 0.0630957 52.3599 
0.00109648 0.0758578 52.3576 
0.00109648 0.0912011 52.3545 
0.00109648 0.109648 52.3498 
0.00109648 0.131826 52.3432 
0.00109648 0.158489 52.3335 
0.00109648 0.190546 52.3196 
0.00109648 0.229087 52.2995 
0.00109648 0.275423 52.2705 
0.00109648 0.331131 52.2288 
0.00109648 0.398107 52.1687 
0.00109648 0.47863 52.0825 
0.00109648 0.57544 51.9591 
0.00109648 0.691831 51.7832 
0.00109648 0.831764 51.5342 
0.00109648 1 51.1846 
0.00109648 1.20226 50.7003 
0.00109648 1.44544 50.0413 
0.00109648 1.7378 49.1675 
0.00109648 2.0893 48.05 
0.00109648 2.51189 46.69 
0.00109648 3.01995 45.1425 
0.00109648 3.63078 43.5309 
0.00109648 4.36516 42.0313 
0.00109648 5.24807 40.8142 
0.00109648 6.30957 39.9698 
0.00109648 7.58578 39.4764 
0.00109648 9.12011 39.2373 
0.00109648 10.9648 39.1441 
0.00109648 13.1826 39.1163 
0.00109648 15.8489 39.11 
0.00109648 19.0546 39.1089 
0.00109648 22.9087 39.1087 
0.00109648 27.5423 39.1086 
0.00109648 33.1131 39.1086 
0.00109648 39.8107 39.1086 
0.00109648 47.863 39.1086 
0.00109648 57.544 39.1086 
0.00109648 69.1831 39.1086 
0.00109648 83.1764 39.1086 
0.00131826 0.01 52.3647 
0.00131826 0.0120226 52.3646 
0.00131826 0.0144544 52.3645 
0.00131826 0.017378 52.3644 
0.00131826 0.020893 52.3642 
0.00131826 0.0251189 52.3639 
0.00131826 0.0301995 52.3635 
0.00131826 0.0363078 52.3629 
0.00131826 0.0436516 52.362 
0.00131826 0.0524807 52.3607 
0.00131826 0.0630957 52.3589 
0.00131826 0.0758578 52.3562 
0.00131826 0.0912011 52.3524 
0.00131826 0.109648 52.3468 
0.00131826 0.131826 52.3388 
0.00131826 0.158489 52.3272 
0.00131826 0.190546 52.3104 
0.00131826 0.229087 52.2863 
0.00131826 0.275423 52.2515 
0.00131826 0.331131 52.2013 
0.00131826 0.398107 52.1291 
0.00131826 0.47863 52.0256 
0.00131826 0.57544 51.8775 
0.00131826 0.691831 51.6665 
0.00131826 0.831764 51.368 
0.00131826 1 50.9498 
0.00131826 1.20226 50.3715 
0.00131826 1.44544 49.587 
0.00131826 1.7378 48.5514 
0.00131826 2.0893 47.2352 
0.00131826 2.51189 45.6479 
0.00131826 3.01995 43.8648 
0.00131826 3.63078 42.0408 
0.00131826 4.36516 40.3842 
0.00131826 5.24807 39.0809 
0.00131826 6.30957 38.2083 
0.00131826 7.58578 37.7144 
0.00131826 9.12011 37.4785 
0.00131826 10.9648 37.3854 
0.00131826 13.1826 37.3565 
0.00131826 15.8489 37.3497 
0.00131826 19.0546 37.3483 
0.00131826 22.9087 37.3481 
0.00131826 27.5423 37.3481 
0.00131826 33.1131 37.3481 
0.00131826 39.8107 37.3481 
0.00131826 47.863 37.3481 
0.00131826 57.544 37.3481 
0.00131826 69.1831 37.3481 
0.00131826 83.1764 37.3481 
0.00158489 0.01 52.3647 
0.00158489 0.0120226 52.3646 
0.00158489 0.0144544 52.3645 
0.00158489 0.017378 52.3643 
0.00158489 0.020893 52.364 
0.00158489 0.0251189 52.3637 
0.00158489 0.0301995 52.3632 
0.00158489 0.0363078 52.3625 
0.00158489 0.0436516 52.3614 
0.00158489 0.0524807 52.3599 
0.00158489 0.0630957 52.3576 
0.00158489 0.0758578 52.3545 
0.00158489 0.0912011 52.3498 
0.00158489 0.109648 52.3431 
0.00158489 0.131826 52.3335 
0.00158489 0.158489 52.3196 
0.00158489 0.190546 52.2994 
0.00158489 0.229087 52.2704 
0.00158489 0.275423 52.2286 
0.00158489 0.331131 52.1683 
0.00158489 0.398107 52.0816 
0.00158489 0.47863 51.9573 
0.00158489 0.57544 51.7795 
0.00158489 0.691831 51.5266 
0.00158489 0.831764 51.1692 
0.00158489 1 50.6692 
0.00158489 1.20226 49.9797 
0.00158489 1.44544 49.0478 
0.00158489 1.7378 47.8243 
0.00158489 2.0893 46.2815 
0.00158489 2.51189 44.4419 
0.00158489 3.01995 42.4094 
0.00158489 3.63078 40.3791 
0.00158489 4.36516 38.5964 
0.00158489 5.24807 37.2566 
0.00158489 6.30957 36.4089 
0.00158489 7.58578 35.9547 
0.00158489 9.12011 35.7433 
0.00158489 10.9648 35.6578 
0.00158489 13.1826 35.6294 
0.00158489 15.8489 35.6221 
0.00158489 19.0546 35.6205 
0.00158489 22.9087 35.6203 
0.00158489 27.5423 35.6202 
0.00158489 33.1131 35.6202 
0.00158489 39.8107 35.6202 
0.00158489 47.863 35.6202 
0.00158489 57.544 35.6202 
0.00158489 69.1831 35.6202 
0.00158489 83.1764 35.6202 
0.00190546 0.01 52.3646 
0.00190546 0.0120226 52.3645 
0.00190546 0.0144544 52.3644 
0.00190546 0.017378 52.3642 
0.00190546 0.020893 52.3639 
0.00190546 0.0251189 52.3635 
0.00190546 0.0301995 52.3629 
0.00190546 0.0363078 52.362 
0.00190546 0.0436516 52.3607 
0.00190546 0.0524807 52.3589 
0.00190546 0.0630957 52.3562 
0.00190546 0.0758578 52.3524 
0.00190546 0.0912011 52.3468 
0.00190546 0.109648 52.3388 
0.00190546 0.131826 52.3272 
0.00190546 0.158489 52.3104 
0.00190546 0.190546 52.2862 
0.00190546 0.229087 52.2514 
0.00190546 0.275423 52.2011 
0.00190546 0.331131 52.1286 
0.00190546 0.398107 52.0246 
0.00190546 0.47863 51.8753 
0.00190546 0.57544 51.6621 
0.00190546 0.691831 51.359 
0.00190546 0.831764 50.9314 
0.00190546 1 50.3344 
0.00190546 1.20226 49.5137 
0.00190546 1.44544 48.4096 
0.00190546 1.7378 46.9698 
0.00190546 2.0893 45.1719 
0.00190546 2.51189 43.0593 
0.00190546 3.01995 40.7753 
0.00190546 3.63078 38.567 
0.00190546 4.36516 36.7206 
0.00190546 5.24807 35.4307 
0.00190546 6.30957 34.6941 
0.00190546 7.58578 34.3425 
0.00190546 9.12011 34.1884 
0.00190546 10.9648 34.1219 
0.00190546 13.1826 34.0966 
0.00190546 15.8489 34.089 
0.00190546 19.0546 34.0873 
0.00190546 22.9087 34.0869 
0.00190546 27.5423 34.0869 
0.00190546 33.1131 34.0869 
0.00190546 39.8107 34.0869 
0.00190546 47.863 34.0869 
0.00190546 57.544 34.0869 
0.00190546 69.1831 34.0869 
0.00190546 83.1764 34.0869 
0.00229087 0.01 52.3646 
0.00229087 0.0120226 52.3645 
0.00229087 0.0144544 52.3643 
0.00229087 0.017378 52.364 
0.00229087 0.020893 52.3637 
0.00229087 0.0251189 52.3632 
0.00229087 0.0301995 52.3625 
0.00229087 0.0363078 52.3614 
0.00229087 0.0436516 52.3599 
0.00229087 0.0524807 52.3576 
0.00229087 0.0630957 52.3544 
0.00229087 0.0758578 52.3498 
0.00229087 0.0912011 52.3431 
0.00229087 0.109648 52.3335 
0.00229087 0.131826 52.3196 
0.00229087 0.158489 52.2994 
0.00229087 0.190546 52.2704 
0.00229087 0.229087 52.2284 
0.00229087 0.275423 52.168 
0.00229087 0.331131 52.081 
0.00229087 0.398107 51.9561 
0.00229087 0.47863 51.777 
0.00229087 0.57544 51.5213 
0.00229087 0.691831 51.1584 
0.00229087 0.831764 50.6472 
0.00229087 1 49.9355 
0.00229087 1.20226 48.9608 
0.00229087 1.44544 47.657 
0.00229087 1.7378 45.9707 
0.00229087 2.0893 43.8913 
0.00229087 2.51189 41.4938 
0.00229087 3.01995 38.9764 
0.00229087 3.63078 36.6525 
0.00229087 4.36516 34.8525 
0.00229087 5.24807 33.7514 
0.00229087 6.30957 33.2582 
0.00229087 7.58578 33.1034 
0.00229087 9.12011 33.0548 
0.00229087 10.9648 33.0245 
0.00229087 13.1826 33.0058 
0.00229087 15.8489 32.9984 
0.00229087 19.0546 32.9964 
0.00229087 22.9087 32.996 
0.00229087 27.5423 32.9959 
0.00229087 33.1131 32.9959 
0.00229087 39.8107 32.9959 
0.00229087 47.863 32.9959 
0.00229087 57.544 32.9959 
0.00229087 69.1831 32.9959 
0.00229087 83.1764 32.9959 
0.00275423 0.01 52.3645 
0.00275423 0.0120226 52.3644 
0.00275423 0.0144544 52.3642 
0.00275423 0.017378 52.3639 
0.00275423 0.020893 52.3635 
0.00275423 0.0251189 52.3629 
0.00275423 0.0301995 52.362 
0.00275423 0.0363078 52.3607 
0.00275423 0.0436516 52.3589 
0.00275423 0.0524807 52.3562 
0.00275423 0.0630957 52.3523 
0.00275423 0.0758578 52.3468 
0.00275423 0.0912011 52.3388 
0.00275423 0.109648 52.3272 
0.00275423 0.131826 52.3104 
0.00275423 0.158489 52.2862 
0.00275423 0.190546 52.2513 
0.00275423 0.229087 52.2009 
0.00275423 0.275423 52.1283 
0.00275423 0.331131 52.0238 
0.00275423 0.398107 51.8738 
0.00275423 0.47863 51.659 
0.00275423 0.57544 51.3527 
0.00275423 0.691831 50.9184 
0.00275423 0.831764 50.3081 
0.00275423 1 49.4611 
0.00275423 1.20226 48.3066 
0.00275423 1.44544 46.773 
0.00275423 1.7378 44.8103 
0.00275423 2.0893 42.4286 
0.00275423 2.51189 39.7503 
0.00275423 3.01995 37.0498 
0.00275423 3.63078 34.725 
0.00275423 4.36516 33.1498 
0.00275423 5.24807 32.4498 
0.00275423 6.30957 32.3945 
0.00275423 7.58578 32.5714 
0.00275423 9.12011 32.6969 
0.00275423 10.9648 32.7264 
0.00275423 13.1826 32.7197 
0.00275423 15.8489 32.713 
0.00275423 19.0546 32.7106 
0.00275423 22.9087 32.7101 
0.00275423 27.5423 32.7101 
0.00275423 33.1131 32.7101 
0.00275423 39.8107 32.7101 
0.00275423 47.863 32.7101 
0.00275423 57.544 32.7101 
0.00275423 69.1831 32.7101 
0.00275423 83.1764 32.7101 
0.00331131 0.01 52.3645 
0.00331131 0.0120226 52.3643 
0.00331131 0.0144544 52.364 
0.00331131 0.017378 52.3637 
0.00331131 0.020893 52.3632 
0.00331131 0.0251189 52.3625 
0.00331131 0.0301995 52.3614 
0.00331131 0.0363078 52.3599 
0.00331131 0.0436516 52.3576 
0.00331131 0.0524807 52.3544 
0.00331131 0.0630957 52.3498 
0.00331131 0.0758578 52.3431 
0.00331131 0.0912011 52.3335 
0.00331131 0.109648 52.3195 
0.00331131 0.131826 52.2994 
0.00331131 0.158489 52.2703 
0.00331131 0.190546 52.2283 
0.00331131 0.229087 52.1678 
0.00331131 0.275423 52.0806 
0.00331131 0.331131 51.9552 
0.00331131 0.398107 51.7752 
0.00331131 0.47863 51.5176 
0.00331131 0.57544 51.1508 
0.00331131 0.691831 50.6317 
0.00331131 0.831764 49.9042 
0.00331131 1 48.8984 
0.00331131 1.20226 47.5354 
0.00331131 1.44544 45.7406 
0.00331131 1.7378 43.474 
0.00331131 2.0893 40.7803 
0.00331131 2.51189 37.8524 
0.00331131 3.01995 35.0689 
0.00331131 3.63078 32.9336 
0.00331131 4.36516 31.8572 
0.00331131 5.24807 31.8682 
0.00331131 6.30957 32.5251 
0.00331131 7.58578 33.2196 
0.00331131 9.12011 33.6117 
0.00331131 10.9648 33.7332 
0.00331131 13.1826 33.7453 
0.00331131 15.8489 33.7399 
0.00331131 19.0546 33.7373 
0.00331131 22.9087 33.7367 
0.00331131 27.5423 33.7366 
0.00331131 33.1131 33.7366 
0.00331131 39.8107 33.7366 
0.00331131 47.863 33.7366 
0.00331131 57.544 33.7366 
0.00331131 69.1831 33.7366 
0.00331131 83.1764 33.7366 
0.00398107 0.01 52.3644 
0.00398107 0.0120226 52.3642 
0.00398107 0.0144544 52.3639 
0.00398107 0.017378 52.3635 
0.00398107 0.020893 52.3629 
0.00398107 0.0251189 52.362 
0.00398107 0.0301995 52.3607 
0.00398107 0.0363078 52.3589 
0.00398107 0.0436516 52.3562 
0.00398107 0.0524807 52.3523 
0.00398107 0.0630957 52.3468 
0.00398107 0.0758578 52.3388 
0.00398107 0.0912011 52.3272 
0.00398107 0.109648 52.3104 
0.00398107 0.131826 52.2862 
0.00398107 0.158489 52.2512 
0.00398107 0.190546 52.2008 
0.00398107 0.229087 52.1281 
0.00398107 0.275423 52.0233 
0.00398107 0.331131 51.8728 
0.00398107 0.398107 51.6569 
0.00398107 0.47863 51.3482 
0.00398107 0.57544 50.9093 
0.00398107 0.691831 50.2896 
0.00398107 0.831764 49.4239 
0.00398107 1 48.2328 
0.00398107 1.20226 46.6302 
0.00398107 1.44544 44.543 
0.00398107 1.7378 41.9519 
0.00398107 2.0893 38.9568 
0.00398107 2.51189 35.8526 
0.00398107 3.01995 33.1599 
0.00398107 3.63078 31.5114 
0.00398107 4.36516 31.3359 
0.00398107 5.24807 32.4919 
0.00398107 6.30957 34.2309 
0.00398107 7.58578 35.686 
0.00398107 9.12011 36.4639 
0.00398107 10.9648 36.718 
0.00398107 13.1826 36.7575 
0.00398107 15.8489 36.7543 
0.00398107 19.0546 36.7513 
0.00398107 22.9087 36.7505 
0.00398107 27.5423 36.7504 
0.00398107 33.1131 36.7504 
0.00398107 39.8107 36.7504 
0.00398107 47.863 36.7504 
0.00398107 57.544 36.7504 
0.00398107 69.1831 36.7504 
0.00398107 83.1764 36.7504 
0.0047863 0.01 52.3643 
0.0047863 0.0120226 52.364 
0.0047863 0.0144544 52.3637 
0.0047863 0.017378 52.3632 
0.0047863 0.020893 52.3625 
0.0047863 0.0251189 52.3614 
0.0047863 0.0301995 52.3599 
0.0047863 0.0363078 52.3576 
0.0047863 0.0436516 52.3544 
0.0047863 0.0524807 52.3498 
0.0047863 0.0630957 52.3431 
0.0047863 0.0758578 52.3335 
0.0047863 0.0912011 52.3195 
0.0047863 0.109648 52.2994 
0.0047863 0.131826 52.2703 
0.0047863 0.158489 52.2283 
0.0047863 0.190546 52.1677 
0.0047863 0.229087 52.0803 
0.0047863 0.275423 51.9546 
0.0047863 0.331131 51.7739 
0.0047863 0.398107 51.515 
0.0047863 0.47863 51.1455 
0.0047863 0.57544 50.6208 
0.0047863 0.691831 49.8821 
0.0047863 0.831764 48.8542 
0.0047863 1 47.4483 
0.0047863 1.20226 45.5737 
0.0047863 1.44544 43.166 
0.0047863 1.7378 40.2432 
0.0047863 2.0893 36.9899 
0.0047863 2.51189 33.8475 
0.0047863 3.01995 31.5251 
0.0047863 3.63078 30.8054 
0.0047863 4.36516 32.095 
0.0047863 5.24807 34.9752 
0.0047863 6.30957 38.2683 
0.0047863 7.58578 40.7839 
0.0047863 9.12011 42.0905 
0.0047863 10.9648 42.5253 
0.0047863 13.1826 42.6022 
0.0047863 15.8489 42.602 
0.0047863 19.0546 42.5983 
0.0047863 22.9087 42.5973 
0.0047863 27.5423 42.5972 
0.0047863 33.1131 42.5972 
0.0047863 39.8107 42.5972 
0.0047863 47.863 42.5972 
0.0047863 57.544 42.5972 
0.0047863 69.1831 42.5972 
0.0047863 83.1764 42.5972 
0.0057544 0.01 52.3642 
0.0057544 0.0120226 52.3639 
0.0057544 0.0144544 52.3635 
0.0057544 0.017378 52.3629 
0.0057544 0.020893 52.362 
0.0057544 0.0251189 52.3607 
0.0057544 0.0301995 52.3589 
0.0057544 0.0363078 52.3562 
0.0057544 0.0436516 52.3523 
0.0057544 0.0524807 52.3468 
0.0057544 0.0630957 52.3388 
0.0057544 0.0758578 52.3271 
0.0057544 0.0912011 52.3104 
0.0057544 0.109648 52.2862 
0.0057544 0.131826 52.2512 
0.0057544 0.158489 52.2007 
0.0057544 0.190546 52.1279 
0.0057544 0.229087 52.023 
0.0057544 0.275423 51.8721 
0.0057544 0.331131 51.6554 
0.0057544 0.398107 51.3451 
0.0057544 0.47863 50.903 
0.0057544 0.57544 50.2767 
0.0057544 0.691831 49.3977 
0.0057544 0.831764 48.1805 
0.0057544 1 46.528 
0.0057544 1.20226 44.3493 
0.0057544 1.44544 41.6009 
0.0057544 1.7378 38.3623 
0.0057544 2.0893 34.9458 
0.0057544 2.51189 31.9972 
0.0057544 3.01995 30.4702 
0.0057544 3.63078 31.3077 
0.0057544 4.36516 34.8171 
0.0057544 5.24807 40.1508 
0.0057544 6.30957 45.559 
0.0057544 7.58578 49.4745 
0.0057544 9.12011 51.4666 
0.0057544 10.9648 52.1333 
0.0057544 13.1826 52.2577 
0.0057544 15.8489 52.261 
0.0057544 19.0546 52.2565 
0.0057544 22.9087 52.2551 
0.0057544 27.5423 52.255 
0.0057544 33.1131 52.2549 
0.0057544 39.8107 52.2549 
0.0057544 47.863 52.2549 
0.0057544 57.544 52.2549 
0.0057544 69.1831 52.2549 
0.0057544 83.1764 52.2549 
0.00691831 0.01 52.364 
0.00691831 0.0120226 52.3637 
0.00691831 0.0144544 52.3632 
0.00691831 0.017378 52.3625 
0.00691831 0.020893 52.3614 
0.00691831 0.0251189 52.3599 
0.00691831 0.0301995 52.3576 
0.00691831 0.0363078 52.3544 
0.00691831 0.0436516 52.3498 
0.00691831 0.0524807 52.3431 
0.00691831 0.0630957 52.3335 
0.00691831 0.0758578 52.3195 
0.00691831 0.0912011 52.2994 
0.00691831 0.109648 52.2703 
0.00691831 0.131826 52.2282 
0.00691831 0.158489 52.1676 
0.00691831 0.190546 52.0801 
0.00691831 0.229087 51.9542 
0.00691831 0.275423 51.7731 
0.00691831 0.331131 51.5133 
0.00691831 0.398107 51.1418 
0.00691831 0.47863 50.6133 
0.00691831 0.57544 49.8667 
0.00691831 0.691831 48.8231 
0.00691831 0.831764 47.3866 
0.00691831 1 45.4543 
0.00691831 1.20226 42.9431 
0.00691831 1.44544 39.8487 
0.00691831 1.7378 36.3486 
0.00691831 2.0893 32.9408 
0.00691831 2.51189 30.5511 
0.00691831 3.01995 30.4364 
0.00691831 3.63078 33.6829 
0.00691831 4.36516 40.3642 
0.00691831 5.24807 49.0006 
0.00691831 6.30957 57.1244 
0.00691831 7.58578 62.7776 
0.00691831 9.12011 65.6037 
0.00691831 10.9648 66.5494 
0.00691831 13.1826 66.7297 
0.00691831 15.8489 66.7363 
0.00691831 19.0546 66.7303 
0.00691831 22.9087 66.7286 
0.00691831 27.5423 66.7283 
0.00691831 33.1131 66.7283 
0.00691831 39.8107 66.7283 
0.00691831 47.863 66.7283 
0.00691831 57.544 66.7283 
0.00691831 69.1831 66.7283 
0.00691831 83.1764 66.7283 
0.00831764 0.01 52.3639 
0.00831764 0.0120226 52.3635 
0.00831764 0.0144544 52.3629 
0.00831764 0.017378 52.362 
0.00831764 0.020893 52.3607 
0.00831764 0.0251189 52.3589 
0.00831764 0.0301995 52.3562 
0.00831764 0.0363078 52.3523 
0.00831764 0.0436516 52.3468 
0.00831764 0.0524807 52.3388 
0.00831764 0.0630957 52.3271 
0.00831764 0.0758578 52.3104 
0.00831764 0.0912011 52.2861 
0.00831764 0.109648 52.2512 
0.00831764 0.131826 52.2006 
0.00831764 0.158489 52.1278 
0.00831764 0.190546 52.0228 
0.00831764 0.229087 51.8716 
0.00831764 0.275423 51.6543 
0.00831764 0.331131 51.343 
0.00831764 0.398107 50.8986 
0.00831764 0.47863 50.2676 
0.00831764 0.57544 49.3793 
0.00831764 0.691831 48.1437 
0.00831764 0.831764 46.4556 
0.00831764 1 44.2108 
0.00831764 1.20226 41.3471 
0.00831764 1.44544 37.9276 
0.00831764 1.7378 34.2786 
0.00831764 2.0893 31.1633 
0.00831764 2.51189 29.8779 
0.00831764 3.01995 32.0306 
0.00831764 3.63078 38.778 
0.00831764 4.36516 49.7413 
0.00831764 5.24807 62.5593 
0.00831764 6.30957 73.9403 
0.00831764 7.58578 81.5985 
0.00831764 9.12011 85.3664 
0.00831764 10.9648 86.6231 
0.00831764 13.1826 86.8638 
0.00831764 15.8489 86.8726 
0.00831764 19.0546 86.8644 
0.00831764 22.9087 86.862 
0.00831764 27.5423 86.8616 
0.00831764 33.1131 86.8616 
0.00831764 39.8107 86.8616 
0.00831764 47.863 86.8616 
0.00831764 57.544 86.8616 
0.00831764 69.1831 86.8616 
0.00831764 83.1764 86.8616 
0.01 0.01 52.3637 
0.01 0.0120226 52.3632 
0.01 0.0144544 52.3625 
0.01 0.017378 52.3614 
0.01 0.020893 52.3599 
0.01 0.0251189 52.3576 
0.01 0.0301995 52.3544 
0.01 0.0363078 52.3498 
0.01 0.0436516 52.3431 
0.01 0.0524807 52.3335 
0.01 0.0630957 52.3195 
0.01 0.0758578 52.2994 
0.01 0.0912011 52.2702 
0.01 0.109648 52.2282 
0.01 0.131826 52.1675 
0.01 0.158489 52.08 
0.01 0.190546 51.9539 
0.01 0.229087 51.7725 
0.01 0.275423 51.512 
0.01 0.331131 51.1392 
0.01 0.398107 50.608 
0.01 0.47863 49.8559 
0.01 0.57544 48.8013 
0.01 0.691831 47.3433 
0.01 0.831764 45.3697 
0.01 1 42.7838 
0.01 1.20226 39.5642 
0.01 1.44544 35.8821 
0.01 1.7378 32.2846 
0.01 2.0893 29.9018 
0.01 2.51189 30.4978 
0.01 3.01995 36.0427 
0.01 3.63078 47.5919 
0.01 4.36516 63.9883 
0.01 5.24807 81.7297 
0.01 6.30957 96.7062 
0.01 7.58578 106.485 
0.01 9.12011 111.229 
0.01 10.9648 112.805 
0.01 13.1826 113.106 
0.01 15.8489 113.115 
0.01 19.0546 113.103 
0.01 22.9087 113.1 
0.01 27.5423 113.099 
0.01 33.1131 113.099 
0.01 39.8107 113.099 
0.01 47.863 113.099 
0.01 57.544 113.099 
0.01 69.1831 113.099 
0.01 83.1764 113.099 
0.0120226 0.01 52.3635 
0.0120226 0.0120226 52.3629 
0.0120226 0.0144544 52.362 
0.0120226 0.017378 52.3607 
0.0120226 0.020893 52.3589 
0.0120226 0.0251189 52.3562 
0.0120226 0.0301995 52.3523 
0.0120226 0.0363078 52.3468 
0.0120226 0.0436516 52.3388 
0.0120226 0.0524807 52.3271 
0.0120226 0.0630957 52.3104 
0.0120226 0.0758578 52.2861 
0.0120226 0.0912011 52.2511 
0.0120226 0.109648 52.2006 
0.0120226 0.131826 52.1277 
0.0120226 0.158489 52.0226 
0.0120226 0.190546 51.8712 
0.0120226 0.229087 51.6536 
0.0120226 0.275423 51.3415 
0.0120226 0.331131 50.8955 
0.0120226 0.398107 50.2613 
0.0120226 0.47863 49.3665 
0.0120226 0.57544 48.1179 
0.0120226 0.691831 46.4046 
0.0120226 0.831764 44.1127 
0.0120226 1 41.1661 
0.0120226 1.20226 37.6149 
0.0120226 1.44544 33.7973 
0.0120226 1.7378 30.5777 
0.0120226 2.0893 29.5754 
0.0120226 2.51189 33.1083 
0.0120226 3.01995 43.4327 
0.0120226 3.63078 61.1787 
0.0120226 4.36516 83.9798 
0.0120226 5.24807 107.02 
0.0120226 6.30957 125.591 
0.0120226 7.58578 137.407 
0.0120226 9.12011 143.084 
0.0120226 10.9648 144.967 
0.0120226 13.1826 145.322 
0.0120226 15.8489 145.328 
0.0120226 19.0546 145.313 
0.0120226 22.9087 145.308 
0.0120226 27.5423 145.307 
0.0120226 33.1131 145.307 
0.0120226 39.8107 145.307 
0.0120226 47.863 145.307 
0.0120226 57.544 145.307 
0.0120226 69.1831 145.307 
0.0120226 83.1764 145.307 
0.0144544 0.01 52.3632 
0.0144544 0.0120226 52.3625 
0.0144544 0.0144544 52.3614 
0.0144544 0.017378 52.3599 
0.0144544 0.020893 52.3576 
0.0144544 0.0251189 52.3544 
0.0144544 0.0301995 52.3498 
0.0144544 0.0363078 52.3431 
0.0144544 0.0436516 52.3335 
0.0144544 0.0524807 52.3195 
0.0144544 0.0630957 52.2994 
0.0144544 0.0758578 52.2702 
0.0144544 0.0912011 52.2282 
0.0144544 0.109648 52.1675 
0.0144544 0.131826 52.0799 
0.0144544 0.158489 51.9537 
0.0144544 0.190546 51.7721 
0.0144544 0.229087 51.5112 
0.0144544 0.275423 51.1374 
0.0144544 0.331131 50.6043 
0.0144544 0.398107 49.8484 
0.0144544 0.47863 48.7861 
0.0144544 0.57544 47.3129 
0.0144544 0.691831 45.3103 
0.0144544 0.831764 42.6712 
0.0144544 1 39.3616 
0.0144544 1.20226 35.548 
0.0144544 1.44544 31.8176 
0.0144544 1.7378 29.4764 
0.0144544 2.0893 30.7658 
0.0144544 2.51189 38.5899 
0.0144544 3.01995 55.2593 
0.0144544 3.63078 80.4554 
0.0144544 4.36516 110.149 
0.0144544 5.24807 138.309 
0.0144544 6.30957 160.117 
0.0144544 7.58578 173.75 
0.0144544 9.12011 180.283 
0.0144544 10.9648 182.456 
0.0144544 13.1826 182.862 
0.0144544 15.8489 182.863 
0.0144544 19.0546 182.841 
0.0144544 22.9087 182.835 
0.0144544 27.5423 182.835 
0.0144544 33.1131 182.835 
0.0144544 39.8107 182.835 
0.0144544 47.863 182.835 
0.0144544 57.544 182.835 
0.0144544 69.1831 182.835 
0.0144544 83.1764 182.835 
0.017378 0.01 52.3629 
0.017378 0.0120226 52.362 
0.017378 0.0144544 52.3607 
0.017378 0.017378 52.3589 
0.017378 0.020893 52.3562 
0.017378 0.0251189 52.3523 
0.017378 0.0301995 52.3468 
0.017378 0.0363078 52.3388 
0.017378 0.0436516 52.3271 
0.017378 0.0524807 52.3104 
0.017378 0.0630957 52.2861 
0.017378 0.0758578 52.2511 
0.017378 0.0912011 52.2006 
0.017378 0.109648 52.1276 
0.017378 0.131826 52.0225 
0.017378 0.158489 51.871 
0.017378 0.190546 51.6531 
0.017378 0.229087 51.3405 
0.017378 0.275423 50.8934 
0.017378 0.331131 50.257 
0.017378 0.398107 49.3576 
0.017378 0.47863 48.0999 
0.017378 0.57544 46.369 
0.017378 0.691831 44.0438 
0.017378 0.831764 41.0382 
0.017378 1 37.3927 
0.017378 1.20226 33.4547 
0.017378 1.44544 30.171 
0.017378 1.7378 29.4388 
0.017378 2.0893 34.2379 
0.017378 2.51189 47.969 
0.017378 3.01995 72.5218 
0.017378 3.63078 105.926 
0.017378 4.36516 142.252 
0.017378 5.24807 174.829 
0.017378 6.30957 199.366 
0.017378 7.58578 214.621 
0.017378 9.12011 221.975 
0.017378 10.9648 224.443 
0.017378 13.1826 224.901 
0.017378 15.8489 224.895 
0.017378 19.0546 224.868 
0.017378 22.9087 224.86 
0.017378 27.5423 224.859 
0.017378 33.1131 224.859 
0.017378 39.8107 224.859 
0.017378 47.863 224.859 
0.017378 57.544 224.859 
0.017378 69.1831 224.859 
0.017378 83.1764 224.859 
0.020893 0.01 52.3625 
0.020893 0.0120226 52.3614 
0.020893 0.0144544 52.3599 
0.020893 0.017378 52.3576 
0.020893 0.020893 52.3544 
0.020893 0.0251189 52.3498 
0.020893 0.0301995 52.3431 
0.020893 0.0363078 52.3335 
0.020893 0.0436516 52.3195 
0.020893 0.0524807 52.2994 
0.020893 0.0630957 52.2702 
0.020893 0.0758578 52.2282 
0.020893 0.0912011 52.1674 
0.020893 0.109648 52.0798 
0.020893 0.131826 51.9536 
0.020893 0.158489 51.7718 
0.020893 0.190546 51.5106 
0.020893 0.229087 51.1362 
0.020893 0.275423 50.6018 
0.020893 0.331131 49.8432 
0.020893 0.398107 48.7756 
0.020893 0.47863 47.2917 
0.020893 0.57544 45.2687 
0.020893 0.691831 42.592 
0.020893 0.831764 39.2186 
0.020893 1 35.3112 
0.020893 1.20226 31.4884 
0.020893 1.44544 29.1989 
0.020893 1.7378 31.0923 
0.020893 2.0893 40.9336 
0.020893 2.51189 62.3074 
0.020893 3.01995 95.9039 
0.020893 3.63078 137.42 
0.020893 4.36516 179.39 
0.020893 5.24807 215.521 
0.020893 6.30957 242.455 
0.020893 7.58578 259.305 
0.020893 9.12011 267.523 
0.020893 10.9648 270.311 
0.020893 13.1826 270.828 
0.020893 15.8489 270.816 
0.020893 19.0546 270.781 
0.020893 22.9087 270.772 
0.020893 27.5423 270.77 
0.020893 33.1131 270.77 
0.020893 39.8107 270.77 
0.020893 47.863 270.77 
0.020893 57.544 270.77 
0.020893 69.1831 270.77 
0.020893 83.1764 270.77 
0.0251189 0.01 52.362 
0.0251189 0.0120226 52.3607 
0.0251189 0.0144544 52.3589 
0.0251189 0.017378 52.3562 
0.0251189 0.020893 52.3523 
0.0251189 0.0251189 52.3468 
0.0251189 0.0301995 52.3388 
0.0251189 0.0363078 52.3271 
0.0251189 0.0436516 52.3104 
0.0251189 0.0524807 52.2861 
0.0251189 0.0630957 52.2511 
0.0251189 0.0758578 52.2006 
0.0251189 0.0912011 52.1276 
0.0251189 0.109648 52.0224 
0.0251189 0.131826 51.8708 
0.0251189 0.158489 51.6528 
0.0251189 0.190546 51.3398 
0.0251189 0.229087 50.8919 
0.0251189 0.275423 50.2539 
0.0251189 0.331131 49.3514 
0.0251189 0.398107 48.0874 
0.0251189 0.47863 46.3441 
0.0251189 0.57544 43.9956 
0.0251189 0.691831 40.9484 
0.0251189 0.831764 37.2361 
0.0251189 1 33.213 
0.0251189 1.20226 29.8899 
0.0251189 1.44544 29.3881 
0.0251189 1.7378 35.2498 
0.0251189 2.0893 51.9125 
0.0251189 2.51189 82.4942 
0.0251189 3.01995 125.48 
0.0251189 3.63078 174.051 
0.0251189 4.36516 220.405 
0.0251189 5.24807 259.558 
0.0251189 6.30957 288.89 
0.0251189 7.58578 307.46 
0.0251189 9.12011 316.627 
0.0251189 10.9648 319.77 
0.0251189 13.1826 320.353 
0.0251189 15.8489 320.335 
0.0251189 19.0546 320.293 
0.0251189 22.9087 320.281 
0.0251189 27.5423 320.279 
0.0251189 33.1131 320.279 
0.0251189 39.8107 320.279 
0.0251189 47.863 320.279 
0.0251189 57.544 320.279 
0.0251189 69.1831 320.279 
0.0251189 83.1764 320.279 
0.0301995 0.01 52.3614 
0.0301995 0.0120226 52.3599 
0.0301995 0.0144544 52.3576 
0.0301995 0.017378 52.3544 
0.0301995 0.020893 52.3498 
0.0301995 0.0251189 52.3431 
0.0301995 0.0301995 52.3335 
0.0301995 0.0363078 52.3195 
0.0301995 0.0436516 52.2994 
0.0301995 0.0524807 52.2702 
0.0301995 0.0630957 52.2281 
0.0301995 0.0758578 52.1674 
0.0301995 0.0912011 52.0798 
0.0301995 0.109648 51.9535 
0.0301995 0.131826 51.7716 
0.0301995 0.158489 51.5102 
0.0301995 0.190546 51.1354 
0.0301995 0.229087 50.6 
0.0301995 0.275423 49.8396 
0.0301995 0.331131 48.7682 
0.0301995 0.398107 47.277 
0.0301995 0.47863 45.2397 
0.0301995 0.57544 42.5367 
0.0301995 0.691831 39.1182 
0.0301995 0.831764 35.1447 
0.0301995 1 31.2581 
0.0301995 1.20226 29.0171 
0.0301995 1.44544 31.3991 
0.0301995 1.7378 42.8931 
0.0301995 2.0893 68.2092 
0.0301995 2.51189 108.954 
0.0301995 3.01995 160.562 
0.0301995 3.63078 214.575 
0.0301995 4.36516 264.439 
0.0301995 5.24807 306.602 
0.0301995 6.30957 338.552 
0.0301995 7.58578 358.992 
0.0301995 9.12011 369.174 
0.0301995 10.9648 372.696 
0.0301995 13.1826 373.354 
0.0301995 15.8489 373.331 
0.0301995 19.0546 373.283 
0.0301995 22.9087 373.269 
0.0301995 27.5423 373.267 
0.0301995 33.1131 373.267 
0.0301995 39.8107 373.267 
0.0301995 47.863 373.267 
0.0301995 57.544 373.267 
0.0301995 69.1831 373.267 
0.0301995 83.1764 373.267 
0.0363078 0.01 52.3607 
0.0363078 0.0120226 52.3589 
0.0363078 0.0144544 52.3562 
0.0363078 0.017378 52.3523 
0.0363078 0.020893 52.3468 
0.0363078 0.0251189 52.3388 
0.0363078 0.0301995 52.3271 
0.0363078 0.0363078 52.3104 
0.0363078 0.0436516 52.2861 
0.0363078 0.0524807 52.2511 
0.0363078 0.0630957 52.2005 
0.0363078 0.0758578 52.1276 
0.0363078 0.0912011 52.0223 
0.0363078 0.109648 51.8707 
0.0363078 0.131826 51.6525 
0.0363078 0.158489 51.3393 
0.0363078 0.190546 50.8909 
0.0363078 0.229087 50.2518 
0.0363078 0.275423 49.3471 
0.0363078 0.331131 48.0788 
0.0363078 0.398107 46.3268 
0.0363078 0.47863 43.962 
0.0363078 0.57544 40.8856 
0.0363078 0.691831 37.1263 
0.0363078 0.831764 33.0436 
0.0363078 1 29.6961 
0.0363078 1.20226 29.3775 
0.0363078 1.44544 36.0785 
0.0363078 1.7378 55.0956 
0.0363078 2.0893 90.5899 
0.0363078 2.51189 141.385 
0.0363078 3.01995 199.905 
0.0363078 3.63078 257.981 
0.0363078 4.36516 311.187 
0.0363078 5.24807 356.661 
0.0363078 6.30957 391.432 
0.0363078 7.58578 413.8 
0.0363078 9.12011 425.012 
0.0363078 10.9648 428.927 
0.0363078 13.1826 429.673 
0.0363078 15.8489 429.653 
0.0363078 19.0546 429.6 
0.0363078 22.9087 429.585 
0.0363078 27.5423 429.583 
0.0363078 33.1131 429.583 
0.0363078 39.8107 429.583 
0.0363078 47.863 429.583 
0.0363078 57.544 429.583 
0.0363078 69.1831 429.583 
0.0363078 83.1764 429.583 
0.0436516 0.01 52.3599 
0.0436516 0.0120226 52.3576 
0.0436516 0.0144544 52.3544 
0.0436516 0.017378 52.3498 
0.0436516 0.020893 52.3431 
0.0436516 0.0251189 52.3335 
0.0436516 0.0301995 52.3195 
0.0436516 0.0363078 52.2994 
0.0436516 0.0436516 52.2702 
0.0436516 0.0524807 52.2281 
0.0436516 0.0630957 52.1674 
0.0436516 0.0758578 52.0797 
0.0436516 0.0912011 51.9534 
0.0436516 0.109648 51.7714 
0.0436516 0.131826 51.5099 
0.0436516 0.158489 51.1348 
0.0436516 0.190546 50.5988 
0.0436516 0.229087 49.8371 
0.0436516 0.275423 48.7631 
0.0436516 0.331131 47.2667 
0.0436516 0.398107 45.2195 
0.0436516 0.47863 42.4981 
0.0436516 0.57544 39.0481 
0.0436516 0.691831 35.0282 
0.0436516 0.831764 31.0974 
0.0436516 1 28.897 
0.0436516 1.20226 31.6553 
0.0436516 1.44544 44.4335 
0.0436516 1.7378 72.8545 
0.0436516 2.0893 119.248 
0.0436516 2.51189 178.745 
0.0436516 3.01995 242.272 
0.0436516 3.63078 303.847 
0.0436516 4.36516 360.728 
0.0436516 5.24807 409.787 
0.0436516 6.30957 447.385 
0.0436516 7.58578 471.586 
0.0436516 9.12011 483.773 
0.0436516 10.9648 488.085 
0.0436516 13.1826 488.94 
0.0436516 15.8489 488.936 
0.0436516 19.0546 488.883 
0.0436516 22.9087 488.868 
0.0436516 27.5423 488.866 
0.0436516 33.1131 488.866 
0.0436516 39.8107 488.866 
0.0436516 47.863 488.866 
0.0436516 57.544 488.866 
0.0436516 69.1831 488.866 
0.0436516 83.1764 488.866 
0.0524807 0.01 52.3589 
0.0524807 0.0120226 52.3562 
0.0524807 0.0144544 52.3523 
0.0524807 0.017378 52.3468 
0.0524807 0.020893 52.3388 
0.0524807 0.0251189 52.3271 
0.0524807 0.0301995 52.3104 
0.0524807 0.0363078 52.2861 
0.0524807 0.0436516 52.2511 
0.0524807 0.0524807 52.2005 
0.0524807 0.0630957 52.1276 
0.0524807 0.0758578 52.0223 
0.0524807 0.0912011 51.8706 
0.0524807 0.109648 51.6524 
0.0524807 0.131826 51.339 
0.0524807 0.158489 50.8902 
0.0524807 0.190546 50.2504 
0.0524807 0.229087 49.3442 
0.0524807 0.275423 48.0727 
0.0524807 0.331131 46.3148 
0.0524807 0.398107 43.9387 
0.0524807 0.47863 40.8419 
0.0524807 0.57544 37.0497 
0.0524807 0.691831 32.9253 
0.0524807 0.831764 29.5624 
0.0524807 1 29.3832 
0.0524807 1.20226 36.7203 
0.0524807 1.44544 57.5412 
0.0524807 1.7378 96.8243 
0.0524807 2.0893 153.595 
0.0524807 2.51189 219.657 
0.0524807 3.01995 286.963 
0.0524807 3.63078 352.247 
0.0524807 4.36516 413.194 
0.0524807 5.24807 465.826 
0.0524807 6.30957 505.956 
0.0524807 7.58578 531.7 
0.0524807 9.12011 544.724 
0.0524807 10.9648 549.421 
0.0524807 13.1826 550.412 
0.0524807 15.8489 550.445 
0.0524807 19.0546 550.4 
0.0524807 22.9087 550.386 
0.0524807 27.5423 550.384 
0.0524807 33.1131 550.384 
0.0524807 39.8107 550.384 
0.0524807 47.863 550.384 
0.0524807 57.544 550.384 
0.0524807 69.1831 550.384 
0.0524807 83.1764 550.384 
0.0630957 0.01 52.3576 
0.0630957 0.0120226 52.3544 
0.0630957 0.0144544 52.3498 
0.0630957 0.017378 52.3431 
0.0630957 0.020893 52.3335 
0.0630957 0.0251189 52.3195 
0.0630957 0.0301995 52.2993 
0.0630957 0.0363078 52.2702 
0.0630957 0.0436516 52.2281 
0.0630957 0.0524807 52.1674 
0.0630957 0.0630957 52.0797 
0.0630957 0.0758578 51.9533 
0.0630957 0.0912011 51.7713 
0.0630957 0.109648 51.5097 
0.0630957 0.131826 51.1344 
0.0630957 0.158489 50.598 
0.0630957 0.190546 49.8354 
0.0630957 0.229087 48.7596 
0.0630957 0.275423 47.2596 
0.0630957 0.331131 45.2055 
0.0630957 0.398107 42.4713 
0.0630957 0.47863 38.9992 
0.0630957 0.57544 34.947 
0.0630957 0.691831 30.9857 
0.0630957 0.831764 28.817 
0.0630957 1 31.8555 
0.0630957 1.20226 45.5961 
0.0630957 1.44544 76.3625 
0.0630957 1.7378 127.014 
0.0630957 2.0893 192.378 
0.0630957 2.51189 263.033 
0.0630957 3.01995 333.902 
0.0630957 3.63078 403.403 
0.0630957 4.36516 468.507 
0.0630957 5.24807 524.252 
0.0630957 6.30957 566.266 
0.0630957 7.58578 593.057 
0.0630957 9.12011 606.689 
0.0630957 10.9648 611.731 
0.0630957 13.1826 612.886 
0.0630957 15.8489 612.978 
0.0630957 19.0546 612.949 
0.0630957 22.9087 612.939 
0.0630957 27.5423 612.938 
0.0630957 33.1131 612.938 
0.0630957 39.8107 612.938 
0.0630957 47.863 612.938 
0.0630957 57.544 612.938 
0.0630957 69.1831 612.938 
0.0630957 83.1764 612.938 
0.0758578 0.01 52.3562 
0.0758578 0.0120226 52.3523 
0.0758578 0.0144544 52.3468 
0.0758578 0.017378 52.3388 
0.0758578 0.020893 52.3271 
0.0758578 0.0251189 52.3104 
0.0758578 0.0301995 52.2861 
0.0758578 0.0363078 52.2511 
0.0758578 0.0436516 52.2005 
0.0758578 0.0524807 52.1276 
0.0758578 0.0630957 52.0223 
0.0758578 0.0758578 51.8706 
0.0758578 0.0912011 51.6523 
0.0758578 0.109648 51.3387 
0.0758578 0.131826 50.8897 
0.0758578 0.158489 50.2494 
0.0758578 0.190546 49.3421 
0.0758578 0.229087 48.0686 
0.0758578 0.275423 46.3065 
0.0758578 0.331131 43.9224 
0.0758578 0.398107 40.8115 
0.0758578 0.47863 36.9963 
0.0758578 0.57544 32.843 
0.0758578 0.691831 29.4702 
0.0758578 0.831764 29.3939 
0.0758578 1 37.1996 
0.0758578 1.20226 59.359 
0.0758578 1.44544 101.461 
0.0758578 1.7378 162.633 
0.0758578 2.0893 234.203 
0.0758578 2.51189 308.45 
0.0758578 3.01995 383.35 
0.0758578 3.63078 457.383 
0.0758578 4.36516 526.189 
0.0758578 5.24807 584.079 
0.0758578 6.30957 626.999 
0.0758578 7.58578 654.167 
0.0758578 9.12011 668.089 
0.0758578 10.9648 673.399 
0.0758578 13.1826 674.731 
0.0758578 15.8489 674.902 
0.0758578 19.0546 674.898 
0.0758578 22.9087 674.893 
0.0758578 27.5423 674.892 
0.0758578 33.1131 674.892 
0.0758578 39.8107 674.892 
0.0758578 47.863 674.892 
0.0758578 57.544 674.892 
0.0758578 69.1831 674.892 
0.0758578 83.1764 674.892 
0.0912011 0.01 52.3544 
0.0912011 0.0120226 52.3498 
0.0912011 0.0144544 52.3431 
0.0912011 0.017378 52.3335 
0.0912011 0.020893 52.3195 
0.0912011 0.0251189 52.2993 
0.0912011 0.0301995 52.2702 
0.0912011 0.0363078 52.2281 
0.0912011 0.0436516 52.1674 
0.0912011 0.0524807 52.0797 
0.0912011 0.0630957 51.9533 
0.0912011 0.0758578 51.7713 
0.0912011 0.0912011 51.5095 
0.0912011 0.109648 51.1341 
0.0912011 0.131826 50.5974 
0.0912011 0.158489 49.8342 
0.0912011 0.190546 48.7572 
0.0912011 0.229087 47.2547 
0.0912011 0.275423 45.1958 
0.0912011 0.331131 42.4527 
0.0912011 0.398107 38.9653 
0.0912011 0.47863 34.8904 
0.0912011 0.57544 30.9082 
0.0912011 0.691831 28.7631 
0.0912011 0.831764 32.0056 
0.0912011 1 46.4497 
0.0912011 1.20226 78.9388 
0.0912011 1.44544 132.706 
0.0912011 1.7378 202.308 
0.0912011 2.0893 278.147 
0.0912011 2.51189 356.051 
0.0912011 3.01995 435.542 
0.0912011 3.63078 513.877 
0.0912011 4.36516 585.281 
0.0912011 5.24807 643.902 
0.0912011 6.30957 686.538 
0.0912011 7.58578 713.313 
0.0912011 9.12011 727.143 
0.0912011 10.9648 732.596 
0.0912011 13.1826 734.094 
0.0912011 15.8489 734.355 
0.0912011 19.0546 734.381 
0.0912011 22.9087 734.382 
0.0912011 27.5423 734.382 
0.0912011 33.1131 734.382 
0.0912011 39.8107 734.382 
0.0912011 47.863 734.382 
0.0912011 57.544 734.382 
0.0912011 69.1831 734.382 
0.0912011 83.1764 734.382 
0.109648 0.01 52.3523 
0.109648 0.0120226 52.3468 
0.109648 0.0144544 52.3388 
0.109648 0.017378 52.3271 
0.109648 0.020893 52.3104 
0.109648 0.0251189 52.2861 
0.109648 0.0301995 52.2511 
0.109648 0.0363078 52.2005 
0.109648 0.0436516 52.1275 
0.109648 0.0524807 52.0223 
0.109648 0.0630957 51.8705 
0.109648 0.0758578 51.6522 
0.109648 0.0912011 51.3385 
0.109648 0.109648 50.8893 
0.109648 0.131826 50.2487 
0.109648 0.158489 49.3407 
0.109648 0.190546 48.0657 
0.109648 0.229087 46.3007 
0.109648 0.275423 43.9112 
0.109648 0.331131 40.7903 
0.109648 0.398107 36.9593 
0.109648 0.47863 32.7858 
0.109648 0.57544 29.4065 
0.109648 0.691831 29.4046 
0.109648 0.831764 37.5489 
0.109648 1 60.6799 
0.109648 1.20226 104.829 
0.109648 1.44544 169.17 
0.109648 1.7378 244.677 
0.109648 2.0893 323.996 
0.109648 2.51189 406.179 
0.109648 3.01995 490.417 
0.109648 3.63078 572.081 
0.109648 4.36516 644.396 
0.109648 5.24807 702.091 
0.109648 6.30957 743.205 
0.109648 7.58578 768.812 
0.109648 9.12011 782.15 
0.109648 10.9648 787.591 
0.109648 13.1826 789.216 
0.109648 15.8489 789.563 
0.109648 19.0546 789.621 
0.109648 22.9087 789.629 
0.109648 27.5423 789.63 
0.109648 33.1131 789.63 
0.109648 39.8107 789.63 
0.109648 47.863 789.63 
0.109648 57.544 789.63 
0.109648 69.1831 789.63 
0.109648 83.1764 789.63 
0.131826 0.01 52.3498 
0.131826 0.0120226 52.3431 
0.131826 0.0144544 52.3335 
0.131826 0.017378 52.3195 
0.131826 0.020893 52.2993 
0.131826 0.0251189 52.2702 
0.131826 0.0301995 52.2281 
0.131826 0.0363078 52.1674 
0.131826 0.0436516 52.0797 
0.131826 0.0524807 51.9533 
0.131826 0.0630957 51.7712 
0.131826 0.0758578 51.5094 
0.131826 0.0912011 51.1339 
0.131826 0.109648 50.597 
0.131826 0.131826 49.8334 
0.131826 0.158489 48.7555 
0.131826 0.190546 47.2513 
0.131826 0.229087 45.1891 
0.131826 0.275423 42.4398 
0.131826 0.331131 38.9417 
0.131826 0.398107 34.8512 
0.131826 0.47863 30.8544 
0.131826 0.57544 28.7266 
0.131826 0.691831 32.1153 
0.131826 0.831764 47.065 
0.131826 1 80.7955 
0.131826 1.20226 136.8 
0.131826 1.44544 209.414 
0.131826 1.7378 288.957 
0.131826 2.0893 372.022 
0.131826 2.51189 459.031 
0.131826 3.01995 547.437 
0.131826 3.63078 630.713 
0.131826 4.36516 701.92 
0.131826 5.24807 757.042 
0.131826 6.30957 795.52 
0.131826 7.58578 819.298 
0.131826 9.12011 831.794 
0.131826 10.9648 837.063 
0.131826 13.1826 838.758 
0.131826 15.8489 839.176 
0.131826 19.0546 839.262 
0.131826 22.9087 839.277 
0.131826 27.5423 839.278 
0.131826 33.1131 839.279 
0.131826 39.8107 839.279 
0.131826 47.863 839.279 
0.131826 57.544 839.279 
0.131826 69.1831 839.279 
0.131826 83.1764 839.279 
0.158489 0.01 52.3468 
0.158489 0.0120226 52.3388 
0.158489 0.0144544 52.3271 
0.158489 0.017378 52.3104 
0.158489 0.020893 52.2861 
0.158489 0.0251189 52.2511 
0.158489 0.0301995 52.2005 
0.158489 0.0363078 52.1275 
0.158489 0.0436516 52.0223 
0.158489 0.0524807 51.8705 
0.158489 0.0630957 51.6521 
0.158489 0.0758578 51.3384 
0.158489 0.0912011 50.8891 
0.158489 0.109648 50.2482 
0.158489 0.131826 49.3397 
0.158489 0.158489 48.0637 
0.158489 0.190546 46.2967 
0.158489 0.229087 43.9034 
0.158489 0.275423 40.7757 
0.158489 0.331131 36.9335 
0.158489 0.398107 32.7461 
0.158489 0.47863 29.3626 
0.158489 0.57544 29.4137 
0.158489 0.691831 37.7994 
0.158489 0.831764 61.6251 
0.158489 1 107.238 
0.158489 1.20226 173.829 
0.158489 1.44544 252.117 
0.158489 1.7378 335.074 
0.158489 2.0893 422.598 
0.158489 2.51189 514.41 
0.158489 3.01995 605.538 
0.158489 3.63078 688.201 
0.158489 4.36516 756.283 
0.158489 5.24807 807.423 
0.158489 6.30957 842.431 
0.158489 7.58578 863.93 
0.158489 9.12011 875.338 
0.158489 10.9648 880.301 
0.158489 13.1826 882.002 
0.158489 15.8489 882.466 
0.158489 19.0546 882.573 
0.158489 22.9087 882.593 
0.158489 27.5423 882.595 
0.158489 33.1131 882.595 
0.158489 39.8107 882.595 
0.158489 47.863 882.595 
0.158489 57.544 882.595 
0.158489 69.1831 882.595 
0.158489 83.1764 882.595 
0.190546 0.01 52.3431 
0.190546 0.0120226 52.3335 
0.190546 0.0144544 52.3195 
0.190546 0.017378 52.2993 
0.190546 0.020893 52.2702 
0.190546 0.0251189 52.2281 
0.190546 0.0301995 52.1674 
0.190546 0.0363078 52.0797 
0.190546 0.0436516 51.9533 
0.190546 0.0524807 51.7712 
0.190546 0.0630957 51.5094 
0.190546 0.0758578 51.1337 
0.190546 0.0912011 50.5967 
0.190546 0.109648 49.8328 
0.190546 0.131826 48.7543 
0.190546 0.158489 47.2489 
0.190546 0.190546 45.1844 
0.190546 0.229087 42.4308 
0.190546 0.275423 38.9254 
0.190546 0.331131 34.824 
0.190546 0.398107 30.8172 
0.190546 0.47863 28.7018 
0.190546 0.57544 32.194 
0.190546 0.691831 47.5028 
0.190546 0.831764 82.1167 
0.190546 1 139.708 
0.190546 1.20226 214.441 
0.190546 1.44544 296.601 
0.190546 1.7378 383.379 
0.190546 2.0893 475.869 
0.190546 2.51189 571.593 
0.190546 3.01995 663.256 
0.190546 3.63078 742.96 
0.190546 4.36516 806.189 
0.190546 5.24807 852.351 
0.190546 6.30957 883.43 
0.190546 7.58578 902.448 
0.190546 9.12011 912.643 
0.190546 10.9648 917.204 
0.190546 13.1826 918.85 
0.190546 15.8489 919.334 
0.190546 19.0546 919.453 
0.190546 22.9087 919.476 
0.190546 27.5423 919.479 
0.190546 33.1131 919.479 
0.190546 39.8107 919.479 
0.190546 47.863 919.479 
0.190546 57.544 919.479 
0.190546 69.1831 919.479 
0.190546 83.1764 919.479 
0.229087 0.01 52.3388 
0.229087 0.0120226 52.3271 
0.229087 0.0144544 52.3104 
0.229087 0.017378 52.2861 
0.229087 0.020893 52.2511 
0.229087 0.0251189 52.2005 
0.229087 0.0301995 52.1275 
0.229087 0.0363078 52.0222 
0.229087 0.0436516 51.8705 
0.229087 0.0524807 51.6521 
0.229087 0.0630957 51.3384 
0.229087 0.0758578 50.889 
0.229087 0.0912011 50.2479 
0.229087 0.109648 49.339 
0.229087 0.131826 48.0623 
0.229087 0.158489 46.294 
0.229087 0.190546 43.898 
0.229087 0.229087 40.7656 
0.229087 0.275423 36.9157 
0.229087 0.331131 32.7186 
0.229087 0.398107 29.3322 
0.229087 0.47863 29.4208 
0.229087 0.57544 37.977 
0.229087 0.691831 62.2945 
0.229087 0.831764 108.944 
0.229087 1 177.117 
0.229087 1.20226 257.354 
0.229087 1.44544 342.889 
0.229087 1.7378 434.253 
0.229087 2.0893 531.525 
0.229087 2.51189 629.34 
0.229087 3.01995 718.984 
0.229087 3.63078 793.634 
0.229087 4.36516 850.774 
0.229087 5.24807 891.469 
0.229087 6.30957 918.535 
0.229087 7.58578 935.08 
0.229087 9.12011 944.034 
0.229087 10.9648 948.133 
0.229087 13.1826 949.673 
0.229087 15.8489 950.151 
0.229087 19.0546 950.273 
0.229087 22.9087 950.298 
0.229087 27.5423 950.301 
0.229087 33.1131 950.301 
0.229087 39.8107 950.301 
0.229087 47.863 950.301 
0.229087 57.544 950.301 
0.229087 69.1831 950.301 
0.229087 83.1764 950.301 
0.275423 0.01 52.3335 
0.275423 0.0120226 52.3195 
0.275423 0.0144544 52.2993 
0.275423 0.017378 52.2702 
0.275423 0.020893 52.2281 
0.275423 0.0251189 52.1674 
0.275423 0.0301995 52.0797 
0.275423 0.0363078 51.9533 
0.275423 0.0436516 51.7712 
0.275423 0.0524807 51.5093 
0.275423 0.0630957 51.1337 
0.275423 0.0758578 50.5965 
0.275423 0.0912011 49.8324 
0.275423 0.109648 48.7535 
0.275423 0.131826 47.2473 
0.275423 0.158489 45.1812 
0.275423 0.190546 42.4246 
0.275423 0.229087 38.9141 
0.275423 0.275423 34.8051 
0.275423 0.331131 30.7914 
0.275423 0.398107 28.6848 
0.275423 0.47863 32.2498 
0.275423 0.57544 47.8116 
0.275423 0.691831 83.0484 
0.275423 0.831764 141.755 
0.275423 1 217.972 
0.275423 1.20226 301.967 
0.275423 1.44544 391.381 
0.275423 1.7378 487.792 
0.275423 2.0893 588.702 
0.275423 2.51189 686.099 
0.275423 3.01995 771.253 
0.275423 3.63078 839.26 
0.275423 4.36516 889.674 
0.275423 5.24807 924.898 
0.275423 6.30957 948.145 
0.275423 7.58578 962.355 
0.275423 9.12011 970.102 
0.275423 10.9648 973.71 
0.275423 13.1826 975.106 
0.275423 15.8489 975.555 
0.275423 19.0546 975.674 
0.275423 22.9087 975.698 
0.275423 27.5423 975.701 
0.275423 33.1131 975.701 
0.275423 39.8107 975.701 
0.275423 47.863 975.701 
0.275423 57.544 975.701 
0.275423 69.1831 975.701 
0.275423 83.1764 975.701 
0.331131 0.01 52.3271 
0.331131 0.0120226 52.3104 
0.331131 0.0144544 52.2861 
0.331131 0.017378 52.2511 
0.331131 0.020893 52.2005 
0.331131 0.0251189 52.1275 
0.331131 0.0301995 52.0222 
0.331131 0.0363078 51.8705 
0.331131 0.0436516 51.6521 
0.331131 0.0524807 51.3383 
0.331131 0.0630957 50.8888 
0.331131 0.0758578 50.2476 
0.331131 0.0912011 49.3385 
0.331131 0.109648 48.0613 
0.331131 0.131826 46.292 
0.331131 0.158489 43.8942 
0.331131 0.190546 40.7585 
0.331131 0.229087 36.9034 
0.331131 0.275423 32.6995 
0.331131 0.331131 29.3112 
0.331131 0.398107 29.4261 
0.331131 0.47863 38.102 
0.331131 0.57544 62.765 
0.331131 0.691831 110.142 
0.331131 0.831764 179.423 
0.331131 1 261.02 
0.331131 1.20226 348.368 
0.331131 1.44544 442.456 
0.331131 1.7378 543.599 
0.331131 2.0893 646.049 
0.331131 2.51189 740.293 
0.331131 3.01995 818.926 
0.331131 3.63078 879.348 
0.331131 4.36516 922.99 
0.331131 5.24807 953.089 
0.331131 6.30957 972.856 
0.331131 7.58578 984.929 
0.331131 9.12011 991.536 
0.331131 10.9648 994.65 
0.331131 13.1826 995.879 
0.331131 15.8489 996.285 
0.331131 19.0546 996.394 
0.331131 22.9087 996.416 
0.331131 27.5423 996.419 
0.331131 33.1131 996.419 
0.331131 39.8107 996.419 
0.331131 47.863 996.419 
0.331131 57.544 996.419 
0.331131 69.1831 996.419 
0.331131 83.1764 996.419 
0.398107 0.01 52.3195 
0.398107 0.0120226 52.2993 
0.398107 0.0144544 52.2702 
0.398107 0.017378 52.2281 
0.398107 0.020893 52.1674 
0.398107 0.0251189 52.0797 
0.398107 0.0301995 51.9533 
0.398107 0.0363078 51.7712 
0.398107 0.0436516 51.5093 
0.398107 0.0524807 51.1336 
0.398107 0.0630957 50.5964 
0.398107 0.0758578 49.8321 
0.398107 0.0912011 48.7529 
0.398107 0.109648 47.2462 
0.398107 0.131826 45.1789 
0.398107 0.158489 42.4203 
0.398107 0.190546 38.9062 
0.398107 0.229087 34.792 
0.398107 0.275423 30.7735 
0.398107 0.331131 28.6731 
0.398107 0.398107 32.2891 
0.398107 0.47863 48.0281 
0.398107 0.57544 83.7017 
0.398107 0.691831 143.19 
0.398107 0.831764 220.439 
0.398107 1 305.716 
0.398107 1.20226 396.987 
0.398107 1.44544 496.17 
0.398107 1.7378 600.707 
0.398107 2.0893 701.978 
0.398107 2.51189 790.579 
0.398107 3.01995 861.303 
0.398107 3.63078 913.881 
0.398107 4.36516 951.155 
0.398107 5.24807 976.652 
0.398107 6.30957 993.32 
0.398107 7.58578 1003.47 
0.398107 9.12011 1009.03 
0.398107 10.9648 1011.66 
0.398107 13.1826 1012.72 
0.398107 15.8489 1013.07 
0.398107 19.0546 1013.17 
0.398107 22.9087 1013.19 
0.398107 27.5423 1013.19 
0.398107 33.1131 1013.19 
0.398107 39.8107 1013.19 
0.398107 47.863 1013.19 
0.398107 57.544 1013.19 
0.398107 69.1831 1013.19 
0.398107 83.1764 1013.19 
0.47863 0.01 52.3104 
0.47863 0.0120226 52.2861 
0.47863 0.0144544 52.2511 
0.47863 0.017378 52.2005 
0.47863 0.020893 52.1275 
0.47863 0.0251189 52.0222 
0.47863 0.0301995 51.8705 
0.47863 0.0363078 51.652 
0.47863 0.0436516 51.3383 
0.47863 0.0524807 50.8888 
0.47863 0.0630957 50.2475 
0.47863 0.0758578 49.3382 
0.47863 0.0912011 48.0607 
0.47863 0.109648 46.2907 
0.47863 0.131826 43.8917 
0.47863 0.158489 40.7537 
0.47863 0.190546 36.8948 
0.47863 0.229087 32.6863 
0.47863 0.275423 29.2967 
0.47863 0.331131 29.43 
0.47863 0.398107 38.1895 
0.47863 0.47863 63.0942 
0.47863 0.57544 110.98 
0.47863 0.691831 181.033 
0.47863 0.831764 263.576 
0.47863 1 352.193 
0.47863 1.20226 448.198 
0.47863 1.44544 552.057 
0.47863 1.7378 657.697 
0.47863 2.0893 754.963 
0.47863 2.51189 835.995 
0.47863 3.01995 898.155 
0.47863 3.63078 943.204 
0.47863 4.36516 974.763 
0.47863 5.24807 996.216 
0.47863 6.30957 1010.16 
0.47863 7.58578 1018.6 
0.47863 9.12011 1023.21 
0.47863 10.9648 1025.4 
0.47863 13.1826 1026.29 
0.47863 15.8489 1026.59 
0.47863 19.0546 1026.67 
0.47863 22.9087 1026.69 
0.47863 27.5423 1026.69 
0.47863 33.1131 1026.69 
0.47863 39.8107 1026.69 
0.47863 47.863 1026.69 
0.47863 57.544 1026.69 
0.47863 69.1831 1026.69 
0.47863 83.1764 1026.69 
0.57544 0.01 52.2993 
0.57544 0.0120226 52.2702 
0.57544 0.0144544 52.2281 
0.57544 0.017378 52.1674 
0.57544 0.020893 52.0797 
0.57544 0.0251189 51.9533 
0.57544 0.0301995 51.7712 
0.57544 0.0363078 51.5093 
0.57544 0.0436516 51.1335 
0.57544 0.0524807 50.5963 
0.57544 0.0630957 49.8319 
0.57544 0.0758578 48.7525 
0.57544 0.0912011 47.2454 
0.57544 0.109648 45.1774 
0.57544 0.131826 42.4174 
0.57544 0.158489 38.9008 
0.57544 0.190546 34.783 
0.57544 0.229087 30.7612 
0.57544 0.275423 28.6651 
0.57544 0.331131 32.3167 
0.57544 0.398107 48.1793 
0.57544 0.47863 84.1578 
0.57544 0.57544 144.19 
0.57544 0.691831 222.158 
0.57544 0.831764 308.328 
0.57544 1 400.898 
0.57544 1.20226 502.025 
0.57544 1.44544 609.083 
0.57544 1.7378 712.971 
0.57544 2.0893 803.763 
0.57544 2.51189 876.03 
0.57544 3.01995 929.666 
0.57544 3.63078 967.875 
0.57544 4.36516 994.436 
0.57544 5.24807 1012.37 
0.57544 6.30957 1023.93 
0.57544 7.58578 1030.88 
0.57544 9.12011 1034.66 
0.57544 10.9648 1036.45 
0.57544 13.1826 1037.18 
0.57544 15.8489 1037.43 
0.57544 19.0546 1037.5 
0.57544 22.9087 1037.51 
0.57544 27.5423 1037.51 
0.57544 33.1131 1037.51 
0.57544 39.8107 1037.51 
0.57544 47.863 1037.51 
0.57544 57.544 1037.51 
0.57544 69.1831 1037.51 
0.57544 83.1764 1037.51 
0.691831 0.01 52.2861 
0.691831 0.0120226 52.2511 
0.691831 0.0144544 52.2005 
0.691831 0.017378 52.1275 
0.691831 0.020893 52.0222 
0.691831 0.0251189 51.8705 
0.691831 0.0301995 51.652 
0.691831 0.0363078 51.3382 
0.691831 0.0436516 50.8887 
0.691831 0.0524807 50.2474 
0.691831 0.0630957 49.338 
0.691831 0.0758578 48.0602 
0.691831 0.0912011 46.2898 
0.691831 0.109648 43.8899 
0.691831 0.131826 40.7503 
0.691831 0.158489 36.8889 
0.691831 0.190546 32.6772 
0.691831 0.229087 29.2867 
0.691831 0.275423 29.4328 
0.691831 0.331131 38.2505 
0.691831 0.398107 63.3237 
0.691831 0.47863 111.564 
0.691831 0.57544 182.154 
0.691831 0.691831 265.355 
0.691831 0.831764 354.855 
0.691831 1 452.201 
0.691831 1.20226 557.957 
0.691831 1.44544 665.787 
0.691831 1.7378 765.049 
0.691831 2.0893 847.546 
0.691831 2.51189 910.621 
0.691831 3.01995 956.308 
0.691831 3.63078 988.513 
0.691831 4.36516 1010.75 
0.691831 5.24807 1025.63 
0.691831 6.30957 1035.13 
0.691831 7.58578 1040.79 
0.691831 9.12011 1043.85 
0.691831 10.9648 1045.31 
0.691831 13.1826 1045.9 
0.691831 15.8489 1046.1 
0.691831 19.0546 1046.15 
0.691831 22.9087 1046.16 
0.691831 27.5423 1046.17 
0.691831 33.1131 1046.17 
0.691831 39.8107 1046.17 
0.691831 47.863 1046.17 
0.691831 57.544 1046.17 
0.691831 69.1831 1046.17 
0.691831 83.1764 1046.17 
0.831764 0.01 52.2702 
0.831764 0.0120226 52.2281 
0.831764 0.0144544 52.1674 
0.831764 0.017378 52.0797 
0.831764 0.020893 51.9533 
0.831764 0.0251189 51.7711 
0.831764 0.0301995 51.5093 
0.831764 0.0363078 51.1335 
0.831764 0.0436516 50.5962 
0.831764 0.0524807 49.8318 
0.831764 0.0630957 48.7523 
0.831764 0.0758578 47.2449 
0.831764 0.0912011 45.1763 
0.831764 0.109648 42.4153 
0.831764 0.131826 38.8971 
0.831764 0.158489 34.7767 
0.831764 0.190546 30.7526 
0.831764 0.229087 28.6595 
0.831764 0.275423 32.3359 
0.831764 0.331131 48.2846 
0.831764 0.398107 84.4754 
0.831764 0.47863 144.886 
0.831764 0.57544 223.353 
0.831764 0.691831 310.143 
0.831764 0.831764 403.619 
0.831764 1 506.105 
0.831764 1.20226 614.91 
0.831764 1.44544 720.57 
0.831764 1.7378 812.772 
0.831764 2.0893 885.931 
0.831764 2.51189 940.075 
0.831764 3.01995 978.681 
0.831764 3.63078 1005.7 
0.831764 4.36516 1024.2 
0.831764 5.24807 1036.45 
0.831764 6.30957 1044.19 
0.831764 7.58578 1048.76 
0.831764 9.12011 1051.22 
0.831764 10.9648 1052.39 
0.831764 13.1826 1052.86 
0.831764 15.8489 1053.02 
0.831764 19.0546 1053.06 
0.831764 22.9087 1053.07 
0.831764 27.5423 1053.07 
0.831764 33.1131 1053.07 
0.831764 39.8107 1053.07 
0.831764 47.863 1053.07 
0.831764 57.544 1053.07 
0.831764 69.1831 1053.07 
0.831764 83.1764 1053.07 
