-4 -2 20.9816 
-4 -1.92 20.9816 
-4 -1.84 20.9816 
-4 -1.76 20.9816 
-4 -1.68 20.9816 
-4 -1.6 20.9815 
-4 -1.52 20.9815 
-4 -1.44 20.9815 
-4 -1.36 20.9815 
-4 -1.28 20.9814 
-4 -1.2 20.9814 
-4 -1.12 20.9813 
-4 -1.04 20.9811 
-4 -0.96 20.9809 
-4 -0.88 20.9806 
-4 -0.8 20.9802 
-4 -0.72 20.9795 
-4 -0.64 20.9786 
-4 -0.56 20.9773 
-4 -0.48 20.9755 
-4 -0.4 20.9728 
-4 -0.32 20.9689 
-4 -0.24 20.9633 
-4 -0.16 20.9553 
-4 -0.08 20.944 
-4 6.93889e-16 20.928 
-4 0.08 20.9057 
-4 0.16 20.8749 
-4 0.24 20.8334 
-4 0.32 20.7791 
-4 0.4 20.7108 
-4 0.48 20.6297 
-4 0.56 20.5404 
-4 0.64 20.4515 
-4 0.72 20.3741 
-4 0.8 20.317 
-4 0.88 20.2831 
-4 0.96 20.2676 
-4 1.04 20.2624 
-4 1.12 20.2612 
-4 1.2 20.261 
-4 1.28 20.261 
-4 1.36 20.261 
-4 1.44 20.261 
-4 1.52 20.261 
-4 1.6 20.261 
-4 1.68 20.261 
-4 1.76 20.261 
-4 1.84 20.261 
-4 1.92 20.261 
-3.92 -2 20.9816 
-3.92 -1.92 20.9816 
-3.92 -1.84 20.9816 
-3.92 -1.76 20.9816 
-3.92 -1.68 20.9816 
-3.92 -1.6 20.9815 
-3.92 -1.52 20.9815 
-3.92 -1.44 20.9815 
-3.92 -1.36 20.9815 
-3.92 -1.28 20.9814 
-3.92 -1.2 20.9813 
-3.92 -1.12 20.9812 
-3.92 -1.04 20.981 
-3.92 -0.96 20.9808 
-3.92 -0.88 20.9804 
-3.92 -0.8 20.9799 
-3.92 -0.72 20.9791 
-3.92 -0.64 20.9781 
-3.92 -0.56 20.9765 
-3.92 -0.48 20.9742 
-3.92 -0.4 20.971 
-3.92 -0.32 20.9663 
-3.92 -0.24 20.9596 
-3.92 -0.16 20.95 
-3.92 -0.08 20.9364 
-3.92 6.93889e-16 20.9172 
-3.92 0.08 20.8903 
-3.92 0.16 20.8534 
-3.92 0.24 20.8036 
-3.92 0.32 20.7384 
-3.92 0.4 20.6564 
-3.92 0.48 20.5592 
-3.92 0.56 20.4522 
-3.92 0.64 20.3459 
-3.92 0.72 20.2533 
-3.92 0.8 20.1852 
-3.92 0.88 20.1448 
-3.92 0.96 20.1264 
-3.92 1.04 20.1202 
-3.92 1.12 20.1188 
-3.92 1.2 20.1185 
-3.92 1.28 20.1185 
-3.92 1.36 20.1185 
-3.92 1.44 20.1185 
-3.92 1.52 20.1185 
-3.92 1.6 20.1185 
-3.92 1.68 20.1185 
-3.92 1.76 20.1185 
-3.92 1.84 20.1185 
-3.92 1.92 20.1185 
-3.84 -2 20.9816 
-3.84 -1.92 20.9816 
-3.84 -1.84 20.9816 
-3.84 -1.76 20.9816 
-3.84 -1.68 20.9815 
-3.84 -1.6 20.9815 
-3.84 -1.52 20.9815 
-3.84 -1.44 20.9815 
-3.84 -1.36 20.9814 
-3.84 -1.28 20.9814 
-3.84 -1.2 20.9813 
-3.84 -1.12 20.9811 
-3.84 -1.04 20.9809 
-3.84 -0.96 20.9806 
-3.84 -0.88 20.9802 
-3.84 -0.8 20.9795 
-3.84 -0.72 20.9786 
-3.84 -0.64 20.9773 
-3.84 -0.56 20.9755 
-3.84 -0.48 20.9727 
-3.84 -0.4 20.9688 
-3.84 -0.32 20.9632 
-3.84 -0.24 20.9552 
-3.84 -0.16 20.9436 
-3.84 -0.08 20.9273 
-3.84 6.93889e-16 20.9042 
-3.84 0.08 20.8719 
-3.84 0.16 20.8275 
-3.84 0.24 20.7677 
-3.84 0.32 20.6895 
-3.84 0.4 20.5912 
-3.84 0.48 20.4747 
-3.84 0.56 20.3466 
-3.84 0.64 20.2195 
-3.84 0.72 20.109 
-3.84 0.8 20.028 
-3.84 0.88 19.9799 
-3.84 0.96 19.958 
-3.84 1.04 19.9507 
-3.84 1.12 19.949 
-3.84 1.2 19.9487 
-3.84 1.28 19.9487 
-3.84 1.36 19.9487 
-3.84 1.44 19.9487 
-3.84 1.52 19.9487 
-3.84 1.6 19.9487 
-3.84 1.68 19.9487 
-3.84 1.76 19.9487 
-3.84 1.84 19.9487 
-3.84 1.92 19.9487 
-3.76 -2 20.9816 
-3.76 -1.92 20.9816 
-3.76 -1.84 20.9816 
-3.76 -1.76 20.9816 
-3.76 -1.68 20.9815 
-3.76 -1.6 20.9815 
-3.76 -1.52 20.9815 
-3.76 -1.44 20.9815 
-3.76 -1.36 20.9814 
-3.76 -1.28 20.9813 
-3.76 -1.2 20.9812 
-3.76 -1.12 20.981 
-3.76 -1.04 20.9808 
-3.76 -0.96 20.9804 
-3.76 -0.88 20.9799 
-3.76 -0.8 20.9791 
-3.76 -0.72 20.978 
-3.76 -0.64 20.9765 
-3.76 -0.56 20.9742 
-3.76 -0.48 20.971 
-3.76 -0.4 20.9663 
-3.76 -0.32 20.9595 
-3.76 -0.24 20.9498 
-3.76 -0.16 20.936 
-3.76 -0.08 20.9163 
-3.76 6.93889e-16 20.8886 
-3.76 0.08 20.8498 
-3.76 0.16 20.7965 
-3.76 0.24 20.7247 
-3.76 0.32 20.6308 
-3.76 0.4 20.513 
-3.76 0.48 20.3735 
-3.76 0.56 20.2204 
-3.76 0.64 20.0686 
-3.76 0.72 19.937 
-3.76 0.8 19.8406 
-3.76 0.88 19.7836 
-3.76 0.96 19.7577 
-3.76 1.04 19.7491 
-3.76 1.12 19.747 
-3.76 1.2 19.7467 
-3.76 1.28 19.7467 
-3.76 1.36 19.7467 
-3.76 1.44 19.7467 
-3.76 1.52 19.7467 
-3.76 1.6 19.7467 
-3.76 1.68 19.7467 
-3.76 1.76 19.7467 
-3.76 1.84 19.7467 
-3.76 1.92 19.7467 
-3.68 -2 20.9816 
-3.68 -1.92 20.9816 
-3.68 -1.84 20.9816 
-3.68 -1.76 20.9815 
-3.68 -1.68 20.9815 
-3.68 -1.6 20.9815 
-3.68 -1.52 20.9815 
-3.68 -1.44 20.9814 
-3.68 -1.36 20.9814 
-3.68 -1.28 20.9813 
-3.68 -1.2 20.9811 
-3.68 -1.12 20.9809 
-3.68 -1.04 20.9806 
-3.68 -0.96 20.9802 
-3.68 -0.88 20.9795 
-3.68 -0.8 20.9786 
-3.68 -0.72 20.9773 
-3.68 -0.64 20.9754 
-3.68 -0.56 20.9727 
-3.68 -0.48 20.9688 
-3.68 -0.4 20.9632 
-3.68 -0.32 20.955 
-3.68 -0.24 20.9434 
-3.68 -0.16 20.9268 
-3.68 -0.08 20.9031 
-3.68 6.93889e-16 20.8698 
-3.68 0.08 20.8232 
-3.68 0.16 20.7592 
-3.68 0.24 20.673 
-3.68 0.32 20.5604 
-3.68 0.4 20.4194 
-3.68 0.48 20.2524 
-3.68 0.56 20.0695 
-3.68 0.64 19.8887 
-3.68 0.72 19.7321 
-3.68 0.8 19.6178 
-3.68 0.88 19.5504 
-3.68 0.96 19.5198 
-3.68 1.04 19.5097 
-3.68 1.12 19.5073 
-3.68 1.2 19.5069 
-3.68 1.28 19.5069 
-3.68 1.36 19.5069 
-3.68 1.44 19.5069 
-3.68 1.52 19.5069 
-3.68 1.6 19.5069 
-3.68 1.68 19.5069 
-3.68 1.76 19.5069 
-3.68 1.84 19.5069 
-3.68 1.92 19.5069 
-3.6 -2 20.9816 
-3.6 -1.92 20.9816 
-3.6 -1.84 20.9816 
-3.6 -1.76 20.9815 
-3.6 -1.68 20.9815 
-3.6 -1.6 20.9815 
-3.6 -1.52 20.9815 
-3.6 -1.44 20.9814 
-3.6 -1.36 20.9813 
-3.6 -1.28 20.9812 
-3.6 -1.2 20.981 
-3.6 -1.12 20.9808 
-3.6 -1.04 20.9804 
-3.6 -0.96 20.9799 
-3.6 -0.88 20.9791 
-3.6 -0.8 20.978 
-3.6 -0.72 20.9765 
-3.6 -0.64 20.9742 
-3.6 -0.56 20.9709 
-3.6 -0.48 20.9662 
-3.6 -0.4 20.9594 
-3.6 -0.32 20.9497 
-3.6 -0.24 20.9357 
-3.6 -0.16 20.9157 
-3.6 -0.08 20.8873 
-3.6 6.93889e-16 20.8472 
-3.6 0.08 20.7913 
-3.6 0.16 20.7145 
-3.6 0.24 20.6111 
-3.6 0.32 20.4762 
-3.6 0.4 20.3073 
-3.6 0.48 20.1077 
-3.6 0.56 19.8896 
-3.6 0.64 19.6744 
-3.6 0.72 19.4886 
-3.6 0.8 19.3534 
-3.6 0.88 19.274 
-3.6 0.96 19.2381 
-3.6 1.04 19.2263 
-3.6 1.12 19.2235 
-3.6 1.2 19.2231 
-3.6 1.28 19.223 
-3.6 1.36 19.223 
-3.6 1.44 19.223 
-3.6 1.52 19.223 
-3.6 1.6 19.223 
-3.6 1.68 19.223 
-3.6 1.76 19.223 
-3.6 1.84 19.223 
-3.6 1.92 19.223 
-3.52 -2 20.9816 
-3.52 -1.92 20.9816 
-3.52 -1.84 20.9815 
-3.52 -1.76 20.9815 
-3.52 -1.68 20.9815 
-3.52 -1.6 20.9815 
-3.52 -1.52 20.9814 
-3.52 -1.44 20.9814 
-3.52 -1.36 20.9813 
-3.52 -1.28 20.9811 
-3.52 -1.2 20.9809 
-3.52 -1.12 20.9806 
-3.52 -1.04 20.9802 
-3.52 -0.96 20.9795 
-3.52 -0.88 20.9786 
-3.52 -0.8 20.9773 
-3.52 -0.72 20.9754 
-3.52 -0.64 20.9727 
-3.52 -0.56 20.9688 
-3.52 -0.48 20.9631 
-3.52 -0.4 20.955 
-3.52 -0.32 20.9432 
-3.52 -0.24 20.9264 
-3.52 -0.16 20.9024 
-3.52 -0.08 20.8683 
-3.52 6.93889e-16 20.8201 
-3.52 0.08 20.753 
-3.52 0.16 20.6608 
-3.52 0.24 20.5368 
-3.52 0.32 20.3752 
-3.52 0.4 20.1732 
-3.52 0.48 19.935 
-3.52 0.56 19.6753 
-3.52 0.64 19.4198 
-3.52 0.72 19.2 
-3.52 0.8 19.0408 
-3.52 0.88 18.9476 
-3.52 0.96 18.9057 
-3.52 1.04 18.8919 
-3.52 1.12 18.8888 
-3.52 1.2 18.8883 
-3.52 1.28 18.8882 
-3.52 1.36 18.8882 
-3.52 1.44 18.8882 
-3.52 1.52 18.8882 
-3.52 1.6 18.8882 
-3.52 1.68 18.8882 
-3.52 1.76 18.8882 
-3.52 1.84 18.8882 
-3.52 1.92 18.8882 
-3.44 -2 20.9816 
-3.44 -1.92 20.9816 
-3.44 -1.84 20.9815 
-3.44 -1.76 20.9815 
-3.44 -1.68 20.9815 
-3.44 -1.6 20.9815 
-3.44 -1.52 20.9814 
-3.44 -1.44 20.9813 
-3.44 -1.36 20.9812 
-3.44 -1.28 20.981 
-3.44 -1.2 20.9808 
-3.44 -1.12 20.9804 
-3.44 -1.04 20.9799 
-3.44 -0.96 20.9791 
-3.44 -0.88 20.978 
-3.44 -0.8 20.9765 
-3.44 -0.72 20.9742 
-3.44 -0.64 20.9709 
-3.44 -0.56 20.9662 
-3.44 -0.48 20.9594 
-3.44 -0.4 20.9496 
-3.44 -0.32 20.9355 
-3.44 -0.24 20.9153 
-3.44 -0.16 20.8864 
-3.44 -0.08 20.8454 
-3.44 6.93889e-16 20.7876 
-3.44 0.08 20.707 
-3.44 0.16 20.5964 
-3.44 0.24 20.4479 
-3.44 0.32 20.2544 
-3.44 0.4 20.0131 
-3.44 0.48 19.7292 
-3.44 0.56 19.4205 
-3.44 0.64 19.118 
-3.44 0.72 18.8591 
-3.44 0.8 18.6723 
-3.44 0.88 18.5636 
-3.44 0.96 18.5151 
-3.44 1.04 18.4992 
-3.44 1.12 18.4956 
-3.44 1.2 18.495 
-3.44 1.28 18.495 
-3.44 1.36 18.495 
-3.44 1.44 18.495 
-3.44 1.52 18.495 
-3.44 1.6 18.495 
-3.44 1.68 18.495 
-3.44 1.76 18.495 
-3.44 1.84 18.495 
-3.44 1.92 18.495 
-3.36 -2 20.9816 
-3.36 -1.92 20.9815 
-3.36 -1.84 20.9815 
-3.36 -1.76 20.9815 
-3.36 -1.68 20.9815 
-3.36 -1.6 20.9814 
-3.36 -1.52 20.9814 
-3.36 -1.44 20.9813 
-3.36 -1.36 20.9811 
-3.36 -1.28 20.9809 
-3.36 -1.2 20.9806 
-3.36 -1.12 20.9802 
-3.36 -1.04 20.9795 
-3.36 -0.96 20.9786 
-3.36 -0.88 20.9773 
-3.36 -0.8 20.9754 
-3.36 -0.72 20.9727 
-3.36 -0.64 20.9688 
-3.36 -0.56 20.9631 
-3.36 -0.48 20.9549 
-3.36 -0.4 20.9431 
-3.36 -0.32 20.9262 
-3.36 -0.24 20.9019 
-3.36 -0.16 20.8672 
-3.36 -0.08 20.818 
-3.36 6.93889e-16 20.7486 
-3.36 0.08 20.6519 
-3.36 0.16 20.5192 
-3.36 0.24 20.3413 
-3.36 0.32 20.11 
-3.36 0.4 19.8221 
-3.36 0.48 19.4843 
-3.36 0.56 19.1184 
-3.36 0.64 18.7616 
-3.36 0.72 18.4577 
-3.36 0.8 18.24 
-3.36 0.88 18.1142 
-3.36 0.96 18.0585 
-3.36 1.04 18.0405 
-3.36 1.12 18.0364 
-3.36 1.2 18.0357 
-3.36 1.28 18.0357 
-3.36 1.36 18.0357 
-3.36 1.44 18.0357 
-3.36 1.52 18.0357 
-3.36 1.6 18.0357 
-3.36 1.68 18.0357 
-3.36 1.76 18.0357 
-3.36 1.84 18.0357 
-3.36 1.92 18.0357 
-3.28 -2 20.9816 
-3.28 -1.92 20.9815 
-3.28 -1.84 20.9815 
-3.28 -1.76 20.9815 
-3.28 -1.68 20.9815 
-3.28 -1.6 20.9814 
-3.28 -1.52 20.9813 
-3.28 -1.44 20.9812 
-3.28 -1.36 20.981 
-3.28 -1.28 20.9808 
-3.28 -1.2 20.9804 
-3.28 -1.12 20.9799 
-3.28 -1.04 20.9791 
-3.28 -0.96 20.978 
-3.28 -0.88 20.9765 
-3.28 -0.8 20.9742 
-3.28 -0.72 20.9709 
-3.28 -0.64 20.9662 
-3.28 -0.56 20.9594 
-3.28 -0.48 20.9495 
-3.28 -0.4 20.9353 
-3.28 -0.32 20.915 
-3.28 -0.24 20.8858 
-3.28 -0.16 20.8441 
-3.28 -0.08 20.785 
-3.28 6.93889e-16 20.7017 
-3.28 0.08 20.5857 
-3.28 0.16 20.4268 
-3.28 0.24 20.2139 
-3.28 0.32 19.9376 
-3.28 0.4 19.5946 
-3.28 0.48 19.1937 
-3.28 0.56 18.7614 
-3.28 0.64 18.3422 
-3.28 0.72 17.9877 
-3.28 0.8 17.7358 
-3.28 0.88 17.5917 
-3.28 0.96 17.5285 
-3.28 1.04 17.5083 
-3.28 1.12 17.5037 
-3.28 1.2 17.503 
-3.28 1.28 17.503 
-3.28 1.36 17.503 
-3.28 1.44 17.503 
-3.28 1.52 17.503 
-3.28 1.6 17.503 
-3.28 1.68 17.503 
-3.28 1.76 17.503 
-3.28 1.84 17.503 
-3.28 1.92 17.503 
-3.2 -2 20.9815 
-3.2 -1.92 20.9815 
-3.2 -1.84 20.9815 
-3.2 -1.76 20.9815 
-3.2 -1.68 20.9814 
-3.2 -1.6 20.9814 
-3.2 -1.52 20.9813 
-3.2 -1.44 20.9811 
-3.2 -1.36 20.9809 
-3.2 -1.28 20.9806 
-3.2 -1.2 20.9802 
-3.2 -1.12 20.9795 
-3.2 -1.04 20.9786 
-3.2 -0.96 20.9773 
-3.2 -0.88 20.9754 
-3.2 -0.8 20.9727 
-3.2 -0.72 20.9688 
-3.2 -0.64 20.9631 
-3.2 -0.56 20.9549 
-3.2 -0.48 20.943 
-3.2 -0.4 20.926 
-3.2 -0.32 20.9015 
-3.2 -0.24 20.8665 
-3.2 -0.16 20.8164 
-3.2 -0.08 20.7454 
-3.2 6.93889e-16 20.6455 
-3.2 0.08 20.5064 
-3.2 0.16 20.3161 
-3.2 0.24 20.0615 
-3.2 0.32 19.732 
-3.2 0.4 19.3243 
-3.2 0.48 18.8497 
-3.2 0.56 18.3409 
-3.2 0.64 17.8512 
-3.2 0.72 17.4407 
-3.2 0.8 17.1521 
-3.2 0.88 16.989 
-3.2 0.96 16.9186 
-3.2 1.04 16.8964 
-3.2 1.12 16.8915 
-3.2 1.2 16.8908 
-3.2 1.28 16.8907 
-3.2 1.36 16.8907 
-3.2 1.44 16.8907 
-3.2 1.52 16.8907 
-3.2 1.6 16.8907 
-3.2 1.68 16.8907 
-3.2 1.76 16.8907 
-3.2 1.84 16.8907 
-3.2 1.92 16.8907 
-3.12 -2 20.9815 
-3.12 -1.92 20.9815 
-3.12 -1.84 20.9815 
-3.12 -1.76 20.9815 
-3.12 -1.68 20.9814 
-3.12 -1.6 20.9813 
-3.12 -1.52 20.9812 
-3.12 -1.44 20.981 
-3.12 -1.36 20.9808 
-3.12 -1.28 20.9804 
-3.12 -1.2 20.9799 
-3.12 -1.12 20.9791 
-3.12 -1.04 20.978 
-3.12 -0.96 20.9765 
-3.12 -0.88 20.9742 
-3.12 -0.8 20.9709 
-3.12 -0.72 20.9662 
-3.12 -0.64 20.9593 
-3.12 -0.56 20.9495 
-3.12 -0.48 20.9352 
-3.12 -0.4 20.9148 
-3.12 -0.32 20.8853 
-3.12 -0.24 20.8432 
-3.12 -0.16 20.7831 
-3.12 -0.08 20.6979 
-3.12 6.93889e-16 20.578 
-3.12 0.08 20.4114 
-3.12 0.16 20.1837 
-3.12 0.24 19.8797 
-3.12 0.32 19.4874 
-3.12 0.4 19.0038 
-3.12 0.48 18.4441 
-3.12 0.56 17.8482 
-3.12 0.64 17.28 
-3.12 0.72 16.8093 
-3.12 0.8 16.4829 
-3.12 0.88 16.3016 
-3.12 0.96 16.2248 
-3.12 1.04 16.2013 
-3.12 1.12 16.1962 
-3.12 1.2 16.1955 
-3.12 1.28 16.1954 
-3.12 1.36 16.1954 
-3.12 1.44 16.1954 
-3.12 1.52 16.1954 
-3.12 1.6 16.1954 
-3.12 1.68 16.1954 
-3.12 1.76 16.1954 
-3.12 1.84 16.1954 
-3.12 1.92 16.1954 
-3.04 -2 20.9815 
-3.04 -1.92 20.9815 
-3.04 -1.84 20.9815 
-3.04 -1.76 20.9814 
-3.04 -1.68 20.9814 
-3.04 -1.6 20.9813 
-3.04 -1.52 20.9811 
-3.04 -1.44 20.9809 
-3.04 -1.36 20.9806 
-3.04 -1.28 20.9802 
-3.04 -1.2 20.9795 
-3.04 -1.12 20.9786 
-3.04 -1.04 20.9773 
-3.04 -0.96 20.9754 
-3.04 -0.88 20.9727 
-3.04 -0.8 20.9688 
-3.04 -0.72 20.9631 
-3.04 -0.64 20.9548 
-3.04 -0.56 20.943 
-3.04 -0.48 20.9259 
-3.04 -0.4 20.9013 
-3.04 -0.32 20.8659 
-3.04 -0.24 20.8153 
-3.04 -0.16 20.7432 
-3.04 -0.08 20.6409 
-3.04 6.93889e-16 20.4972 
-3.04 0.08 20.2977 
-3.04 0.16 20.0254 
-3.04 0.24 19.663 
-3.04 0.32 19.1969 
-3.04 0.4 18.6251 
-3.04 0.48 17.9678 
-3.04 0.56 17.2744 
-3.04 0.64 16.6209 
-3.04 0.72 16.088 
-3.04 0.8 15.7254 
-3.04 0.88 15.5288 
-3.04 0.96 15.4479 
-3.04 1.04 15.4241 
-3.04 1.12 15.4192 
-3.04 1.2 15.4185 
-3.04 1.28 15.4184 
-3.04 1.36 15.4184 
-3.04 1.44 15.4184 
-3.04 1.52 15.4184 
-3.04 1.6 15.4184 
-3.04 1.68 15.4184 
-3.04 1.76 15.4184 
-3.04 1.84 15.4184 
-3.04 1.92 15.4184 
-2.96 -2 20.9815 
-2.96 -1.92 20.9815 
-2.96 -1.84 20.9815 
-2.96 -1.76 20.9814 
-2.96 -1.68 20.9813 
-2.96 -1.6 20.9812 
-2.96 -1.52 20.981 
-2.96 -1.44 20.9808 
-2.96 -1.36 20.9804 
-2.96 -1.28 20.9799 
-2.96 -1.2 20.9791 
-2.96 -1.12 20.978 
-2.96 -1.04 20.9765 
-2.96 -0.96 20.9742 
-2.96 -0.88 20.9709 
-2.96 -0.8 20.9662 
-2.96 -0.72 20.9593 
-2.96 -0.64 20.9494 
-2.96 -0.56 20.9352 
-2.96 -0.48 20.9146 
-2.96 -0.4 20.885 
-2.96 -0.32 20.8426 
-2.96 -0.24 20.7818 
-2.96 -0.16 20.6952 
-2.96 -0.08 20.5726 
-2.96 6.93889e-16 20.4004 
-2.96 0.08 20.1616 
-2.96 0.16 19.8366 
-2.96 0.24 19.4053 
-2.96 0.32 18.8529 
-2.96 0.4 18.1794 
-2.96 0.48 17.4116 
-2.96 0.56 16.6112 
-2.96 0.64 15.8687 
-2.96 0.72 15.2755 
-2.96 0.8 14.8828 
-2.96 0.88 14.6772 
-2.96 0.96 14.5966 
-2.96 1.04 14.5743 
-2.96 1.12 14.5702 
-2.96 1.2 14.5696 
-2.96 1.28 14.5696 
-2.96 1.36 14.5696 
-2.96 1.44 14.5696 
-2.96 1.52 14.5696 
-2.96 1.6 14.5696 
-2.96 1.68 14.5696 
-2.96 1.76 14.5696 
-2.96 1.84 14.5696 
-2.96 1.92 14.5696 
-2.88 -2 20.9815 
-2.88 -1.92 20.9815 
-2.88 -1.84 20.9814 
-2.88 -1.76 20.9814 
-2.88 -1.68 20.9813 
-2.88 -1.6 20.9811 
-2.88 -1.52 20.9809 
-2.88 -1.44 20.9806 
-2.88 -1.36 20.9802 
-2.88 -1.28 20.9795 
-2.88 -1.2 20.9786 
-2.88 -1.12 20.9773 
-2.88 -1.04 20.9754 
-2.88 -0.96 20.9727 
-2.88 -0.88 20.9688 
-2.88 -0.8 20.963 
-2.88 -0.72 20.9548 
-2.88 -0.64 20.9429 
-2.88 -0.56 20.9258 
-2.88 -0.48 20.9011 
-2.88 -0.4 20.8656 
-2.88 -0.32 20.8146 
-2.88 -0.24 20.7416 
-2.88 -0.16 20.6377 
-2.88 -0.08 20.4907 
-2.88 6.93889e-16 20.2845 
-2.88 0.08 19.9991 
-2.88 0.16 19.6117 
-2.88 0.24 19.0994 
-2.88 0.32 18.4468 
-2.88 0.4 17.6573 
-2.88 0.48 16.7669 
-2.88 0.56 15.8526 
-2.88 0.64 15.0222 
-2.88 0.72 14.3778 
-2.88 0.8 13.9681 
-2.88 0.88 13.7654 
-2.88 0.96 13.6925 
-2.88 1.04 13.675 
-2.88 1.12 13.6724 
-2.88 1.2 13.6722 
-2.88 1.28 13.6722 
-2.88 1.36 13.6722 
-2.88 1.44 13.6722 
-2.88 1.52 13.6722 
-2.88 1.6 13.6722 
-2.88 1.68 13.6722 
-2.88 1.76 13.6722 
-2.88 1.84 13.6722 
-2.88 1.92 13.6722 
-2.8 -2 20.9815 
-2.8 -1.92 20.9815 
-2.8 -1.84 20.9814 
-2.8 -1.76 20.9813 
-2.8 -1.68 20.9812 
-2.8 -1.6 20.981 
-2.8 -1.52 20.9808 
-2.8 -1.44 20.9804 
-2.8 -1.36 20.9799 
-2.8 -1.28 20.9791 
-2.8 -1.2 20.978 
-2.8 -1.12 20.9765 
-2.8 -1.04 20.9742 
-2.8 -0.96 20.9709 
-2.8 -0.88 20.9662 
-2.8 -0.8 20.9593 
-2.8 -0.72 20.9494 
-2.8 -0.64 20.9351 
-2.8 -0.56 20.9145 
-2.8 -0.48 20.8848 
-2.8 -0.4 20.8422 
-2.8 -0.32 20.7809 
-2.8 -0.24 20.6934 
-2.8 -0.16 20.5687 
-2.8 -0.08 20.3925 
-2.8 6.93889e-16 20.1459 
-2.8 0.08 19.8053 
-2.8 0.16 19.3442 
-2.8 0.24 18.7374 
-2.8 0.32 17.9696 
-2.8 0.4 17.0495 
-2.8 0.48 16.0262 
-2.8 0.56 14.9965 
-2.8 0.64 14.0882 
-2.8 0.72 13.4129 
-2.8 0.8 13.0103 
-2.8 0.88 12.8309 
-2.8 0.96 12.7778 
-2.8 1.04 12.7701 
-2.8 1.12 12.7706 
-2.8 1.2 12.7709 
-2.8 1.28 12.771 
-2.8 1.36 12.771 
-2.8 1.44 12.771 
-2.8 1.52 12.771 
-2.8 1.6 12.771 
-2.8 1.68 12.771 
-2.8 1.76 12.771 
-2.8 1.84 12.771 
-2.8 1.92 12.771 
-2.72 -2 20.9815 
-2.72 -1.92 20.9814 
-2.72 -1.84 20.9814 
-2.72 -1.76 20.9813 
-2.72 -1.68 20.9811 
-2.72 -1.6 20.9809 
-2.72 -1.52 20.9806 
-2.72 -1.44 20.9802 
-2.72 -1.36 20.9795 
-2.72 -1.28 20.9786 
-2.72 -1.2 20.9773 
-2.72 -1.12 20.9754 
-2.72 -1.04 20.9727 
-2.72 -0.96 20.9688 
-2.72 -0.88 20.963 
-2.72 -0.8 20.9548 
-2.72 -0.72 20.9429 
-2.72 -0.64 20.9257 
-2.72 -0.56 20.901 
-2.72 -0.48 20.8653 
-2.72 -0.4 20.8141 
-2.72 -0.32 20.7405 
-2.72 -0.24 20.6355 
-2.72 -0.16 20.4861 
-2.72 -0.08 20.2751 
-2.72 6.93889e-16 19.9803 
-2.72 0.08 19.5743 
-2.72 0.16 19.0269 
-2.72 0.24 18.3106 
-2.72 0.32 17.4116 
-2.72 0.4 16.3477 
-2.72 0.48 15.1858 
-2.72 0.56 14.0483 
-2.72 0.64 13.0864 
-2.72 0.72 12.4179 
-2.72 0.8 12.0636 
-2.72 0.88 11.9403 
-2.72 0.96 11.9262 
-2.72 1.04 11.9362 
-2.72 1.12 11.9418 
-2.72 1.2 11.9431 
-2.72 1.28 11.9433 
-2.72 1.36 11.9433 
-2.72 1.44 11.9433 
-2.72 1.52 11.9433 
-2.72 1.6 11.9433 
-2.72 1.68 11.9433 
-2.72 1.76 11.9433 
-2.72 1.84 11.9433 
-2.72 1.92 11.9433 
-2.64 -2 20.9815 
-2.64 -1.92 20.9814 
-2.64 -1.84 20.9813 
-2.64 -1.76 20.9812 
-2.64 -1.68 20.981 
-2.64 -1.6 20.9808 
-2.64 -1.52 20.9804 
-2.64 -1.44 20.9799 
-2.64 -1.36 20.9791 
-2.64 -1.28 20.978 
-2.64 -1.2 20.9765 
-2.64 -1.12 20.9742 
-2.64 -1.04 20.9709 
-2.64 -0.96 20.9662 
-2.64 -0.88 20.9593 
-2.64 -0.8 20.9494 
-2.64 -0.72 20.9351 
-2.64 -0.64 20.9144 
-2.64 -0.56 20.8847 
-2.64 -0.48 20.8419 
-2.64 -0.4 20.7803 
-2.64 -0.32 20.6921 
-2.64 -0.24 20.5661 
-2.64 -0.16 20.387 
-2.64 -0.08 20.1346 
-2.64 6.93889e-16 19.7827 
-2.64 0.08 19.2998 
-2.64 0.16 18.6516 
-2.64 0.24 17.8095 
-2.64 0.32 16.7638 
-2.64 0.4 15.5457 
-2.64 0.48 14.2477 
-2.64 0.56 13.0253 
-2.64 0.64 12.0565 
-2.64 0.72 11.4594 
-2.64 0.8 11.22 
-2.64 0.88 11.2044 
-2.64 0.96 11.2587 
-2.64 1.04 11.2983 
-2.64 1.12 11.3123 
-2.64 1.2 11.3151 
-2.64 1.28 11.3155 
-2.64 1.36 11.3155 
-2.64 1.44 11.3155 
-2.64 1.52 11.3155 
-2.64 1.6 11.3155 
-2.64 1.68 11.3155 
-2.64 1.76 11.3155 
-2.64 1.84 11.3155 
-2.64 1.92 11.3155 
-2.56 -2 20.9814 
-2.56 -1.92 20.9814 
-2.56 -1.84 20.9813 
-2.56 -1.76 20.9811 
-2.56 -1.68 20.9809 
-2.56 -1.6 20.9806 
-2.56 -1.52 20.9802 
-2.56 -1.44 20.9795 
-2.56 -1.36 20.9786 
-2.56 -1.28 20.9773 
-2.56 -1.2 20.9754 
-2.56 -1.12 20.9727 
-2.56 -1.04 20.9687 
-2.56 -0.96 20.963 
-2.56 -0.88 20.9548 
-2.56 -0.8 20.9429 
-2.56 -0.72 20.9257 
-2.56 -0.64 20.9009 
-2.56 -0.56 20.8651 
-2.56 -0.48 20.8137 
-2.56 -0.4 20.7398 
-2.56 -0.32 20.6339 
-2.56 -0.24 20.4828 
-2.56 -0.16 20.2685 
-2.56 -0.08 19.9669 
-2.56 6.93889e-16 19.5475 
-2.56 0.08 18.9742 
-2.56 0.16 18.2094 
-2.56 0.24 17.2245 
-2.56 0.32 16.0181 
-2.56 0.4 14.6419 
-2.56 0.48 13.2243 
-2.56 0.56 11.9641 
-2.56 0.64 11.0697 
-2.56 0.72 10.6486 
-2.56 0.8 10.6278 
-2.56 0.88 10.7987 
-2.56 0.96 10.9656 
-2.56 1.04 11.0524 
-2.56 1.12 11.0797 
-2.56 1.2 11.0849 
-2.56 1.28 11.0855 
-2.56 1.36 11.0856 
-2.56 1.44 11.0856 
-2.56 1.52 11.0856 
-2.56 1.6 11.0856 
-2.56 1.68 11.0856 
-2.56 1.76 11.0856 
-2.56 1.84 11.0856 
-2.56 1.92 11.0856 
-2.48 -2 20.9814 
-2.48 -1.92 20.9813 
-2.48 -1.84 20.9812 
-2.48 -1.76 20.981 
-2.48 -1.68 20.9808 
-2.48 -1.6 20.9804 
-2.48 -1.52 20.9799 
-2.48 -1.44 20.9791 
-2.48 -1.36 20.978 
-2.48 -1.28 20.9765 
-2.48 -1.2 20.9742 
-2.48 -1.12 20.9709 
-2.48 -1.04 20.9662 
-2.48 -0.96 20.9593 
-2.48 -0.88 20.9494 
-2.48 -0.8 20.9351 
-2.48 -0.72 20.9144 
-2.48 -0.64 20.8846 
-2.48 -0.56 20.8416 
-2.48 -0.48 20.7799 
-2.48 -0.4 20.6912 
-2.48 -0.32 20.5642 
-2.48 -0.24 20.3832 
-2.48 -0.16 20.1268 
-2.48 -0.08 19.7668 
-2.48 6.93889e-16 19.2679 
-2.48 0.08 18.5893 
-2.48 0.16 17.6908 
-2.48 0.24 16.5466 
-2.48 0.32 15.1695 
-2.48 0.4 13.6427 
-2.48 0.48 12.1446 
-2.48 0.56 10.9314 
-2.48 0.64 10.2442 
-2.48 0.72 10.1621 
-2.48 0.8 10.5175 
-2.48 0.88 10.9921 
-2.48 0.96 11.3369 
-2.48 1.04 11.4968 
-2.48 1.12 11.5442 
-2.48 1.2 11.553 
-2.48 1.28 11.5541 
-2.48 1.36 11.5542 
-2.48 1.44 11.5542 
-2.48 1.52 11.5542 
-2.48 1.6 11.5542 
-2.48 1.68 11.5542 
-2.48 1.76 11.5542 
-2.48 1.84 11.5542 
-2.48 1.92 11.5542 
-2.4 -2 20.9814 
-2.4 -1.92 20.9813 
-2.4 -1.84 20.9811 
-2.4 -1.76 20.9809 
-2.4 -1.68 20.9806 
-2.4 -1.6 20.9802 
-2.4 -1.52 20.9795 
-2.4 -1.44 20.9786 
-2.4 -1.36 20.9773 
-2.4 -1.28 20.9754 
-2.4 -1.2 20.9727 
-2.4 -1.12 20.9687 
-2.4 -1.04 20.963 
-2.4 -0.96 20.9548 
-2.4 -0.88 20.9429 
-2.4 -0.8 20.9257 
-2.4 -0.72 20.9008 
-2.4 -0.64 20.865 
-2.4 -0.56 20.8134 
-2.4 -0.48 20.7393 
-2.4 -0.4 20.6328 
-2.4 -0.32 20.4806 
-2.4 -0.24 20.2639 
-2.4 -0.16 19.9575 
-2.4 -0.08 19.5285 
-2.4 6.93889e-16 18.9364 
-2.4 0.08 18.1359 
-2.4 0.16 17.0859 
-2.4 0.24 15.7682 
-2.4 0.32 14.2186 
-2.4 0.4 12.5675 
-2.4 0.48 11.0639 
-2.4 0.56 10.0389 
-2.4 0.64 9.76731 
-2.4 0.72 10.2713 
-2.4 0.8 11.2359 
-2.4 0.88 12.1852 
-2.4 0.96 12.8017 
-2.4 1.04 13.0718 
-2.4 1.12 13.1493 
-2.4 1.2 13.1635 
-2.4 1.28 13.1651 
-2.4 1.36 13.1653 
-2.4 1.44 13.1653 
-2.4 1.52 13.1653 
-2.4 1.6 13.1653 
-2.4 1.68 13.1653 
-2.4 1.76 13.1653 
-2.4 1.84 13.1653 
-2.4 1.92 13.1653 
-2.32 -2 20.9813 
-2.32 -1.92 20.9812 
-2.32 -1.84 20.981 
-2.32 -1.76 20.9808 
-2.32 -1.68 20.9804 
-2.32 -1.6 20.9799 
-2.32 -1.52 20.9791 
-2.32 -1.44 20.978 
-2.32 -1.36 20.9765 
-2.32 -1.28 20.9742 
-2.32 -1.2 20.9709 
-2.32 -1.12 20.9662 
-2.32 -1.04 20.9593 
-2.32 -0.96 20.9494 
-2.32 -0.88 20.935 
-2.32 -0.8 20.9144 
-2.32 -0.72 20.8845 
-2.32 -0.64 20.8415 
-2.32 -0.56 20.7796 
-2.32 -0.48 20.6905 
-2.32 -0.4 20.5629 
-2.32 -0.32 20.3805 
-2.32 -0.24 20.1212 
-2.32 -0.16 19.7555 
-2.32 -0.08 19.2452 
-2.32 6.93889e-16 18.5445 
-2.32 0.08 17.6045 
-2.32 0.16 16.386 
-2.32 0.24 14.8852 
-2.32 0.32 13.1757 
-2.32 0.4 11.4569 
-2.32 0.48 10.0769 
-2.32 0.56 9.46466 
-2.32 0.64 9.92561 
-2.32 0.72 11.38 
-2.32 0.8 13.29 
-2.32 0.88 14.9566 
-2.32 0.96 15.9772 
-2.32 1.04 16.4092 
-2.32 1.12 16.5307 
-2.32 1.2 16.5525 
-2.32 1.28 16.5551 
-2.32 1.36 16.5554 
-2.32 1.44 16.5554 
-2.32 1.52 16.5554 
-2.32 1.6 16.5554 
-2.32 1.68 16.5554 
-2.32 1.76 16.5554 
-2.32 1.84 16.5554 
-2.32 1.92 16.5554 
-2.24 -2 20.9813 
-2.24 -1.92 20.9811 
-2.24 -1.84 20.9809 
-2.24 -1.76 20.9806 
-2.24 -1.68 20.9802 
-2.24 -1.6 20.9795 
-2.24 -1.52 20.9786 
-2.24 -1.44 20.9773 
-2.24 -1.36 20.9754 
-2.24 -1.28 20.9727 
-2.24 -1.2 20.9687 
-2.24 -1.12 20.963 
-2.24 -1.04 20.9548 
-2.24 -0.96 20.9429 
-2.24 -0.88 20.9256 
-2.24 -0.8 20.9008 
-2.24 -0.72 20.8649 
-2.24 -0.64 20.8133 
-2.24 -0.56 20.7389 
-2.24 -0.48 20.6321 
-2.24 -0.4 20.479 
-2.24 -0.32 20.2606 
-2.24 -0.24 19.9508 
-2.24 -0.16 19.5151 
-2.24 -0.08 18.9095 
-2.24 6.93889e-16 18.0832 
-2.24 0.08 16.9853 
-2.24 0.16 15.5837 
-2.24 0.24 13.9004 
-2.24 0.32 12.0666 
-2.24 0.4 10.3835 
-2.24 0.48 9.33717 
-2.24 0.56 9.48242 
-2.24 0.64 11.1439 
-2.24 0.72 14.0711 
-2.24 0.8 17.398 
-2.24 0.88 20.1169 
-2.24 0.96 21.7222 
-2.24 1.04 22.3867 
-2.24 1.12 22.5709 
-2.24 1.2 22.6037 
-2.24 1.28 22.6076 
-2.24 1.36 22.608 
-2.24 1.44 22.608 
-2.24 1.52 22.608 
-2.24 1.6 22.608 
-2.24 1.68 22.608 
-2.24 1.76 22.608 
-2.24 1.84 22.608 
-2.24 1.92 22.608 
-2.16 -2 20.9812 
-2.16 -1.92 20.981 
-2.16 -1.84 20.9808 
-2.16 -1.76 20.9804 
-2.16 -1.68 20.9799 
-2.16 -1.6 20.9791 
-2.16 -1.52 20.978 
-2.16 -1.44 20.9765 
-2.16 -1.36 20.9742 
-2.16 -1.28 20.9709 
-2.16 -1.2 20.9662 
-2.16 -1.12 20.9593 
-2.16 -1.04 20.9494 
-2.16 -0.96 20.935 
-2.16 -0.88 20.9143 
-2.16 -0.8 20.8845 
-2.16 -0.72 20.8414 
-2.16 -0.64 20.7794 
-2.16 -0.56 20.6901 
-2.16 -0.48 20.562 
-2.16 -0.4 20.3786 
-2.16 -0.32 20.1174 
-2.16 -0.24 19.7476 
-2.16 -0.16 19.2293 
-2.16 -0.08 18.5128 
-2.16 6.93889e-16 17.5427 
-2.16 0.08 16.2695 
-2.16 0.16 14.6761 
-2.16 0.24 12.827 
-2.16 0.32 10.9419 
-2.16 0.4 9.46868 
-2.16 0.48 9.08366 
-2.16 0.56 10.4993 
-2.16 0.64 14.0324 
-2.16 0.72 19.1587 
-2.16 0.8 24.5415 
-2.16 0.88 28.7593 
-2.16 0.96 31.188 
-2.16 1.04 32.1775 
-2.16 1.12 32.4488 
-2.16 1.2 32.4968 
-2.16 1.28 32.5024 
-2.16 1.36 32.5029 
-2.16 1.44 32.503 
-2.16 1.52 32.503 
-2.16 1.6 32.503 
-2.16 1.68 32.503 
-2.16 1.76 32.503 
-2.16 1.84 32.503 
-2.16 1.92 32.503 
-2.08 -2 20.9811 
-2.08 -1.92 20.9809 
-2.08 -1.84 20.9806 
-2.08 -1.76 20.9802 
-2.08 -1.68 20.9795 
-2.08 -1.6 20.9786 
-2.08 -1.52 20.9773 
-2.08 -1.44 20.9754 
-2.08 -1.36 20.9727 
-2.08 -1.28 20.9687 
-2.08 -1.2 20.963 
-2.08 -1.12 20.9548 
-2.08 -1.04 20.9428 
-2.08 -0.96 20.9256 
-2.08 -0.88 20.9008 
-2.08 -0.8 20.8649 
-2.08 -0.72 20.8131 
-2.08 -0.64 20.7386 
-2.08 -0.56 20.6315 
-2.08 -0.48 20.4779 
-2.08 -0.4 20.2584 
-2.08 -0.32 19.9462 
-2.08 -0.24 19.5057 
-2.08 -0.16 18.8906 
-2.08 -0.08 18.0459 
-2.08 6.93889e-16 16.9133 
-2.08 0.08 15.4502 
-2.08 0.16 13.667 
-2.08 0.24 11.6963 
-2.08 0.32 9.88957 
-2.08 0.4 8.90481 
-2.08 0.48 9.6754 
-2.08 0.56 13.102 
-2.08 0.64 19.4382 
-2.08 0.72 27.7359 
-2.08 0.8 36.0056 
-2.08 0.88 42.292 
-2.08 0.96 45.8456 
-2.08 1.04 47.2765 
-2.08 1.12 47.6655 
-2.08 1.2 47.7337 
-2.08 1.28 47.7416 
-2.08 1.36 47.7423 
-2.08 1.44 47.7424 
-2.08 1.52 47.7424 
-2.08 1.6 47.7424 
-2.08 1.68 47.7424 
-2.08 1.76 47.7424 
-2.08 1.84 47.7424 
-2.08 1.92 47.7424 
-2 -2 20.981 
-2 -1.92 20.9808 
-2 -1.84 20.9804 
-2 -1.76 20.9799 
-2 -1.68 20.9791 
-2 -1.6 20.978 
-2 -1.52 20.9765 
-2 -1.44 20.9742 
-2 -1.36 20.9709 
-2 -1.28 20.9661 
-2 -1.2 20.9593 
-2 -1.12 20.9494 
-2 -1.04 20.935 
-2 -0.96 20.9143 
-2 -0.88 20.8844 
-2 -0.8 20.8413 
-2 -0.72 20.7792 
-2 -0.64 20.6898 
-2 -0.56 20.5613 
-2 -0.48 20.3773 
-2 -0.4 20.1147 
-2 -0.32 19.7421 
-2 -0.24 19.2182 
-2 -0.16 18.4905 
-2 -0.08 17.499 
-2 6.93889e-16 16.1862 
-2 0.08 14.5249 
-2 0.16 12.5727 
-2 0.24 10.5671 
-2 0.32 9.05376 
-2 0.4 8.986 
-2 0.48 11.635 
-2 0.56 18.1067 
-2 0.64 28.4885 
-2 0.72 41.1994 
-2 0.8 53.3817 
-2 0.88 62.4246 
-2 0.96 67.4635 
-2 1.04 69.4745 
-2 1.12 70.0176 
-2 1.2 70.1121 
-2 1.28 70.1228 
-2 1.36 70.1237 
-2 1.44 70.1238 
-2 1.52 70.1238 
-2 1.6 70.1238 
-2 1.68 70.1238 
-2 1.76 70.1238 
-2 1.84 70.1238 
-2 1.92 70.1238 
-1.92 -2 20.9809 
-1.92 -1.92 20.9806 
-1.92 -1.84 20.9802 
-1.92 -1.76 20.9795 
-1.92 -1.68 20.9786 
-1.92 -1.6 20.9773 
-1.92 -1.52 20.9754 
-1.92 -1.44 20.9727 
-1.92 -1.36 20.9687 
-1.92 -1.28 20.963 
-1.92 -1.2 20.9548 
-1.92 -1.12 20.9428 
-1.92 -1.04 20.9256 
-1.92 -0.96 20.9007 
-1.92 -0.88 20.8648 
-1.92 -0.8 20.8131 
-1.92 -0.72 20.7385 
-1.92 -0.64 20.6312 
-1.92 -0.56 20.4772 
-1.92 -0.48 20.2568 
-1.92 -0.4 19.943 
-1.92 -0.32 19.4991 
-1.92 -0.24 18.8774 
-1.92 -0.16 18.0196 
-1.92 -0.08 16.8624 
-1.92 6.93889e-16 15.3548 
-1.92 0.08 13.4989 
-1.92 0.16 11.4284 
-1.92 0.24 9.53981 
-1.92 0.32 8.6599 
-1.92 0.4 10.1471 
-1.92 0.48 15.6974 
-1.92 0.56 26.6026 
-1.92 0.64 42.6066 
-1.92 0.72 61.2242 
-1.92 0.8 78.5007 
-1.92 0.88 91.0721 
-1.92 0.96 97.9972 
-1.92 1.04 100.743 
-1.92 1.12 101.48 
-1.92 1.2 101.608 
-1.92 1.28 101.622 
-1.92 1.36 101.623 
-1.92 1.44 101.623 
-1.92 1.52 101.623 
-1.92 1.6 101.623 
-1.92 1.68 101.623 
-1.92 1.76 101.623 
-1.92 1.84 101.623 
-1.92 1.92 101.623 
-1.84 -2 20.9808 
-1.84 -1.92 20.9804 
-1.84 -1.84 20.9799 
-1.84 -1.76 20.9791 
-1.84 -1.68 20.978 
-1.84 -1.6 20.9765 
-1.84 -1.52 20.9742 
-1.84 -1.44 20.9709 
-1.84 -1.36 20.9661 
-1.84 -1.28 20.9593 
-1.84 -1.2 20.9494 
-1.84 -1.12 20.935 
-1.84 -1.04 20.9143 
-1.84 -0.96 20.8844 
-1.84 -0.88 20.8413 
-1.84 -0.8 20.7791 
-1.84 -0.72 20.6896 
-1.84 -0.64 20.5609 
-1.84 -0.56 20.3764 
-1.84 -0.48 20.1128 
-1.84 -0.4 19.7383 
-1.84 -0.32 19.2104 
-1.84 -0.24 18.4749 
-1.84 -0.16 17.4682 
-1.84 -0.08 16.1273 
-1.84 6.93889e-16 14.4172 
-1.84 0.08 12.3902 
-1.84 0.16 10.2992 
-1.84 0.24 8.77712 
-1.84 0.32 9.04836 
-1.84 0.4 13.0103 
-1.84 0.48 22.8556 
-1.84 0.56 39.9678 
-1.84 0.64 63.4694 
-1.84 0.72 89.6497 
-1.84 0.8 113.256 
-1.84 0.88 130.134 
-1.84 0.96 139.345 
-1.84 1.04 142.981 
-1.84 1.12 143.955 
-1.84 1.2 144.122 
-1.84 1.28 144.14 
-1.84 1.36 144.142 
-1.84 1.44 144.142 
-1.84 1.52 144.142 
-1.84 1.6 144.142 
-1.84 1.68 144.142 
-1.84 1.76 144.142 
-1.84 1.84 144.142 
-1.84 1.92 144.142 
-1.76 -2 20.9806 
-1.76 -1.92 20.9802 
-1.76 -1.84 20.9795 
-1.76 -1.76 20.9786 
-1.76 -1.68 20.9773 
-1.76 -1.6 20.9754 
-1.76 -1.52 20.9727 
-1.76 -1.44 20.9687 
-1.76 -1.36 20.963 
-1.76 -1.28 20.9548 
-1.76 -1.2 20.9428 
-1.76 -1.12 20.9256 
-1.76 -1.04 20.9007 
-1.76 -0.96 20.8648 
-1.76 -0.88 20.813 
-1.76 -0.8 20.7383 
-1.76 -0.72 20.6309 
-1.76 -0.64 20.4767 
-1.76 -0.56 20.2558 
-1.76 -0.48 19.9408 
-1.76 -0.4 19.4946 
-1.76 -0.32 18.8682 
-1.76 -0.24 18.0012 
-1.76 -0.16 16.8265 
-1.76 -0.08 15.2874 
-1.76 6.93889e-16 13.3793 
-1.76 0.08 11.2372 
-1.76 0.16 9.29559 
-1.76 0.24 8.53086 
-1.76 0.32 10.7163 
-1.76 0.4 18.4324 
-1.76 0.48 34.3856 
-1.76 0.56 59.8289 
-1.76 0.64 92.8706 
-1.76 0.72 128.242 
-1.76 0.8 159.283 
-1.76 0.88 181.129 
-1.76 0.96 192.969 
-1.76 1.04 197.634 
-1.76 1.12 198.883 
-1.76 1.2 199.097 
-1.76 1.28 199.12 
-1.76 1.36 199.121 
-1.76 1.44 199.122 
-1.76 1.52 199.122 
-1.76 1.6 199.122 
-1.76 1.68 199.122 
-1.76 1.76 199.122 
-1.76 1.84 199.122 
-1.76 1.92 199.122 
-1.68 -2 20.9804 
-1.68 -1.92 20.9799 
-1.68 -1.84 20.9791 
-1.68 -1.76 20.978 
-1.68 -1.68 20.9765 
-1.68 -1.6 20.9742 
-1.68 -1.52 20.9709 
-1.68 -1.44 20.9661 
-1.68 -1.36 20.9593 
-1.68 -1.28 20.9494 
-1.68 -1.2 20.935 
-1.68 -1.12 20.9143 
-1.68 -1.04 20.8844 
-1.68 -0.96 20.8412 
-1.68 -0.88 20.779 
-1.68 -0.8 20.6894 
-1.68 -0.72 20.5606 
-1.68 -0.64 20.3758 
-1.68 -0.56 20.1115 
-1.68 -0.48 19.7357 
-1.68 -0.4 19.205 
-1.68 -0.32 18.464 
-1.68 -0.24 17.4466 
-1.68 -0.16 16.0859 
-1.68 -0.08 14.341 
-1.68 6.93889e-16 12.2607 
-1.68 0.08 10.11 
-1.68 0.16 8.59427 
-1.68 0.24 9.17796 
-1.68 0.32 14.3651 
-1.68 0.4 27.5419 
-1.68 0.48 51.8232 
-1.68 0.56 87.9296 
-1.68 0.64 132.461 
-1.68 0.72 178.329 
-1.68 0.8 217.561 
-1.68 0.88 244.804 
-1.68 0.96 259.511 
-1.68 1.04 265.318 
-1.68 1.12 266.879 
-1.68 1.2 267.147 
-1.68 1.28 267.176 
-1.68 1.36 267.178 
-1.68 1.44 267.178 
-1.68 1.52 267.178 
-1.68 1.6 267.178 
-1.68 1.68 267.178 
-1.68 1.76 267.178 
-1.68 1.84 267.178 
-1.68 1.92 267.178 
-1.6 -2 20.9802 
-1.6 -1.92 20.9795 
-1.6 -1.84 20.9786 
-1.6 -1.76 20.9773 
-1.6 -1.68 20.9754 
-1.6 -1.6 20.9727 
-1.6 -1.52 20.9687 
-1.6 -1.44 20.963 
-1.6 -1.36 20.9548 
-1.6 -1.28 20.9428 
-1.6 -1.2 20.9256 
-1.6 -1.12 20.9007 
-1.6 -1.04 20.8648 
-1.6 -0.96 20.813 
-1.6 -0.88 20.7383 
-1.6 -0.8 20.6308 
-1.6 -0.72 20.4763 
-1.6 -0.64 20.255 
-1.6 -0.56 19.9393 
-1.6 -0.48 19.4914 
-1.6 -0.4 18.8618 
-1.6 -0.32 17.9884 
-1.6 -0.24 16.8014 
-1.6 -0.16 15.24 
-1.6 -0.08 13.2949 
-1.6 6.93889e-16 11.1022 
-1.6 0.08 9.12627 
-1.6 0.16 8.46733 
-1.6 0.24 11.2639 
-1.6 0.32 20.9451 
-1.6 0.4 41.7403 
-1.6 0.48 76.8598 
-1.6 0.56 125.88 
-1.6 0.64 183.376 
-1.6 0.72 240.431 
-1.6 0.8 288.143 
-1.6 0.88 320.967 
-1.6 0.96 338.689 
-1.6 1.04 345.728 
-1.6 1.12 347.641 
-1.6 1.2 347.973 
-1.6 1.28 348.01 
-1.6 1.36 348.013 
-1.6 1.44 348.013 
-1.6 1.52 348.013 
-1.6 1.6 348.013 
-1.6 1.68 348.013 
-1.6 1.76 348.013 
-1.6 1.84 348.013 
-1.6 1.92 348.013 
-1.52 -2 20.9799 
-1.52 -1.92 20.9791 
-1.52 -1.84 20.978 
-1.52 -1.76 20.9765 
-1.52 -1.68 20.9742 
-1.52 -1.6 20.9709 
-1.52 -1.52 20.9661 
-1.52 -1.44 20.9593 
-1.52 -1.36 20.9493 
-1.52 -1.28 20.935 
-1.52 -1.2 20.9143 
-1.52 -1.12 20.8844 
-1.52 -1.04 20.8412 
-1.52 -0.96 20.779 
-1.52 -0.88 20.6893 
-1.52 -0.8 20.5604 
-1.52 -0.72 20.3753 
-1.52 -0.64 20.1106 
-1.52 -0.56 19.7338 
-1.52 -0.48 19.2012 
-1.52 -0.4 18.4564 
-1.52 -0.32 17.4316 
-1.52 -0.24 16.0569 
-1.52 -0.16 14.2876 
-1.52 -0.08 12.1696 
-1.52 6.93889e-16 9.9774 
-1.52 0.08 8.47332 
-1.52 0.16 9.31943 
-1.52 0.24 15.5503 
-1.52 0.32 31.6806 
-1.52 0.4 62.6385 
-1.52 0.48 111.129 
-1.52 0.56 174.804 
-1.52 0.64 245.907 
-1.52 0.72 314.157 
-1.52 0.8 370.281 
-1.52 0.88 408.711 
-1.52 0.96 429.531 
-1.52 1.04 437.88 
-1.52 1.12 440.182 
-1.52 1.2 440.592 
-1.52 1.28 440.64 
-1.52 1.36 440.644 
-1.52 1.44 440.644 
-1.52 1.52 440.644 
-1.52 1.6 440.644 
-1.52 1.68 440.644 
-1.52 1.76 440.644 
-1.52 1.84 440.644 
-1.52 1.92 440.644 
-1.44 -2 20.9795 
-1.44 -1.92 20.9786 
-1.44 -1.84 20.9773 
-1.44 -1.76 20.9754 
-1.44 -1.68 20.9727 
-1.44 -1.6 20.9687 
-1.44 -1.52 20.963 
-1.44 -1.44 20.9548 
-1.44 -1.36 20.9428 
-1.44 -1.28 20.9256 
-1.44 -1.2 20.9007 
-1.44 -1.12 20.8648 
-1.44 -1.04 20.8129 
-1.44 -0.96 20.7382 
-1.44 -0.88 20.6306 
-1.44 -0.8 20.476 
-1.44 -0.72 20.2545 
-1.44 -0.64 19.9382 
-1.44 -0.56 19.4892 
-1.44 -0.48 18.8573 
-1.44 -0.4 17.9794 
-1.44 -0.32 16.7839 
-1.44 -0.24 15.2069 
-1.44 -0.16 13.2357 
-1.44 -0.08 11.0075 
-1.44 6.93889e-16 9.00924 
-1.44 0.08 8.4383 
-1.44 0.16 11.7322 
-1.44 0.24 23.0552 
-1.44 0.32 48.0492 
-1.44 0.4 91.896 
-1.44 0.48 155.881 
-1.44 0.56 235.002 
-1.44 0.64 319.475 
-1.44 0.72 398.515 
-1.44 0.8 462.816 
-1.44 0.88 506.748 
-1.44 0.96 530.648 
-1.44 1.04 540.335 
-1.44 1.12 543.055 
-1.44 1.2 543.554 
-1.44 1.28 543.615 
-1.44 1.36 543.621 
-1.44 1.44 543.622 
-1.44 1.52 543.622 
-1.44 1.6 543.622 
-1.44 1.68 543.622 
-1.44 1.76 543.622 
-1.44 1.84 543.622 
-1.44 1.92 543.622 
-1.36 -2 20.9791 
-1.36 -1.92 20.978 
-1.36 -1.84 20.9765 
-1.36 -1.76 20.9742 
-1.36 -1.68 20.9709 
-1.36 -1.6 20.9661 
-1.36 -1.52 20.9593 
-1.36 -1.44 20.9493 
-1.36 -1.36 20.935 
-1.36 -1.28 20.9143 
-1.36 -1.2 20.8844 
-1.36 -1.12 20.8412 
-1.36 -1.04 20.779 
-1.36 -0.96 20.6893 
-1.36 -0.88 20.5602 
-1.36 -0.8 20.375 
-1.36 -0.72 20.11 
-1.36 -0.64 19.7325 
-1.36 -0.56 19.1986 
-1.36 -0.48 18.4511 
-1.36 -0.4 17.4211 
-1.36 -0.32 16.0367 
-1.36 -0.24 14.2502 
-1.36 -0.16 12.1058 
-1.36 -0.08 9.88484 
-1.36 6.93889e-16 8.39288 
-1.36 0.08 9.44625 
-1.36 0.16 16.5113 
-1.36 0.24 35.0683 
-1.36 0.32 71.6828 
-1.36 0.4 130.949 
-1.36 0.48 211.634 
-1.36 0.56 305.91 
-1.36 0.64 403.028 
-1.36 0.72 492.353 
-1.36 0.8 564.404 
-1.36 0.88 613.434 
-1.36 0.96 640.162 
-1.36 1.04 651.101 
-1.36 1.12 654.229 
-1.36 1.2 654.821 
-1.36 1.28 654.898 
-1.36 1.36 654.906 
-1.36 1.44 654.907 
-1.36 1.52 654.907 
-1.36 1.6 654.907 
-1.36 1.68 654.907 
-1.36 1.76 654.907 
-1.36 1.84 654.907 
-1.36 1.92 654.907 
-1.28 -2 20.9786 
-1.28 -1.92 20.9773 
-1.28 -1.84 20.9754 
-1.28 -1.76 20.9727 
-1.28 -1.68 20.9687 
-1.28 -1.6 20.963 
-1.28 -1.52 20.9548 
-1.28 -1.44 20.9428 
-1.28 -1.36 20.9256 
-1.28 -1.28 20.9007 
-1.28 -1.2 20.8648 
-1.28 -1.12 20.8129 
-1.28 -1.04 20.7382 
-1.28 -0.96 20.6305 
-1.28 -0.88 20.4759 
-1.28 -0.8 20.2541 
-1.28 -0.72 19.9374 
-1.28 -0.64 19.4877 
-1.28 -0.56 18.8542 
-1.28 -0.48 17.9732 
-1.28 -0.4 16.7717 
-1.28 -0.32 15.1838 
-1.28 -0.24 13.1944 
-1.28 -0.16 10.9413 
-1.28 -0.08 8.92844 
-1.28 6.93889e-16 8.42634 
-1.28 0.08 12.1052 
-1.28 0.16 24.723 
-1.28 0.24 53.1099 
-1.28 0.32 104.163 
-1.28 0.4 180.66 
-1.28 0.48 278.023 
-1.28 0.56 386.482 
-1.28 0.64 495.505 
-1.28 0.72 594.43 
-1.28 0.8 673.266 
-1.28 0.88 726.419 
-1.28 0.96 755.337 
-1.28 1.04 767.256 
-1.28 1.12 770.719 
-1.28 1.2 771.391 
-1.28 1.28 771.482 
-1.28 1.36 771.492 
-1.28 1.44 771.493 
-1.28 1.52 771.493 
-1.28 1.6 771.493 
-1.28 1.68 771.493 
-1.28 1.76 771.493 
-1.28 1.84 771.493 
-1.28 1.92 771.493 
-1.2 -2 20.978 
-1.2 -1.92 20.9765 
-1.2 -1.84 20.9742 
-1.2 -1.76 20.9709 
-1.2 -1.68 20.9661 
-1.2 -1.6 20.9593 
-1.2 -1.52 20.9493 
-1.2 -1.44 20.935 
-1.2 -1.36 20.9143 
-1.2 -1.28 20.8844 
-1.2 -1.2 20.8412 
-1.2 -1.12 20.7789 
-1.2 -1.04 20.6892 
-1.2 -0.96 20.5601 
-1.2 -0.88 20.3748 
-1.2 -0.8 20.1096 
-1.2 -0.72 19.7316 
-1.2 -0.64 19.1968 
-1.2 -0.56 18.4475 
-1.2 -0.48 17.4139 
-1.2 -0.4 16.0226 
-1.2 -0.32 14.2242 
-1.2 -0.24 12.0612 
-1.2 -0.16 9.82044 
-1.2 -0.08 8.33899 
-1.2 6.93889e-16 9.54942 
-1.2 0.08 17.2524 
-1.2 0.16 37.7001 
-1.2 0.24 78.8049 
-1.2 0.32 146.718 
-1.2 0.4 241.05 
-1.2 0.48 354.065 
-1.2 0.56 475.71 
-1.2 0.64 595.87 
-1.2 0.72 703.013 
-1.2 0.8 786.727 
-1.2 0.88 842.285 
-1.2 0.96 872.3 
-1.2 1.04 884.709 
-1.2 1.12 888.355 
-1.2 1.2 889.074 
-1.2 1.28 889.172 
-1.2 1.36 889.183 
-1.2 1.44 889.184 
-1.2 1.52 889.184 
-1.2 1.6 889.184 
-1.2 1.68 889.184 
-1.2 1.76 889.184 
-1.2 1.84 889.184 
-1.2 1.92 889.184 
-1.12 -2 20.9773 
-1.12 -1.92 20.9754 
-1.12 -1.84 20.9727 
-1.12 -1.76 20.9687 
-1.12 -1.68 20.963 
-1.12 -1.6 20.9548 
-1.12 -1.52 20.9428 
-1.12 -1.44 20.9256 
-1.12 -1.36 20.9007 
-1.12 -1.28 20.8648 
-1.12 -1.2 20.8129 
-1.12 -1.12 20.7381 
-1.12 -1.04 20.6305 
-1.12 -0.96 20.4757 
-1.12 -0.88 20.2539 
-1.12 -0.8 19.9369 
-1.12 -0.72 19.4866 
-1.12 -0.64 18.8521 
-1.12 -0.56 17.9689 
-1.12 -0.48 16.7633 
-1.12 -0.4 15.1677 
-1.12 -0.32 13.1656 
-1.12 -0.24 10.8952 
-1.12 -0.16 8.87266 
-1.12 -0.08 8.42232 
-1.12 6.93889e-16 12.3891 
-1.12 0.08 25.9877 
-1.12 0.16 56.986 
-1.12 0.24 113.649 
-1.12 0.32 199.881 
-1.12 0.4 311.349 
-1.12 0.48 438.721 
-1.12 0.56 572.763 
-1.12 0.64 702.634 
-1.12 0.72 815.376 
-1.12 0.8 901.001 
-1.12 0.88 956.565 
-1.12 0.96 986.207 
-1.12 1.04 998.433 
-1.12 1.12 1002.04 
-1.12 1.2 1002.75 
-1.12 1.28 1002.85 
-1.12 1.36 1002.86 
-1.12 1.44 1002.86 
-1.12 1.52 1002.86 
-1.12 1.6 1002.86 
-1.12 1.68 1002.86 
-1.12 1.76 1002.86 
-1.12 1.84 1002.86 
-1.12 1.92 1002.86 
-1.04 -2 20.9765 
-1.04 -1.92 20.9742 
-1.04 -1.84 20.9709 
-1.04 -1.76 20.9661 
-1.04 -1.68 20.9593 
-1.04 -1.6 20.9493 
-1.04 -1.52 20.935 
-1.04 -1.44 20.9143 
-1.04 -1.36 20.8844 
-1.04 -1.28 20.8412 
-1.04 -1.2 20.7789 
-1.04 -1.12 20.6892 
-1.04 -1.04 20.5601 
-1.04 -0.96 20.3747 
-1.04 -0.88 20.1093 
-1.04 -0.8 19.731 
-1.04 -0.72 19.1955 
-1.04 -0.64 18.4449 
-1.04 -0.56 17.4088 
-1.04 -0.48 16.0129 
-1.04 -0.4 14.2061 
-1.04 -0.32 12.0303 
-1.04 -0.24 9.77572 
-1.04 -0.16 8.30263 
-1.04 -0.08 9.62873 
-1.04 6.93889e-16 17.8048 
-1.04 0.08 39.6724 
-1.04 0.16 84.1878 
-1.04 0.24 158.687 
-1.04 0.32 263.321 
-1.04 0.4 390.47 
-1.04 0.48 531.24 
-1.04 0.56 676.537 
-1.04 0.64 813.299 
-1.04 0.72 927.688 
-1.04 0.8 1011.48 
-1.04 0.88 1064.28 
-1.04 0.96 1091.93 
-1.04 1.04 1103.22 
-1.04 1.12 1106.54 
-1.04 1.2 1107.18 
-1.04 1.28 1107.26 
-1.04 1.36 1107.27 
-1.04 1.44 1107.27 
-1.04 1.52 1107.27 
-1.04 1.6 1107.27 
-1.04 1.68 1107.27 
-1.04 1.76 1107.27 
-1.04 1.84 1107.27 
-1.04 1.92 1107.27 
-0.96 -2 20.9754 
-0.96 -1.92 20.9727 
-0.96 -1.84 20.9687 
-0.96 -1.76 20.963 
-0.96 -1.68 20.9548 
-0.96 -1.6 20.9428 
-0.96 -1.52 20.9256 
-0.96 -1.44 20.9007 
-0.96 -1.36 20.8648 
-0.96 -1.28 20.8129 
-0.96 -1.2 20.7381 
-0.96 -1.12 20.6304 
-0.96 -1.04 20.4757 
-0.96 -0.96 20.2537 
-0.96 -0.88 19.9366 
-0.96 -0.8 19.4859 
-0.96 -0.72 18.8506 
-0.96 -0.64 17.966 
-0.96 -0.56 16.7574 
-0.96 -0.48 15.1566 
-0.96 -0.4 13.1456 
-0.96 -0.32 10.8632 
-0.96 -0.24 8.83413 
-0.96 -0.16 8.42171 
-0.96 -0.08 12.5986 
-0.96 6.93889e-16 26.9197 
-0.96 0.08 59.8619 
-0.96 0.16 120.724 
-0.96 0.24 214.203 
-0.96 0.32 336.064 
-0.96 0.4 477.555 
-0.96 0.48 630.895 
-0.96 0.56 785.011 
-0.96 0.64 924.233 
-0.96 0.72 1035.43 
-0.96 0.8 1113.42 
-0.96 0.88 1160.83 
-0.96 0.96 1185.01 
-0.96 1.04 1194.74 
-0.96 1.12 1197.53 
-0.96 1.2 1198.05 
-0.96 1.28 1198.11 
-0.96 1.36 1198.11 
-0.96 1.44 1198.11 
-0.96 1.52 1198.11 
-0.96 1.6 1198.11 
-0.96 1.68 1198.11 
-0.96 1.76 1198.11 
-0.96 1.84 1198.11 
-0.96 1.92 1198.11 
-0.88 -2 20.9742 
-0.88 -1.92 20.9709 
-0.88 -1.84 20.9661 
-0.88 -1.76 20.9593 
-0.88 -1.68 20.9493 
-0.88 -1.6 20.935 
-0.88 -1.52 20.9143 
-0.88 -1.44 20.8844 
-0.88 -1.36 20.8412 
-0.88 -1.28 20.7789 
-0.88 -1.2 20.6892 
-0.88 -1.12 20.56 
-0.88 -1.04 20.3746 
-0.88 -0.96 20.1091 
-0.88 -0.88 19.7306 
-0.88 -0.8 19.1947 
-0.88 -0.72 18.4432 
-0.88 -0.64 17.4053 
-0.88 -0.56 16.0061 
-0.88 -0.48 14.1936 
-0.88 -0.4 12.0088 
-0.88 -0.32 9.74469 
-0.88 -0.24 8.27794 
-0.88 -0.16 9.68761 
-0.88 -0.08 18.207 
-0.88 6.93889e-16 41.1142 
-0.88 0.08 88.1441 
-0.88 0.16 167.496 
-0.88 0.24 279.636 
-0.88 0.32 417.064 
-0.88 0.4 572.057 
-0.88 0.48 736.308 
-0.88 0.56 894.971 
-0.88 0.64 1031.09 
-0.88 0.72 1134.12 
-0.88 0.8 1202.83 
-0.88 0.88 1242.85 
-0.88 0.96 1262.63 
-0.88 1.04 1270.38 
-0.88 1.12 1272.54 
-0.88 1.2 1272.9 
-0.88 1.28 1272.92 
-0.88 1.36 1272.92 
-0.88 1.44 1272.92 
-0.88 1.52 1272.92 
-0.88 1.6 1272.92 
-0.88 1.68 1272.92 
-0.88 1.76 1272.92 
-0.88 1.84 1272.92 
-0.88 1.92 1272.92 
-0.8 -2 20.9727 
-0.8 -1.92 20.9687 
-0.8 -1.84 20.963 
-0.8 -1.76 20.9548 
-0.8 -1.68 20.9428 
-0.8 -1.6 20.9256 
-0.8 -1.52 20.9007 
-0.8 -1.44 20.8647 
-0.8 -1.36 20.8129 
-0.8 -1.28 20.7381 
-0.8 -1.2 20.6304 
-0.8 -1.12 20.4756 
-0.8 -1.04 20.2536 
-0.8 -0.96 19.9363 
-0.8 -0.88 19.4854 
-0.8 -0.8 18.8496 
-0.8 -0.72 17.9639 
-0.8 -0.64 16.7534 
-0.8 -0.56 15.1489 
-0.8 -0.48 13.1318 
-0.8 -0.4 10.841 
-0.8 -0.32 8.80752 
-0.8 -0.24 8.42236 
-0.8 -0.16 12.7501 
-0.8 -0.08 27.5934 
-0.8 6.93889e-16 61.9496 
-0.8 0.08 125.875 
-0.8 0.16 224.605 
-0.8 0.24 353.925 
-0.8 0.32 505.651 
-0.8 0.4 673.21 
-0.8 0.48 844.923 
-0.8 0.56 1002.31 
-0.8 0.64 1129.5 
-0.8 0.72 1220.11 
-0.8 0.8 1277.18 
-0.8 0.88 1308.89 
-0.8 0.96 1324 
-0.8 1.04 1329.73 
-0.8 1.12 1331.24 
-0.8 1.2 1331.44 
-0.8 1.28 1331.43 
-0.8 1.36 1331.43 
-0.8 1.44 1331.43 
-0.8 1.52 1331.43 
-0.8 1.6 1331.43 
-0.8 1.68 1331.43 
-0.8 1.76 1331.43 
-0.8 1.84 1331.43 
-0.8 1.92 1331.43 
-0.72 -2 20.9709 
-0.72 -1.92 20.9661 
-0.72 -1.84 20.9593 
-0.72 -1.76 20.9493 
-0.72 -1.68 20.935 
-0.72 -1.6 20.9143 
-0.72 -1.52 20.8844 
-0.72 -1.44 20.8412 
-0.72 -1.36 20.7789 
-0.72 -1.28 20.6891 
-0.72 -1.2 20.56 
-0.72 -1.12 20.3745 
-0.72 -1.04 20.1089 
-0.72 -0.96 19.7303 
-0.72 -0.88 19.1941 
-0.72 -0.8 18.442 
-0.72 -0.72 17.4029 
-0.72 -0.64 16.0014 
-0.72 -0.56 14.1848 
-0.72 -0.48 11.9938 
-0.72 -0.4 9.7232 
-0.72 -0.32 8.26109 
-0.72 -0.24 9.73033 
-0.72 -0.16 18.4953 
-0.72 -0.08 42.1505 
-0.72 6.93889e-16 90.997 
-0.72 0.08 173.847 
-0.72 0.16 291.348 
-0.72 0.24 436.105 
-0.72 0.32 601.391 
-0.72 0.4 779.314 
-0.72 0.48 953.063 
-0.72 0.56 1102.72 
-0.72 0.64 1215.84 
-0.72 0.72 1291.2 
-0.72 0.8 1335.84 
-0.72 0.88 1359.44 
-0.72 0.96 1370.25 
-0.72 1.04 1374.2 
-0.72 1.12 1375.15 
-0.72 1.2 1375.23 
-0.72 1.28 1375.2 
-0.72 1.36 1375.19 
-0.72 1.44 1375.19 
-0.72 1.52 1375.19 
-0.72 1.6 1375.19 
-0.72 1.68 1375.19 
-0.72 1.76 1375.19 
-0.72 1.84 1375.19 
-0.72 1.92 1375.19 
-0.64 -2 20.9687 
-0.64 -1.92 20.963 
-0.64 -1.84 20.9548 
-0.64 -1.76 20.9428 
-0.64 -1.68 20.9256 
-0.64 -1.6 20.9007 
-0.64 -1.52 20.8647 
-0.64 -1.44 20.8129 
-0.64 -1.36 20.7381 
-0.64 -1.28 20.6304 
-0.64 -1.2 20.4756 
-0.64 -1.12 20.2535 
-0.64 -1.04 19.9362 
-0.64 -0.96 19.485 
-0.64 -0.88 18.8489 
-0.64 -0.8 17.9625 
-0.64 -0.72 16.7505 
-0.64 -0.64 15.1435 
-0.64 -0.56 13.1221 
-0.64 -0.48 10.8256 
-0.64 -0.4 8.78913 
-0.64 -0.32 8.42335 
-0.64 -0.24 12.8582 
-0.64 -0.16 28.0737 
-0.64 -0.08 63.4428 
-0.64 6.93889e-16 129.564 
-0.64 0.08 232.037 
-0.64 0.16 366.632 
-0.64 0.24 525.654 
-0.64 0.32 703.415 
-0.64 0.4 887.406 
-0.64 0.48 1056.5 
-0.64 0.56 1192.36 
-0.64 0.64 1287.8 
-0.64 0.72 1346.95 
-0.64 0.8 1379.87 
-0.64 0.88 1396.44 
-0.64 0.96 1403.77 
-0.64 1.04 1406.32 
-0.64 1.12 1406.87 
-0.64 1.2 1406.88 
-0.64 1.28 1406.84 
-0.64 1.36 1406.83 
-0.64 1.44 1406.83 
-0.64 1.52 1406.83 
-0.64 1.6 1406.83 
-0.64 1.68 1406.83 
-0.64 1.76 1406.83 
-0.64 1.84 1406.83 
-0.64 1.92 1406.83 
-0.56 -2 20.9661 
-0.56 -1.92 20.9593 
-0.56 -1.84 20.9493 
-0.56 -1.76 20.935 
-0.56 -1.68 20.9143 
-0.56 -1.6 20.8844 
-0.56 -1.52 20.8412 
-0.56 -1.44 20.7789 
-0.56 -1.36 20.6891 
-0.56 -1.28 20.56 
-0.56 -1.2 20.3745 
-0.56 -1.12 20.1088 
-0.56 -1.04 19.7301 
-0.56 -0.96 19.1936 
-0.56 -0.88 18.4411 
-0.56 -0.8 17.4012 
-0.56 -0.72 15.9982 
-0.56 -0.64 14.1788 
-0.56 -0.56 11.9835 
-0.56 -0.48 9.7083 
-0.56 -0.4 8.24955 
-0.56 -0.32 9.76086 
-0.56 -0.24 18.6997 
-0.56 -0.16 42.8865 
-0.56 -0.08 93.0278 
-0.56 6.93889e-16 178.366 
-0.56 0.08 299.65 
-0.56 0.16 449.575 
-0.56 0.24 622.188 
-0.56 0.32 809.743 
-0.56 0.4 993.566 
-0.56 0.48 1151.16 
-0.56 0.56 1268.51 
-0.56 0.64 1344.68 
-0.56 0.72 1388.53 
-0.56 0.8 1411.51 
-0.56 0.88 1422.61 
-0.56 0.96 1427.38 
-0.56 1.04 1428.99 
-0.56 1.12 1429.29 
-0.56 1.2 1429.26 
-0.56 1.28 1429.23 
-0.56 1.36 1429.21 
-0.56 1.44 1429.21 
-0.56 1.52 1429.21 
-0.56 1.6 1429.21 
-0.56 1.68 1429.21 
-0.56 1.76 1429.21 
-0.56 1.84 1429.21 
-0.56 1.92 1429.21 
-0.48 -2 20.963 
-0.48 -1.92 20.9548 
-0.48 -1.84 20.9428 
-0.48 -1.76 20.9256 
-0.48 -1.68 20.9007 
-0.48 -1.6 20.8647 
-0.48 -1.52 20.8129 
-0.48 -1.44 20.7381 
-0.48 -1.36 20.6304 
-0.48 -1.28 20.4755 
-0.48 -1.2 20.2534 
-0.48 -1.12 19.936 
-0.48 -1.04 19.4848 
-0.48 -0.96 18.8484 
-0.48 -0.88 17.9615 
-0.48 -0.8 16.7486 
-0.48 -0.72 15.1398 
-0.48 -0.64 13.1155 
-0.48 -0.56 10.8149 
-0.48 -0.48 8.77642 
-0.48 -0.4 8.42429 
-0.48 -0.32 12.9345 
-0.48 -0.24 28.413 
-0.48 -0.16 64.4997 
-0.48 -0.08 132.178 
-0.48 6.93889e-16 237.291 
-0.48 0.08 375.586 
-0.48 0.16 539.754 
-0.48 0.24 724.725 
-0.48 0.32 917.138 
-0.48 0.4 1093.6 
-0.48 0.48 1233.78 
-0.48 0.56 1329.92 
-0.48 0.64 1387.39 
-0.48 0.72 1418.18 
-0.48 0.8 1433.51 
-0.48 0.88 1440.73 
-0.48 0.96 1443.8 
-0.48 1.04 1444.84 
-0.48 1.12 1445.02 
-0.48 1.2 1444.99 
-0.48 1.28 1444.96 
-0.48 1.36 1444.96 
-0.48 1.44 1444.95 
-0.48 1.52 1444.95 
-0.48 1.6 1444.95 
-0.48 1.68 1444.95 
-0.48 1.76 1444.95 
-0.48 1.84 1444.95 
-0.48 1.92 1444.95 
-0.4 -2 20.9593 
-0.4 -1.92 20.9493 
-0.4 -1.84 20.935 
-0.4 -1.76 20.9143 
-0.4 -1.68 20.8844 
-0.4 -1.6 20.8412 
-0.4 -1.52 20.7789 
-0.4 -1.44 20.6891 
-0.4 -1.36 20.5599 
-0.4 -1.28 20.3744 
-0.4 -1.2 20.1088 
-0.4 -1.12 19.73 
-0.4 -1.04 19.1934 
-0.4 -0.96 18.4405 
-0.4 -0.88 17.4001 
-0.4 -0.8 15.9959 
-0.4 -0.72 14.1746 
-0.4 -0.64 11.9763 
-0.4 -0.56 9.69799 
-0.4 -0.48 8.24162 
-0.4 -0.4 9.78245 
-0.4 -0.32 18.8435 
-0.4 -0.24 43.405 
-0.4 -0.16 94.4606 
-0.4 -0.08 181.552 
-0.4 6.93889e-16 305.487 
-0.4 0.08 459.031 
-0.4 0.16 636.808 
-0.4 0.24 831.071 
-0.4 0.32 1021.57 
-0.4 0.4 1183.72 
-0.4 0.48 1302.34 
-0.4 0.56 1376.89 
-0.4 0.64 1417.95 
-0.4 0.72 1438.59 
-0.4 0.8 1448.52 
-0.4 0.88 1453.2 
-0.4 0.96 1455.27 
-0.4 1.04 1456 
-0.4 1.12 1456.15 
-0.4 1.2 1456.14 
-0.4 1.28 1456.13 
-0.4 1.36 1456.12 
-0.4 1.44 1456.12 
-0.4 1.52 1456.12 
-0.4 1.6 1456.12 
-0.4 1.68 1456.12 
-0.4 1.76 1456.12 
-0.4 1.84 1456.12 
-0.4 1.92 1456.12 
-0.32 -2 20.9548 
-0.32 -1.92 20.9428 
-0.32 -1.84 20.9256 
-0.32 -1.76 20.9007 
-0.32 -1.68 20.8647 
-0.32 -1.6 20.8129 
-0.32 -1.52 20.7381 
-0.32 -1.44 20.6304 
-0.32 -1.36 20.4755 
-0.32 -1.28 20.2534 
-0.32 -1.2 19.936 
-0.32 -1.12 19.4846 
-0.32 -1.04 18.848 
-0.32 -0.96 17.9608 
-0.32 -0.88 16.7472 
-0.32 -0.8 15.1372 
-0.32 -0.72 13.1108 
-0.32 -0.64 10.8075 
-0.32 -0.56 8.76763 
-0.32 -0.48 8.42507 
-0.32 -0.4 12.9882 
-0.32 -0.32 28.6511 
-0.32 -0.24 65.2425 
-0.32 -0.16 134.016 
-0.32 -0.08 240.98 
-0.32 6.93889e-16 381.857 
-0.32 0.08 549.632 
-0.32 0.16 739.653 
-0.32 0.24 937.811 
-0.32 0.32 1118.92 
-0.32 0.4 1261.11 
-0.32 0.48 1356.31 
-0.32 0.56 1411.04 
-0.32 0.64 1438.95 
-0.32 0.72 1452.32 
-0.32 0.8 1458.74 
-0.32 0.88 1461.92 
-0.32 0.96 1463.43 
-0.32 1.04 1464.04 
-0.32 1.12 1464.2 
-0.32 1.2 1464.22 
-0.32 1.28 1464.22 
-0.32 1.36 1464.22 
-0.32 1.44 1464.22 
-0.32 1.52 1464.22 
-0.32 1.6 1464.22 
-0.32 1.68 1464.22 
-0.32 1.76 1464.22 
-0.32 1.84 1464.22 
-0.32 1.92 1464.22 
-0.24 -2 20.9493 
-0.24 -1.92 20.935 
-0.24 -1.84 20.9143 
-0.24 -1.76 20.8844 
-0.24 -1.68 20.8412 
-0.24 -1.6 20.7789 
-0.24 -1.52 20.6891 
-0.24 -1.44 20.5599 
-0.24 -1.36 20.3744 
-0.24 -1.28 20.1087 
-0.24 -1.2 19.7299 
-0.24 -1.12 19.1932 
-0.24 -1.04 18.4401 
-0.24 -0.96 17.3993 
-0.24 -0.88 15.9943 
-0.24 -0.8 14.1717 
-0.24 -0.72 11.9713 
-0.24 -0.64 9.69086 
-0.24 -0.56 8.23616 
-0.24 -0.48 9.79762 
-0.24 -0.4 18.9442 
-0.24 -0.32 43.7683 
-0.24 -0.24 95.4653 
-0.24 -0.16 183.786 
-0.24 -0.08 309.57 
-0.24 6.93889e-16 465.637 
-0.24 0.08 647.03 
-0.24 0.16 845.94 
-0.24 0.24 1040.86 
-0.24 0.32 1205.66 
-0.24 0.4 1324.26 
-0.24 0.48 1396.63 
-0.24 0.56 1434.75 
-0.24 0.64 1452.97 
-0.24 0.72 1461.54 
-0.24 0.8 1465.87 
-0.24 0.88 1468.21 
-0.24 0.96 1469.45 
-0.24 1.04 1470.02 
-0.24 1.12 1470.22 
-0.24 1.2 1470.26 
-0.24 1.28 1470.27 
-0.24 1.36 1470.27 
-0.24 1.44 1470.27 
-0.24 1.52 1470.27 
-0.24 1.6 1470.27 
-0.24 1.68 1470.27 
-0.24 1.76 1470.27 
-0.24 1.84 1470.27 
-0.24 1.92 1470.27 
-0.16 -2 20.9428 
-0.16 -1.92 20.9256 
-0.16 -1.84 20.9007 
-0.16 -1.76 20.8647 
-0.16 -1.68 20.8129 
-0.16 -1.6 20.7381 
-0.16 -1.52 20.6304 
-0.16 -1.44 20.4755 
-0.16 -1.36 20.2534 
-0.16 -1.28 19.9359 
-0.16 -1.2 19.4845 
-0.16 -1.12 18.8478 
-0.16 -1.04 17.9603 
-0.16 -0.96 16.7463 
-0.16 -0.88 15.1354 
-0.16 -0.8 13.1076 
-0.16 -0.72 10.8024 
-0.16 -0.64 8.76155 
-0.16 -0.56 8.42566 
-0.16 -0.48 13.0256 
-0.16 -0.4 28.8175 
-0.16 -0.32 65.7621 
-0.16 -0.24 135.301 
-0.16 -0.16 243.557 
-0.16 -0.08 386.232 
-0.16 6.93889e-16 556.524 
-0.16 0.08 750.064 
-0.16 0.16 952.143 
-0.16 0.24 1136.21 
-0.16 0.32 1279.29 
-0.16 0.4 1373.14 
-0.16 0.48 1425.26 
-0.16 0.56 1450.6 
-0.16 0.64 1462.22 
-0.16 0.72 1467.88 
-0.16 0.8 1471.04 
-0.16 0.88 1472.95 
-0.16 0.96 1474.08 
-0.16 1.04 1474.65 
-0.16 1.12 1474.87 
-0.16 1.2 1474.94 
-0.16 1.28 1474.95 
-0.16 1.36 1474.96 
-0.16 1.44 1474.96 
-0.16 1.52 1474.96 
-0.16 1.6 1474.96 
-0.16 1.68 1474.96 
-0.16 1.76 1474.96 
-0.16 1.84 1474.96 
-0.16 1.92 1474.96 
-0.08 -2 20.935 
-0.08 -1.92 20.9143 
-0.08 -1.84 20.8844 
-0.08 -1.76 20.8412 
-0.08 -1.68 20.7789 
-0.08 -1.6 20.6891 
-0.08 -1.52 20.5599 
-0.08 -1.44 20.3744 
-0.08 -1.36 20.1087 
-0.08 -1.28 19.7298 
-0.08 -1.2 19.193 
-0.08 -1.12 18.4399 
-0.08 -1.04 17.3987 
-0.08 -0.96 15.9933 
-0.08 -0.88 14.1697 
-0.08 -0.8 11.9679 
-0.08 -0.72 9.68592 
-0.08 -0.64 8.23239 
-0.08 -0.56 9.80823 
-0.08 -0.48 19.0144 
-0.08 -0.4 44.0218 
-0.08 -0.32 96.1669 
-0.08 -0.24 185.345 
-0.08 -0.16 312.415 
-0.08 -0.08 470.239 
-0.08 6.93889e-16 654.153 
-0.08 0.08 856.276 
-0.08 0.16 1054.16 
-0.08 0.24 1220.51 
-0.08 0.32 1338.66 
-0.08 0.4 1409.02 
-0.08 0.48 1444.68 
-0.08 0.56 1460.95 
-0.08 0.64 1468.44 
-0.08 0.72 1472.45 
-0.08 0.8 1475 
-0.08 0.88 1476.7 
-0.08 0.96 1477.77 
-0.08 1.04 1478.34 
-0.08 1.12 1478.59 
-0.08 1.2 1478.67 
-0.08 1.28 1478.69 
-0.08 1.36 1478.7 
-0.08 1.44 1478.7 
-0.08 1.52 1478.7 
-0.08 1.6 1478.7 
-0.08 1.68 1478.7 
-0.08 1.76 1478.7 
-0.08 1.84 1478.7 
-0.08 1.92 1478.7 
2.47025e-15 -2 20.9256 
2.47025e-15 -1.92 20.9007 
2.47025e-15 -1.84 20.8647 
2.47025e-15 -1.76 20.8129 
2.47025e-15 -1.68 20.7381 
2.47025e-15 -1.6 20.6304 
2.47025e-15 -1.52 20.4755 
2.47025e-15 -1.44 20.2534 
2.47025e-15 -1.36 19.9359 
2.47025e-15 -1.28 19.4844 
2.47025e-15 -1.2 18.8476 
2.47025e-15 -1.12 17.96 
2.47025e-15 -1.04 16.7457 
2.47025e-15 -0.96 15.1342 
2.47025e-15 -0.88 13.1054 
2.47025e-15 -0.8 10.7988 
2.47025e-15 -0.72 8.75734 
2.47025e-15 -0.64 8.42611 
2.47025e-15 -0.56 13.0517 
2.47025e-15 -0.48 28.9335 
2.47025e-15 -0.4 66.1243 
2.47025e-15 -0.32 136.198 
2.47025e-15 -0.24 245.352 
2.47025e-15 -0.16 389.275 
2.47025e-15 -0.08 561.319 
2.47025e-15 6.93889e-16 757.306 
2.47025e-15 0.08 962.064 
2.47025e-15 0.16 1148.05 
2.47025e-15 0.24 1291.48 
2.47025e-15 0.32 1384.06 
2.47025e-15 0.4 1434.06 
2.47025e-15 0.48 1457.41 
2.47025e-15 0.56 1467.73 
2.47025e-15 0.64 1472.82 
2.47025e-15 0.72 1475.96 
2.47025e-15 0.8 1478.2 
2.47025e-15 0.88 1479.79 
2.47025e-15 0.96 1480.82 
2.47025e-15 1.04 1481.38 
2.47025e-15 1.12 1481.64 
2.47025e-15 1.2 1481.73 
2.47025e-15 1.28 1481.76 
2.47025e-15 1.36 1481.76 
2.47025e-15 1.44 1481.76 
2.47025e-15 1.52 1481.76 
2.47025e-15 1.6 1481.76 
2.47025e-15 1.68 1481.76 
2.47025e-15 1.76 1481.76 
2.47025e-15 1.84 1481.76 
2.47025e-15 1.92 1481.76 
0.08 -2 20.9143 
0.08 -1.92 20.8844 
0.08 -1.84 20.8412 
0.08 -1.76 20.7789 
0.08 -1.68 20.6891 
0.08 -1.6 20.5599 
0.08 -1.52 20.3744 
0.08 -1.44 20.1087 
0.08 -1.36 19.7298 
0.08 -1.28 19.1929 
0.08 -1.2 18.4397 
0.08 -1.12 17.3983 
0.08 -1.04 15.9925 
0.08 -0.96 14.1683 
0.08 -0.88 11.9655 
0.08 -0.8 9.6825 
0.08 -0.72 8.2298 
0.08 -0.64 9.81562 
0.08 -0.56 19.0632 
0.08 -0.48 44.1982 
0.08 -0.4 96.6554 
0.08 -0.32 186.43 
0.08 -0.24 314.394 
0.08 -0.16 473.436 
0.08 -0.08 659.105 
0.08 6.93889e-16 863.447 
0.08 0.08 1063.33 
0.08 0.16 1230.61 
0.08 0.24 1348.24 
0.08 0.32 1416.97 
0.08 0.4 1450.77 
0.08 0.48 1465.6 
0.08 0.56 1472.32 
0.08 0.64 1476.13 
0.08 0.72 1478.84 
0.08 0.8 1480.9 
0.08 0.88 1482.4 
0.08 0.96 1483.38 
0.08 1.04 1483.93 
0.08 1.12 1484.19 
0.08 1.2 1484.28 
0.08 1.28 1484.31 
0.08 1.36 1484.31 
0.08 1.44 1484.31 
0.08 1.52 1484.31 
0.08 1.6 1484.31 
0.08 1.68 1484.31 
0.08 1.76 1484.31 
0.08 1.84 1484.31 
0.08 1.92 1484.31 
