0.025 1.12312e-13 4.86681e-13 
0.075 1.28445e-13 3.75635e-13 
0.125 1.44338e-13 3.02062e-13 
0.175 1.54056e-13 2.48407e-13 
0.225 1.5583e-13 2.06182e-13 
0.275 1.53972e-13 1.72413e-13 
0.325 1.4971e-13 1.44734e-13 
0.375 1.43823e-13 1.2169e-13 
0.425 1.36365e-13 1.02347e-13 
0.475 1.27912e-13 8.6101e-14 
0.525 1.18977e-13 7.24184e-14 
0.575 1.09837e-13 6.08723e-14 
0.625 1.00759e-13 5.11018e-14 
0.675 9.17889e-14 4.28326e-14 
0.725 8.3043e-14 3.5833e-14 
0.775 7.46363e-14 2.99227e-14 
0.825 6.66741e-14 2.49331e-14 
0.875 5.91815e-14 2.07284e-14 
0.925 5.22014e-14 1.71961e-14 
0.975 4.57462e-14 1.42355e-14 
1.025 3.98268e-14 1.17623e-14 
1.075 3.44526e-14 9.70295e-15 
1.125 2.96011e-14 7.99435e-15 
1.175 2.52597e-14 6.58075e-15 
1.225 2.14249e-14 5.41657e-15 
1.275 1.8074e-14 4.46275e-15 
1.325 1.51692e-14 3.68353e-15 
1.375 1.26802e-14 3.04895e-15 
1.425 1.05687e-14 2.53304e-15 
1.475 8.79102e-15 2.11335e-15 
1.525 7.3069e-15 1.77196e-15 
1.575 6.07517e-15 1.49522e-15 
1.625 5.0586e-15 1.26991e-15 
1.675 4.22638e-15 1.08651e-15 
1.725 3.54654e-15 9.35837e-16 
1.775 2.99312e-15 8.11957e-16 
1.825 2.54404e-15 7.09286e-16 
1.875 2.17946e-15 6.23963e-16 
1.925 1.88288e-15 5.52107e-16 
1.975 1.64143e-15 4.91413e-16 
2.025 1.44437e-15 4.3985e-16 
2.075 1.28215e-15 3.95881e-16 
2.125 1.1488e-15 3.57765e-16 
2.175 1.03835e-15 3.24653e-16 
2.225 9.45735e-16 2.95672e-16 
2.275 8.67904e-16 2.70145e-16 
2.325 8.01812e-16 2.47574e-16 
2.375 7.44927e-16 2.27358e-16 
2.425 6.95299e-16 2.0917e-16 
2.475 6.5142e-16 1.92782e-16 
2.525 6.12555e-16 1.77865e-16 
2.575 5.77709e-16 1.64246e-16 
2.625 5.4547e-16 1.51784e-16 
2.675 5.16289e-16 1.40405e-16 
2.725 4.89225e-16 1.29945e-16 
2.775 4.63518e-16 1.203e-16 
2.825 4.39671e-16 1.11391e-16 
2.875 4.17374e-16 1.03141e-16 
2.925 3.96119e-16 9.54902e-17 
2.975 3.7594e-16 8.84026e-17 
3.025 3.56536e-16 8.17973e-17 
3.075 3.38122e-16 7.5677e-17 
3.125 3.20522e-16 7.00085e-17 
3.175 3.03392e-16 6.47415e-17 
3.225 2.87019e-16 5.98533e-17 
3.275 2.71254e-16 5.53016e-17 
3.325 2.56357e-16 5.10728e-17 
3.375 2.4217e-16 4.71215e-17 
3.425 2.28476e-16 4.34557e-17 
3.475 2.15399e-16 4.00401e-17 
3.525 2.02858e-16 3.6871e-17 
3.575 1.90903e-16 3.39457e-17 
3.625 1.79581e-16 3.12249e-17 
3.675 1.68855e-16 2.87071e-17 
3.725 1.58611e-16 2.63742e-17 
3.775 1.48814e-16 2.42162e-17 
3.825 1.39486e-16 2.2219e-17 
3.875 1.30738e-16 2.03692e-17 
3.925 1.22401e-16 1.86668e-17 
3.975 1.14569e-16 1.70903e-17 
4.025 1.07131e-16 1.56362e-17 
4.075 1.00101e-16 1.42917e-17 
4.125 9.34503e-17 1.30457e-17 
4.175 8.71743e-17 1.19042e-17 
4.225 8.12844e-17 1.08506e-17 
4.275 7.5679e-17 9.88362e-18 
4.325 7.04127e-17 8.99328e-18 
4.375 6.54931e-17 8.17544e-18 
4.425 6.08565e-17 7.42376e-18 
4.475 5.64471e-17 6.72969e-18 
4.525 5.23465e-17 6.09292e-18 
4.575 4.84575e-17 5.51279e-18 
4.625 4.4834e-17 4.97968e-18 
4.675 4.14335e-17 4.49027e-18 
4.725 3.82443e-17 4.0445e-18 
4.775 3.52317e-17 3.632e-18 
4.825 3.24747e-17 3.24666e-18 
4.875 2.98807e-17 2.8921e-18 
4.925 2.74571e-17 2.57991e-18 
4.975 2.51941e-17 2.30055e-18 
5.025 2.30871e-17 2.04685e-18 
5.075 2.11227e-17 1.81664e-18 
5.125 1.92791e-17 1.60813e-18 
5.175 1.75764e-17 1.41975e-18 
5.225 1.59911e-17 1.24957e-18 
5.275 1.45043e-17 1.09634e-18 
5.325 1.31254e-17 9.58711e-19 
5.375 1.18412e-17 8.35364e-19 
5.425 1.06555e-17 7.25127e-19 
5.475 9.56372e-18 6.26839e-19 
5.525 8.55242e-18 5.39441e-19 
5.575 7.61725e-18 4.61994e-19 
5.625 6.7549e-18 3.93633e-19 
5.675 5.97186e-18 3.33563e-19 
5.725 5.2498e-18 2.80924e-19 
5.775 4.5902e-18 2.35052e-19 
5.825 3.99226e-18 1.95297e-19 
5.875 3.45078e-18 1.61017e-19 
5.925 2.96563e-18 1.31639e-19 
5.975 2.53108e-18 1.06605e-19 
6.025 2.13923e-18 8.54173e-20 
6.075 1.79114e-18 6.76605e-20 
6.125 1.48204e-18 5.29136e-20 
6.175 1.21139e-18 4.08116e-20 
6.225 9.7726e-19 3.10007e-20 
6.275 7.78336e-19 2.31482e-20 
6.325 6.08649e-19 1.69448e-20 
6.375 4.68048e-19 1.21315e-20 
6.425 3.52108e-19 8.45882e-21 
6.475 2.6064e-19 5.71764e-21 
6.525 1.8771e-19 3.70484e-21 
6.575 1.29513e-19 2.26583e-21 
6.625 8.3721e-20 1.28051e-21 
6.675 4.85026e-20 6.48524e-22 
6.725 2.40778e-20 2.85215e-22 
6.775 9.71071e-21 1.06072e-22 
6.825 2.90252e-21 3.40828e-23 
6.875 9.32504e-22 1.2516e-23 
6.925 5.01379e-22 5.73481e-24 
6.975 2.08583e-22 2.11535e-24 
7.025 7.24972e-23 6.20739e-25 
7.075 3.13273e-24 1.05345e-25 
7.125 5.88085e-28 8.38022e-26 
7.175 1.95733e-40 2.80877e-38 
7.225 0 0 
7.275 0 0 
7.325 0 0 
7.375 0 0 
7.425 0 0 
7.475 0 0 
7.525 0 0 
7.575 0 0 
7.625 0 0 
7.675 0 0 
7.725 0 0 
7.775 0 0 
7.825 0 0 
7.875 0 0 
7.925 0 0 
7.975 0 0 
8.025 0 0 
8.075 0 0 
8.125 0 0 
8.175 0 0 
8.225 0 0 
8.275 0 0 
8.325 0 0 
8.375 0 0 
8.425 0 0 
8.475 0 0 
8.525 0 0 
8.575 0 0 
8.625 0 0 
8.675 0 0 
8.725 0 0 
8.775 0 0 
8.825 0 0 
8.875 0 0 
8.925 0 0 
8.975 0 0 
9.025 0 0 
9.075 0 0 
9.125 0 0 
9.175 0 0 
9.225 0 0 
9.275 0 0 
9.325 0 0 
9.375 0 0 
9.425 0 0 
9.475 0 0 
9.525 0 0 
9.575 0 0 
9.625 0 0 
9.675 0 0 
9.725 0 0 
9.775 0 0 
9.825 0 0 
9.875 0 0 
9.925 0 0 
