0.025	6.084e-15	2.298e-12	0	1.233e-14	2.157e-12	0
0.075	1.847e-14	5.903e-12	0	4.476e-14	7.84e-12	0
0.125	7.452e-14	3.726e-12	0	6.802e-14	9.731e-12	0
0.175	5.308e-14	2.338e-12	0	7.441e-14	1.141e-11	0
0.225	2.186e-14	2.57e-12	0	7.213e-14	1.319e-11	0
0.275	2.268e-14	1.797e-12	0	7.111e-14	1.438e-11	0
0.325	2.355e-14	1.776e-12	0	6.777e-14	1.477e-11	0
0.375	2.347e-14	1.855e-12	0	6.465e-14	1.479e-11	0
0.425	2.206e-14	1.834e-12	0	6.019e-14	1.5e-11	0
0.475	2.2e-14	1.77e-12	0	5.61e-14	1.485e-11	0
0.525	2.075e-14	1.701e-12	0	5.148e-14	1.447e-11	0
0.575	2.044e-14	1.618e-12	0	4.753e-14	1.406e-11	0
0.625	1.875e-14	1.555e-12	0	4.336e-14	1.345e-11	0
0.675	1.785e-14	1.493e-12	0	4.109e-14	1.287e-11	0
0.725	1.602e-14	1.425e-12	0	3.785e-14	1.221e-11	0
0.775	1.481e-14	1.357e-12	0	3.469e-14	1.152e-11	0
0.825	1.37e-14	1.302e-12	0	3.208e-14	1.075e-11	0
0.875	1.336e-14	1.236e-12	0	2.943e-14	9.98e-12	0
0.925	1.298e-14	1.192e-12	0	2.751e-14	9.177e-12	0
0.975	1.198e-14	1.141e-12	0	2.504e-14	8.411e-12	0
1.025	1.153e-14	1.087e-12	0	2.296e-14	7.658e-12	0
1.075	1.082e-14	1.044e-12	0	2.16e-14	6.907e-12	0
1.125	1.034e-14	9.967e-13	0	1.991e-14	6.18e-12	0
1.175	9.538e-15	9.435e-13	0	1.836e-14	5.505e-12	0
1.225	9.357e-15	8.826e-13	0	1.672e-14	4.877e-12	0
1.275	8.763e-15	8.32e-13	0	1.564e-14	4.269e-12	0
1.325	8.658e-15	7.736e-13	0	1.487e-14	3.686e-12	0
1.375	8.09e-15	7.18e-13	0	1.33e-14	3.151e-12	0
1.425	7.874e-15	6.609e-13	0	1.234e-14	2.678e-12	0
1.475	7.406e-15	6.053e-13	0	1.142e-14	2.262e-12	0
1.525	7.016e-15	5.533e-13	0	1.025e-14	1.898e-12	0
1.575	6.93e-15	5.058e-13	0	9.568e-15	1.58e-12	0
1.625	6.523e-15	4.577e-13	0	8.916e-15	1.311e-12	0
1.675	6.167e-15	4.134e-13	0	8.401e-15	1.083e-12	0
1.725	6.032e-15	3.725e-13	0	7.801e-15	8.917e-13	0
1.775	5.63e-15	3.336e-13	0	7.274e-15	7.285e-13	0
1.825	5.567e-15	3.003e-13	0	6.691e-15	5.941e-13	0
1.875	5.377e-15	2.663e-13	0	6.169e-15	4.834e-13	0
1.925	5.212e-15	2.375e-13	0	5.576e-15	3.937e-13	0
1.975	4.735e-15	2.126e-13	0	4.993e-15	3.18e-13	0
2.025	4.58e-15	1.886e-13	0	5.028e-15	2.577e-13	0
2.075	4.426e-15	1.669e-13	0	4.529e-15	2.066e-13	0
2.125	4.024e-15	1.486e-13	0	4.146e-15	1.665e-13	0
2.175	3.765e-15	1.31e-13	0	3.79e-15	1.346e-13	0
2.225	3.626e-15	1.171e-13	0	3.408e-15	1.081e-13	0
2.275	3.275e-15	1.03e-13	0	3.214e-15	8.837e-14	0
2.325	3.228e-15	9.279e-14	0	3.003e-15	7.136e-14	0
2.375	2.942e-15	8.199e-14	0	2.755e-15	5.707e-14	0
2.425	2.767e-15	7.353e-14	0	2.553e-15	4.62e-14	0
2.475	2.586e-15	6.577e-14	0	2.435e-15	3.778e-14	0
2.525	2.509e-15	5.83e-14	0	2.089e-15	3.028e-14	0
2.575	2.36e-15	5.318e-14	0	1.987e-15	2.412e-14	0
2.625	2.095e-15	4.822e-14	0	1.814e-15	1.977e-14	0
2.675	2.037e-15	4.317e-14	0	1.685e-15	1.638e-14	0
2.725	1.915e-15	3.997e-14	0	1.529e-15	1.323e-14	0
2.775	1.85e-15	3.619e-14	0	1.529e-15	1.038e-14	0
2.825	1.708e-15	3.375e-14	0	1.312e-15	8.707e-15	0
2.875	1.589e-15	3.05e-14	0	1.278e-15	6.981e-15	0
2.925	1.377e-15	2.926e-14	0	1.162e-15	6.078e-15	0
2.975	1.431e-15	2.705e-14	0	1.136e-15	5.111e-15	0
3.025	1.227e-15	2.659e-14	0	1.011e-15	3.919e-15	0
3.075	1.221e-15	2.502e-14	0	9.384e-16	3.328e-15	0
3.125	1.11e-15	2.391e-14	0	7.916e-16	2.861e-15	0
3.175	1.056e-15	2.297e-14	0	7.51e-16	2.382e-15	0
3.225	1.01e-15	2.191e-14	0	6.935e-16	2.295e-15	0
3.275	8.801e-16	2.118e-14	0	6.31e-16	2.269e-15	0
3.325	7.992e-16	2.052e-14	0	5.732e-16	1.828e-15	0
3.375	7.473e-16	1.945e-14	0	5.215e-16	1.613e-15	0
3.425	7.088e-16	1.886e-14	0	4.846e-16	1.537e-15	0
3.475	6.406e-16	1.828e-14	0	4.412e-16	1.375e-15	0
3.525	5.861e-16	1.759e-14	0	4.17e-16	1.247e-15	0
3.575	5.666e-16	1.638e-14	0	3.833e-16	1.044e-15	0
3.625	5.348e-16	1.569e-14	0	3.395e-16	9.532e-16	0
3.675	4.949e-16	1.51e-14	0	3.098e-16	8.148e-16	0
3.725	4.187e-16	1.471e-14	0	2.968e-16	7.485e-16	0
3.775	4.146e-16	1.385e-14	0	2.715e-16	7.837e-16	0
3.825	3.647e-16	1.349e-14	0	2.432e-16	6.202e-16	0
3.875	3.536e-16	1.301e-14	0	2.314e-16	6.614e-16	0
3.925	3.845e-16	1.263e-14	0	2.06e-16	5.495e-16	0
3.975	2.935e-16	1.19e-14	0	1.951e-16	5.132e-16	0
4.025	2.524e-16	1.172e-14	0	1.681e-16	4.9e-16	0
4.075	2.261e-16	1.088e-14	0	1.572e-16	4.984e-16	0
4.125	2.237e-16	1.063e-14	0	1.406e-16	4.479e-16	0
4.175	2.154e-16	1.012e-14	0	1.268e-16	2.406e-16	0
4.225	1.884e-16	9.545e-15	0	1.231e-16	2.196e-16	0
4.275	1.694e-16	9.358e-15	0	1.077e-16	1.973e-16	0
4.325	1.65e-16	8.664e-15	0	9.947e-17	1.762e-16	0
4.375	1.346e-16	8.389e-15	0	9.775e-17	1.339e-16	0
4.425	1.187e-16	7.95e-15	0	8.41e-17	1.256e-16	0
4.475	1.142e-16	7.503e-15	0	7.331e-17	9.669e-17	0
4.525	9.965e-17	7.292e-15	0	7.02e-17	7.546e-17	0
4.575	1.001e-16	7.194e-15	0	6.27e-17	5.98e-17	0
4.625	8.928e-17	6.801e-15	0	5.876e-17	6.291e-17	0
4.675	7.275e-17	6.302e-15	0	4.995e-17	4.74e-17	0
4.725	7.226e-17	5.939e-15	0	4.352e-17	3.581e-17	0
4.775	6.372e-17	5.668e-15	0	3.974e-17	3.289e-17	0
4.825	6.069e-17	5.272e-15	0	3.311e-17	2.808e-17	0
4.875	5.588e-17	5.099e-15	0	3.234e-17	2.706e-17	0
4.925	4.919e-17	4.81e-15	0	2.915e-17	2.439e-17	0
4.975	4.375e-17	4.621e-15	0	2.783e-17	1.477e-17	0
5.025	3.763e-17	4.364e-15	0	2.37e-17	1.24e-17	0
5.075	3.561e-17	4.039e-15	0	2.097e-17	1.035e-17	0
5.125	3.264e-17	3.841e-15	0	2.074e-17	9.001e-18	0
5.175	2.669e-17	3.546e-15	0	1.746e-17	6.87e-18	0
5.225	2.274e-17	3.388e-15	0	1.676e-17	8.575e-18	0
5.275	2.047e-17	3.201e-15	0	1.429e-17	4.392e-18	0
5.325	1.863e-17	2.964e-15	0	1.336e-17	4.736e-18	0
5.375	1.809e-17	2.803e-15	0	1.111e-17	3.038e-18	0
5.425	1.686e-17	2.651e-15	0	9.926e-18	2.413e-18	0
5.475	1.507e-17	2.521e-15	0	8.299e-18	2.072e-18	0
5.525	1.354e-17	2.339e-15	0	7.783e-18	2.061e-18	0
5.575	9.593e-18	2.161e-15	0	5.029e-18	1.113e-18	0
5.625	9.7e-18	2.012e-15	0	4.684e-18	9.256e-19	0
5.675	5.531e-18	1.878e-15	0	5.25e-18	6.533e-19	0
5.725	4.388e-18	1.779e-15	0	5.165e-18	8.079e-19	0
5.775	3.728e-18	1.627e-15	0	4.512e-18	6.662e-19	0
5.825	3.285e-18	1.52e-15	0	4.511e-18	3.475e-19	0
5.875	2.665e-18	1.419e-15	0	4.759e-18	3.808e-19	0
5.925	2.035e-18	1.285e-15	0	4.238e-18	3.495e-19	0
5.975	1.918e-18	1.207e-15	0	4.177e-18	2.521e-19	0
6.025	1.503e-18	1.09e-15	0	2.956e-18	1.967e-19	0
6.075	1.575e-18	9.855e-16	0	3.042e-18	1.264e-19	0
6.125	1.358e-18	9.135e-16	0	2.275e-18	6.892e-20	0
6.175	9.778e-19	8.085e-16	0	2.627e-18	7.387e-20	0
6.225	1.387e-18	7.326e-16	0	2.442e-18	3.467e-20	0
6.275	7.948e-19	6.565e-16	0	2.066e-18	1.026e-19	0
6.325	1.305e-18	5.453e-16	0	1.443e-18	1.603e-20	0
6.375	1.474e-18	4.648e-16	0	1.399e-18	1.62e-20	0
6.425	8.011e-19	3.907e-16	0	8.317e-19	1.13e-20	0
6.475	4.634e-19	3.184e-16	0	5.43e-19	1.395e-20	0
6.525	3.624e-19	2.513e-16	0	6.978e-19	2.114e-21	0
6.575	2.672e-19	2.045e-16	0	5.496e-19	3.943e-21	0
6.625	2.113e-19	1.67e-16	0	2.634e-19	1.888e-21	0
6.675	2.34e-19	1.282e-16	0	1.412e-19	6.712e-21	0
6.725	1.633e-19	9.41e-17	0	2.165e-19	5.944e-21	0
6.775	2.508e-19	5.239e-17	0	1.661e-19	0	0
6.825	2.236e-19	2.397e-17	0	1.678e-19	1.436e-21	0
6.875	2.219e-19	6.894e-18	0	1.92e-19	0	0
6.925	3.985e-19	6.623e-19	0	1.301e-19	0	0
6.975	4.86e-19	2.247e-19	0	1.633e-19	0	0
7.025	6.373e-19	1.282e-19	0	2.827e-19	0	0
7.075	4.257e-19	7.659e-20	0	2.54e-19	0	0
7.125	2.612e-19	0	0	3.401e-19	0	0
7.175	2.325e-19	0	0	3.84e-19	1.436e-21	0
7.225	4.544e-19	0	0	1.678e-19	0	0
7.275	1.149e-19	0	0	1.588e-19	0	0
7.325	5.743e-20	0	0	1.346e-19	0	0
7.375	5.743e-20	0	0	2.027e-19	0	0
7.425	0	0	0	1.678e-19	0	0
7.475	0	0	0	7.266e-20	0	0
7.525	0	0	0	0	0	0
7.575	0	0	0	2.422e-20	0	0
7.625	0	0	0	0	0	0
7.675	0	0	0	0	0	0
7.725	0	0	0	0	0	0
7.775	0	0	0	0	0	0
7.825	0	0	0	0	0	0
7.875	0	0	0	0	0	0
7.925	0	0	0	0	0	0
7.975	0	0	0	0	0	0
8.025	0	0	0	0	0	0
8.075	0	0	0	0	0	0
8.125	0	0	0	0	0	0
8.175	0	0	0	0	0	0
8.225	0	0	0	0	0	0
8.275	0	0	0	0	0	0
8.325	0	0	0	0	0	0
8.375	0	0	0	0	0	0
8.425	0	0	0	0	0	0
8.475	0	0	0	0	0	0
8.525	0	0	0	0	0	0
8.575	0	0	0	0	0	0
8.625	0	0	0	0	0	0
8.675	0	0	0	0	0	0
8.725	0	0	0	0	0	0
8.775	0	0	0	0	0	0
8.825	0	0	0	0	0	0
8.875	0	0	0	0	0	0
8.925	0	0	0	0	0	0
8.975	0	0	0	0	0	0
9.025	0	0	0	0	0	0
9.075	0	0	0	0	0	0
9.125	0	0	0	0	0	0
9.175	0	0	0	0	0	0
9.225	0	0	0	0	0	0
9.275	0	0	0	0	0	0
9.325	0	0	0	0	0	0
9.375	0	0	0	0	0	0
9.425	0	0	0	0	0	0
9.475	0	0	0	0	0	0
9.525	0	0	0	0	0	0
9.575	0	0	0	0	0	0
9.625	0	0	0	0	0	0
9.675	0	0	0	0	0	0
9.725	0	0	0	0	0	0
9.775	0	0	0	0	0	0
9.825	0	0	0	0	0	0
9.875	0	0	0	0	0	0
9.925	0	0	0	0	0	0
9.975	0	0	0	0	0	0
