0.025	1.53e-14	2.272e-12	0	5.047e-15	2.56e-12	0
0.075	5.722e-14	8.566e-12	0	1.156e-14	5.671e-12	0
0.125	1.273e-13	1.112e-11	0	1.705e-14	3.3e-12	0
0.175	1.231e-13	1.335e-11	0	1.529e-14	2.028e-12	0
0.225	1.042e-13	1.658e-11	0	1.002e-14	1.623e-12	0
0.275	1.078e-13	1.82e-11	0	1.039e-14	1.395e-12	0
0.325	1.093e-13	1.946e-11	0	9.661e-15	1.301e-12	0
0.375	1.086e-13	2.045e-11	0	9.99e-15	1.249e-12	0
0.425	1.061e-13	2.161e-11	0	9.711e-15	1.171e-12	0
0.475	1.034e-13	2.241e-11	0	9.38e-15	1.054e-12	0
0.525	1.001e-13	2.279e-11	0	9.049e-15	9.58e-13	0
0.575	9.654e-14	2.292e-11	0	9.298e-15	8.695e-13	0
0.625	9.198e-14	2.275e-11	0	8.34e-15	8.098e-13	0
0.675	8.8e-14	2.253e-11	0	8.007e-15	7.434e-13	0
0.725	8.467e-14	2.214e-11	0	7.769e-15	6.91e-13	0
0.775	8.008e-14	2.156e-11	0	7.364e-15	6.314e-13	0
0.825	7.74e-14	2.078e-11	0	6.98e-15	5.905e-13	0
0.875	7.39e-14	1.992e-11	0	6.944e-15	5.504e-13	0
0.925	6.924e-14	1.894e-11	0	6.564e-15	5.079e-13	0
0.975	6.618e-14	1.789e-11	0	5.783e-15	4.708e-13	0
1.025	6.239e-14	1.677e-11	0	6.041e-15	4.347e-13	0
1.075	6.037e-14	1.558e-11	0	5.471e-15	4.021e-13	0
1.125	5.633e-14	1.439e-11	0	5.113e-15	3.703e-13	0
1.175	5.446e-14	1.318e-11	0	5.054e-15	3.443e-13	0
1.225	5.014e-14	1.193e-11	0	4.918e-15	3.173e-13	0
1.275	4.838e-14	1.069e-11	0	4.902e-15	2.872e-13	0
1.325	4.52e-14	9.503e-12	0	4.552e-15	2.597e-13	0
1.375	4.35e-14	8.356e-12	0	4.4e-15	2.337e-13	0
1.425	4.028e-14	7.278e-12	0	4.388e-15	2.101e-13	0
1.475	3.933e-14	6.292e-12	0	3.939e-15	1.903e-13	0
1.525	3.696e-14	5.396e-12	0	3.598e-15	1.718e-13	0
1.575	3.455e-14	4.601e-12	0	3.53e-15	1.507e-13	0
1.625	3.285e-14	3.902e-12	0	3.588e-15	1.341e-13	0
1.675	3.059e-14	3.285e-12	0	3.289e-15	1.173e-13	0
1.725	2.885e-14	2.76e-12	0	3.112e-15	1.053e-13	0
1.775	2.803e-14	2.312e-12	0	2.919e-15	9.241e-14	0
1.825	2.574e-14	1.932e-12	0	2.733e-15	8.188e-14	0
1.875	2.431e-14	1.616e-12	0	2.85e-15	7.115e-14	0
1.925	2.298e-14	1.355e-12	0	2.564e-15	6.349e-14	0
1.975	2.165e-14	1.138e-12	0	2.514e-15	5.547e-14	0
2.025	2.042e-14	9.589e-13	0	2.387e-15	4.799e-14	0
2.075	1.867e-14	8.15e-13	0	2.242e-15	4.071e-14	0
2.125	1.763e-14	6.928e-13	0	2.093e-15	3.592e-14	0
2.175	1.656e-14	5.937e-13	0	2.027e-15	3.082e-14	0
2.225	1.545e-14	5.147e-13	0	1.812e-15	2.638e-14	0
2.275	1.485e-14	4.478e-13	0	1.724e-15	2.248e-14	0
2.325	1.361e-14	3.935e-13	0	1.665e-15	1.878e-14	0
2.375	1.281e-14	3.5e-13	0	1.532e-15	1.623e-14	0
2.425	1.19e-14	3.15e-13	0	1.47e-15	1.391e-14	0
2.475	1.13e-14	2.867e-13	0	1.394e-15	1.162e-14	0
2.525	1.043e-14	2.615e-13	0	1.305e-15	1.01e-14	0
2.575	9.8e-15	2.409e-13	0	1.279e-15	8.691e-15	0
2.625	8.832e-15	2.273e-13	0	1.14e-15	7.382e-15	0
2.675	8.607e-15	2.11e-13	0	1.042e-15	5.999e-15	0
2.725	7.727e-15	1.995e-13	0	9.795e-16	5.004e-15	0
2.775	7.285e-15	1.92e-13	0	9.706e-16	4.204e-15	0
2.825	6.793e-15	1.815e-13	0	8.481e-16	3.571e-15	0
2.875	6.371e-15	1.726e-13	0	8.082e-16	3.047e-15	0
2.925	5.772e-15	1.665e-13	0	7.19e-16	2.597e-15	0
2.975	5.49e-15	1.601e-13	0	6.964e-16	2.138e-15	0
3.025	4.989e-15	1.554e-13	0	6.877e-16	1.956e-15	0
3.075	4.656e-15	1.493e-13	0	6.044e-16	1.584e-15	0
3.125	4.211e-15	1.442e-13	0	5.312e-16	1.227e-15	0
3.175	4.071e-15	1.412e-13	0	5.064e-16	1.021e-15	0
3.225	3.819e-15	1.363e-13	0	4.558e-16	8.356e-16	0
3.275	3.496e-15	1.323e-13	0	4.458e-16	7.777e-16	0
3.325	3.165e-15	1.265e-13	0	3.91e-16	6.812e-16	0
3.375	2.922e-15	1.217e-13	0	3.674e-16	7.386e-16	0
3.425	2.624e-15	1.183e-13	0	3.457e-16	6.128e-16	0
3.475	2.489e-15	1.14e-13	0	3.385e-16	6.251e-16	0
3.525	2.276e-15	1.102e-13	0	2.937e-16	5.519e-16	0
3.575	2.078e-15	1.06e-13	0	2.9e-16	3.936e-16	0
3.625	1.887e-15	1.014e-13	0	2.523e-16	4.141e-16	0
3.675	1.716e-15	9.7e-14	0	2.363e-16	3.395e-16	0
3.725	1.603e-15	9.34e-14	0	2.107e-16	3.002e-16	0
3.775	1.448e-15	9.001e-14	0	1.936e-16	2.502e-16	0
3.825	1.338e-15	8.641e-14	0	1.801e-16	2.273e-16	0
3.875	1.215e-15	8.19e-14	0	1.561e-16	2.299e-16	0
3.925	1.171e-15	7.867e-14	0	1.465e-16	1.429e-16	0
3.975	9.923e-16	7.464e-14	0	1.371e-16	1.574e-16	0
4.025	9.308e-16	7.146e-14	0	1.249e-16	1.218e-16	0
4.075	8.357e-16	6.812e-14	0	1.148e-16	1.28e-16	0
4.125	7.638e-16	6.499e-14	0	1.079e-16	1.612e-16	0
4.175	6.755e-16	6.185e-14	0	9.442e-17	8.604e-17	0
4.225	6.545e-16	5.858e-14	0	8.323e-17	9.27e-17	0
4.275	5.973e-16	5.614e-14	0	7.855e-17	5.371e-17	0
4.325	5.257e-16	5.32e-14	0	6.963e-17	5.495e-17	0
4.375	4.645e-16	5.016e-14	0	6.551e-17	4.276e-17	0
4.425	4.304e-16	4.765e-14	0	5.711e-17	3.693e-17	0
4.475	3.828e-16	4.561e-14	0	4.896e-17	6.592e-17	0
4.525	3.41e-16	4.281e-14	0	4.631e-17	6.261e-17	0
4.575	3.141e-16	4.087e-14	0	4.348e-17	2.266e-17	0
4.625	2.881e-16	3.841e-14	0	3.697e-17	3.924e-17	0
4.675	2.498e-16	3.632e-14	0	3.522e-17	5.036e-17	0
4.725	2.223e-16	3.432e-14	0	3.216e-17	3.051e-17	0
4.775	2.055e-16	3.263e-14	0	2.985e-17	7.985e-17	0
4.825	1.819e-16	3.016e-14	0	2.577e-17	1.63e-16	0
4.875	1.592e-16	2.857e-14	0	2.299e-17	1.787e-16	0
4.925	1.407e-16	2.689e-14	0	2.077e-17	5.729e-17	0
4.975	1.242e-16	2.529e-14	0	1.95e-17	6.383e-18	0
5.025	1.142e-16	2.372e-14	0	1.843e-17	5.257e-18	0
5.075	1.028e-16	2.227e-14	0	1.332e-17	5.222e-18	0
5.125	8.425e-17	2.103e-14	0	1.044e-17	4.369e-18	0
5.175	7.409e-17	1.957e-14	0	9.753e-18	3.186e-18	0
5.225	6.574e-17	1.834e-14	0	8.689e-18	3.915e-18	0
5.275	5.592e-17	1.73e-14	0	8.865e-18	2.197e-18	0
5.325	4.79e-17	1.615e-14	0	7.198e-18	1.69e-18	0
5.375	4.2e-17	1.513e-14	0	6.32e-18	1.177e-18	0
5.425	3.153e-17	1.406e-14	0	5.182e-18	9.963e-19	0
5.475	2.98e-17	1.303e-14	0	3.874e-18	9.197e-19	0
5.525	2.362e-17	1.214e-14	0	3.37e-18	6.79e-19	0
5.575	2.218e-17	1.129e-14	0	3.068e-18	5.695e-19	0
5.625	1.834e-17	1.047e-14	0	2.157e-18	5.234e-19	0
5.675	1.757e-17	9.569e-15	0	2.255e-18	3.209e-19	0
5.725	1.367e-17	8.87e-15	0	1.785e-18	2.809e-19	0
5.775	1.136e-17	8.148e-15	0	1.269e-18	2.7e-19	0
5.825	9.188e-18	7.429e-15	0	1.316e-18	1.624e-19	0
5.875	7.469e-18	6.765e-15	0	8.751e-19	1.383e-19	0
5.925	6.502e-18	6.097e-15	0	8.883e-19	1.192e-19	0
5.975	5.513e-18	5.492e-15	0	6.479e-19	9.024e-20	0
6.025	4.571e-18	4.977e-15	0	5.714e-19	9.442e-20	0
6.075	4.365e-18	4.445e-15	0	6.861e-19	5.076e-20	0
6.125	2.147e-18	3.967e-15	0	4.251e-19	6.39e-20	0
6.175	2.322e-18	3.492e-15	0	4.221e-19	4.695e-20	0
6.225	1.548e-18	3.037e-15	0	3.999e-19	2.734e-20	0
6.275	1.282e-18	2.595e-15	0	3.749e-19	3.94e-20	0
6.325	1.049e-18	2.225e-15	0	1.223e-19	2.067e-20	0
6.375	8.226e-19	1.854e-15	0	2.968e-19	2.327e-20	0
6.425	8.297e-19	1.537e-15	0	7.318e-20	2.294e-20	0
6.475	6.143e-19	1.22e-15	0	1.551e-20	1.385e-20	0
6.525	8.553e-19	9.78e-16	0	3.392e-19	1.932e-21	0
6.575	4.705e-19	7.842e-16	0	2.261e-19	8.299e-21	0
6.625	4.387e-19	6.198e-16	0	1.258e-19	5.854e-21	0
6.675	5.17e-19	4.786e-16	0	9.574e-20	1.843e-21	0
6.725	3.049e-19	3.334e-16	0	8.005e-20	0	0
6.775	1.612e-19	1.971e-16	0	4.006e-20	1.783e-21	0
6.825	1.606e-19	9.391e-17	0	1.595e-19	4.49e-21	0
6.875	1.181e-19	2.738e-17	0	0	4.205e-21	0
6.925	1.96e-19	6.065e-18	0	3.208e-19	0	0
6.975	7.793e-20	4.135e-18	0	1.196e-19	0	0
7.025	1.571e-19	1.933e-18	0	1.993e-19	0	0
7.075	1.169e-19	9.888e-19	0	1.595e-19	0	0
7.125	0	4.494e-20	0	3.987e-20	0	0
7.175	0	0	0	0	1.211e-21	0
7.225	0	0	0	0	0	0
7.275	0	0	0	0	0	0
7.325	0	0	0	0	0	0
7.375	0	0	0	0	0	0
7.425	0	0	0	0	0	0
7.475	0	0	0	0	0	0
7.525	0	0	0	0	0	0
7.575	0	0	0	0	0	0
7.625	0	0	0	0	0	0
7.675	0	0	0	0	0	0
7.725	0	0	0	0	0	0
7.775	0	0	0	0	0	0
7.825	0	0	0	0	0	0
7.875	0	0	0	0	0	0
7.925	0	0	0	0	0	0
7.975	0	0	0	0	0	0
8.025	0	0	0	0	0	0
8.075	0	0	0	0	0	0
8.125	0	0	0	0	0	0
8.175	0	0	0	0	0	0
8.225	0	0	0	0	0	0
8.275	0	0	0	0	0	0
8.325	0	0	0	0	0	0
8.375	0	0	0	0	0	0
8.425	0	0	0	0	0	0
8.475	0	0	0	0	0	0
8.525	0	0	0	0	0	0
8.575	0	0	0	0	0	0
8.625	0	0	0	0	0	0
8.675	0	0	0	0	0	0
8.725	0	0	0	0	0	0
8.775	0	0	0	0	0	0
8.825	0	0	0	0	0	0
8.875	0	0	0	0	0	0
8.925	0	0	0	0	0	0
8.975	0	0	0	0	0	0
9.025	0	0	0	0	0	0
9.075	0	0	0	0	0	0
9.125	0	0	0	0	0	0
9.175	0	0	0	0	0	0
9.225	0	0	0	0	0	0
9.275	0	0	0	0	0	0
9.325	0	0	0	0	0	0
9.375	0	0	0	0	0	0
9.425	0	0	0	0	0	0
9.475	0	0	0	0	0	0
9.525	0	0	0	0	0	0
9.575	0	0	0	0	0	0
9.625	0	0	0	0	0	0
9.675	0	0	0	0	0	0
9.725	0	0	0	0	0	0
9.775	0	0	0	0	0	0
9.825	0	0	0	0	0	0
9.875	0	0	0	0	0	0
9.925	0	0	0	0	0	0
9.975	0	0	0	0	0	0
